iter; type; time slot; d_nodes; s_nodes; pid; nslot; nhop
0; r; 9782; 1088; 162; 0; 9764; 7
0; r; 36073; 1088; 867; 4; 34552; 7
0; r; 56578; 1088; 777; 34; 44640; 4
0; r; 58500; 1088; 725; 81; 30882; 2
0; r; 59140; 1088; 759; 8; 56438; 9
0; r; 65550; 1088; 852; 38; 52577; 2
0; r; 85416; 1088; 320; 7; 82808; 7
0; r; 86698; 1088; 820; 40; 73426; 2
0; r; 90544; 1088; 875; 92; 58464; 5
0; r; 94389; 1088; 927; 57; 73723; 10
0; r; 99517; 1088; 860; 32; 88458; 7
0; r; 100158; 1088; 956; 80; 72631; 1
0; r; 101440; 1088; 711; 5; 99734; 4
0; r; 102081; 1088; 851; 60; 80452; 2
0; r; 116823; 1088; 783; 45; 101910; 2
0; r; 123233; 1088; 561; 51; 106374; 9
0; r; 128362; 1088; 679; 19; 123610; 5
0; r; 129644; 1088; 763; 83; 99897; 6
0; r; 130926; 1088; 776; 82; 101510; 3
0; r; 151440; 1088; 651; 52; 133551; 5
0; r; 163620; 1088; 1048; 15; 159396; 2
0; r; 174520; 1088; 425; 68; 150530; 6
0; r; 190544; 1088; 514; 89; 159168; 8
0; r; 214265; 1088; 909; 27; 206755; 4
0; r; 250807; 1088; 565; 65; 227646; 8
0; r; 257220; 1088; 282; 87; 226212; 6
0; r; 274534; 1088; 944; 46; 259548; 3
0; r; 278380; 1088; 285; 86; 247757; 7
0; r; 289280; 1088; 295; 39; 276125; 6
0; r; 291846; 1088; 32; 2; 291394; 9
0; r; 294411; 1088; 249; 66; 271190; 6
0; r; 705060; 1088; 710; 84; 674964; 5
0; r; 705701; 1088; 264; 23; 699616; 12
0; r; 708906; 1088; 270; 42; 695026; 11
0; r; 711470; 1088; 474; 18; 706773; 8
0; r; 713393; 1088; 1079; 63; 691343; 5
0; r; 726214; 1088; 1085; 95; 295237; 7
0; r; 739033; 1088; 53; 10; 735707; 13
0; r; 741597; 1088; 350; 29; 732612; 10
0; r; 745442; 1088; 362; 62; 723431; 5
0; r; 746083; 1088; 825; 36; 733709; 8
0; r; 751852; 1088; 1022; 67; 728477; 3
0; r; 753134; 1088; 298; 91; 721124; 10
0; r; 754415; 1088; 319; 26; 747098; 15
0; r; 758261; 1088; 567; 78; 731067; 10
0; r; 758902; 1088; 1087; 43; 744117; 3
0; r; 762748; 1088; 419; 17; 758101; 11
0; r; 774926; 1088; 112; 85; 744816; 9
0; r; 779413; 1088; 1047; 69; 755057; 4
0; r; 780054; 1088; 937; 41; 766548; 11
0; r; 790950; 1088; 649; 30; 781748; 6
0; r; 814663; 1088; 670; 54; 795603; 7
0; r; 818509; 1088; 993; 90; 786892; 13
0; r; 846712; 1088; 114; 94; 423022; 14
0; r; 857608; 1088; 231; 12; 853864; 10
0; r; 859531; 1088; 491; 28; 850726; 5
0; r; 864018; 1088; 799; 21; 858926; 6
0; r; 876838; 1088; 128; 20; 871813; 8
0; r; 888375; 1088; 510; 48; 872188; 6
0; r; 905681; 1088; 564; 75; 879664; 8
0; r; 907604; 1088; 56; 53; 888695; 8
0; r; 911449; 1088; 192; 37; 898980; 8
0; r; 914013; 1088; 662; 50; 897499; 10
0; r; 928753; 1088; 481; 3; 927525; 7
0; r; 962725; 1088; 141; 16; 958320; 11
0; r; 973622; 1088; 6; 31; 963109; 13
0; r; 988365; 1088; 764; 96; 557376; 17
0; r; 1022983; 1088; 1061; 22; 1017453; 6
0; r; 1042857; 1088; 594; 76; 1016332; 9
0; r; 1056319; 1088; 360; 14; 1052500; 7
0; r; 1506540; 1088; 1022; 184; 683165; 3
0; r; 1519359; 1088; 431; 24; 1513192; 16
0; r; 1526409; 1088; 705; 116; 722003; 9
0; r; 1532178; 1088; 861; 9; 1529197; 9
0; r; 1544356; 1088; 548; 88; 1513278; 7
0; r; 1553330; 1088; 855; 178; 731346; 2
0; r; 1555254; 1088; 429; 61; 1533297; 8
0; r; 1564870; 1088; 652; 170; 745887; 3
0; r; 1566793; 1088; 923; 174; 746435; 1
0; r; 1568075; 1088; 1005; 44; 1553237; 9
0; r; 1575126; 1088; 693; 73; 1549306; 8
0; r; 1576408; 1088; 885; 190; 751791; 3
0; r; 1577049; 1088; 202; 49; 1560542; 11
0; r; 1591790; 1088; 783; 155; 776877; 3
0; r; 1592430; 1088; 620; 127; 785173; 3
0; r; 1602686; 1088; 758; 101; 801946; 4
0; r; 1606532; 1088; 309; 74; 1580691; 9
0; r; 1612941; 1088; 332; 13; 1609150; 15
0; r; 1618710; 1088; 845; 179; 795946; 4
0; r; 1623197; 1088; 956; 204; 795670; 2
0; r; 1629607; 1088; 243; 79; 1602093; 15
0; r; 1634094; 1088; 786; 142; 824483; 4
0; r; 1637299; 1088; 910; 137; 828622; 4
0; r; 1655889; 1088; 166; 77; 1628971; 12
0; r; 1662299; 1088; 1080; 222; 830309; 2
0; r; 1662940; 1088; 260; 55; 1643079; 8
0; r; 1664222; 1088; 781; 153; 849740; 3
0; r; 1674477; 1088; 183; 6; 1672612; 10
0; r; 1694346; 1088; 220; 33; 1683099; 8
0; r; 1696910; 1088; 818; 105; 895017; 3
0; r; 1700756; 1088; 659; 119; 894845; 3
0; r; 1701397; 1088; 648; 70; 1676797; 10
0; r; 1717422; 1088; 904; 11; 1714061; 11
0; r; 1722550; 1088; 948; 154; 907805; 2
0; r; 1723832; 1088; 18; 56; 1703870; 9
0; r; 1730882; 1088; 1012; 166; 912356; 2
0; r; 1731523; 1088; 244; 25; 1724366; 9
0; r; 1740497; 1088; 551; 202; 913258; 5
0; r; 1754597; 1088; 691; 206; 925646; 3
0; r; 1755879; 1088; 952; 131; 948049; 3
0; r; 1756520; 1088; 689; 213; 925830; 4
0; r; 1757161; 1088; 236; 221; 925277; 10
0; r; 1759084; 1088; 153; 72; 1733291; 9
0; r; 1805240; 1088; 524; 162; 987630; 4
0; r; 1807163; 1088; 809; 172; 986983; 4
0; r; 1815496; 1088; 491; 138; 1006691; 5
0; r; 1823187; 1088; 512; 97; 1023132; 6
0; r; 1844986; 1088; 0; 58; 1823528; 14
0; r; 1871274; 1088; 750; 117; 1065714; 5
0; r; 2312850; 1088; 586; 194; 1487193; 5
0; r; 2314773; 1088; 31; 71; 2289500; 13
0; r; 2320541; 1088; 990; 158; 1504960; 10
0; r; 2330797; 1088; 408; 118; 1525102; 7
0; r; 2334643; 1088; 591; 130; 1526816; 5
0; r; 2340412; 1088; 350; 139; 1531427; 7
0; r; 2342976; 1088; 449; 103; 1541571; 8
0; r; 2344899; 1088; 854; 107; 1542976; 8
0; r; 2358358; 1088; 749; 159; 1542522; 7
0; r; 2360281; 1088; 325; 140; 1551198; 8
0; r; 2364767; 1088; 124; 168; 1545922; 9
0; r; 2376304; 1088; 172; 115; 1572102; 8
0; r; 2376945; 1088; 571; 143; 1567267; 7
0; r; 2380790; 1088; 674; 169; 1561814; 7
0; r; 2400659; 1088; 895; 102; 1599265; 8
0; r; 2401941; 1088; 940; 207; 1572976; 7
0; r; 2405145; 1088; 766; 141; 1596023; 8
0; r; 2413476; 1088; 531; 183; 1590454; 10
0; r; 2414758; 1088; 1039; 176; 1593171; 5
0; r; 2416680; 1088; 903; 212; 1586061; 6
0; r; 2417962; 1088; 999; 132; 1610090; 9
0; r; 2432063; 1088; 1073; 167; 1613511; 5
0; r; 2435267; 1088; 109; 208; 1606027; 11
0; r; 2443600; 1088; 27; 133; 1635499; 8
0; r; 2458985; 1088; 395; 112; 1655505; 7
0; r; 2462190; 1088; 643; 196; 1635638; 6
0; r; 2468600; 1088; 840; 109; 1665456; 6
0; r; 2470523; 1088; 444; 136; 1662010; 6
0; r; 2477574; 1088; 473; 160; 1661122; 7
0; r; 2498725; 1088; 947; 147; 1686040; 7
0; r; 2519876; 1088; 458; 123; 1713676; 7
0; r; 2531413; 1088; 995; 125; 1724590; 8
0; r; 2548079; 1088; 8; 64; 2525224; 14
0; r; 2557054; 1088; 83; 211; 1727328; 8
0; r; 2590387; 1088; 267; 199; 1763606; 8
0; r; 2594233; 1088; 282; 217; 1763225; 13
0; r; 2615386; 1088; 493; 193; 1789740; 4
0; r; 2618591; 1088; 165; 126; 1811604; 10
0; r; 2621155; 1088; 627; 171; 1801019; 8
0; r; 2656411; 1088; 199; 200; 1829586; 10
0; r; 2680771; 1088; 418; 205; 1853000; 8
0; r; 3104389; 1088; 567; 201; 2277195; 11
0; r; 3120414; 1088; 75; 197; 2293686; 9
0; r; 3125542; 1088; 1044; 203; 2298180; 8
0; r; 3135798; 1088; 636; 151; 2321486; 7
0; r; 3144771; 1088; 62; 195; 2318982; 8
0; r; 3146694; 1088; 100; 157; 2331148; 10
0; r; 3147335; 1088; 30; 104; 2345879; 8
0; r; 3149898; 1088; 498; 209; 2320615; 10
0; r; 3164000; 1088; 288; 215; 2333158; 10
0; r; 3168487; 1088; 904; 111; 2365126; 11
0; r; 3177462; 1088; 359; 145; 2365769; 10
0; r; 3179386; 1088; 858; 121; 2373230; 10
0; r; 3188360; 1088; 596; 186; 2364139; 10
0; r; 3189001; 1088; 268; 214; 2358167; 9
0; r; 3192847; 1088; 136; 164; 2375195; 9
0; r; 3196692; 1088; 303; 124; 2389989; 13
0; r; 3198615; 1088; 563; 173; 1979680; 12
0; r; 3215282; 1088; 311; 128; 2407722; 11
0; r; 3217846; 1088; 314; 150; 2404242; 7
0; r; 3221693; 1088; 175; 98; 2421479; 10
0; r; 3222334; 1088; 173; 148; 2409279; 10
0; r; 3226820; 1088; 127; 218; 2395705; 9
0; r; 3228102; 1088; 497; 182; 2405129; 12
0; r; 3230025; 1088; 958; 99; 2429638; 11
0; r; 3230666; 1088; 399; 152; 2416284; 14
0; r; 3249899; 1088; 312; 220; 2418142; 8
0; r; 3261437; 1088; 927; 175; 2440771; 12
0; r; 3272979; 1088; 64; 144; 2463038; 8
0; r; 3279390; 1088; 41; 198; 2452609; 10
0; r; 3285800; 1088; 863; 135; 2477556; 9
0; r; 3301829; 1088; 664; 114; 2498027; 9
0; r; 3324275; 1088; 91; 120; 2518348; 12
0; r; 3326841; 1088; 944; 156; 2511855; 7
0; r; 3344800; 1088; 1040; 223; 2512546; 7
0; r; 3353785; 1088; 960; 188; 2529399; 12
0; r; 3396763; 1088; 1065; 110; 2593557; 9
0; r; 3410246; 1088; 597; 161; 2593430; 12
0; r; 3417950; 1088; 241; 192; 2592556; 18
0; r; 3421807; 1088; 993; 219; 2590190; 18
0; r; 3464235; 1088; 10; 189; 2639680; 13
1; r; 12177; 1088; 578; 59; 12176; 5
1; r; 23713; 1088; 456; 38; 23712; 6
1; r; 40376; 1088; 636; 64; 40375; 6
1; r; 42939; 1088; 291; 26; 42938; 8
1; r; 46144; 1088; 975; 94; 46143; 5
1; r; 53195; 1088; 396; 32; 53194; 9
1; r; 58964; 1088; 52; 6; 58963; 6
1; r; 89728; 1088; 1019; 99; 89727; 1
1; r; 94215; 1088; 886; 82; 94214; 2
1; r; 103189; 1088; 728; 74; 103188; 10
1; r; 110240; 1088; 570; 57; 110239; 7
1; r; 117291; 1088; 790; 79; 117290; 4
1; r; 119213; 1088; 253; 22; 119212; 7
1; r; 128188; 1088; 889; 83; 128187; 1
1; r; 155109; 1088; 982; 95; 155108; 2
1; r; 158313; 1088; 744; 76; 158312; 4
1; r; 172415; 1088; 657; 66; 172414; 4
1; r; 189722; 1088; 908; 87; 189721; 4
1; r; 191004; 1088; 449; 37; 191003; 6
1; r; 199338; 1088; 742; 75; 199337; 6
1; r; 214725; 1088; 501; 46; 214724; 11
1; r; 218571; 1088; 926; 90; 218570; 8
1; r; 224981; 1088; 677; 67; 224980; 5
1; r; 232676; 1088; 713; 72; 232675; 5
1; r; 234600; 1088; 437; 36; 234599; 12
1; r; 241011; 1088; 577; 58; 241010; 5
1; r; 250628; 1088; 682; 68; 250627; 5
1; r; 262171; 1088; 687; 69; 262170; 3
1; r; 263453; 1088; 610; 61; 263452; 5
1; r; 266017; 1088; 1016; 98; 266016; 2
1; r; 282689; 1088; 558; 51; 282688; 5
1; r; 289101; 1088; 1064; 103; 289100; 5
1; r; 310263; 1088; 709; 71; 310262; 7
1; r; 313469; 1088; 617; 62; 313468; 4
1; r; 730884; 1088; 288; 25; 730883; 8
1; r; 732166; 1088; 136; 12; 732165; 10
1; r; 734089; 1088; 701; 70; 734088; 6
1; r; 762933; 1088; 172; 16; 762932; 9
1; r; 781521; 1088; 275; 24; 781520; 7
1; r; 790495; 1088; 726; 73; 790494; 9
1; r; 791777; 1088; 59; 7; 791776; 8
1; r; 801391; 1088; 377; 31; 801390; 7
1; r; 816774; 1088; 180; 17; 816773; 11
1; r; 817415; 1088; 913; 88; 817414; 7
1; r; 827672; 1088; 988; 96; 827671; 5
1; r; 835364; 1088; 469; 40; 835363; 9
1; r; 844979; 1088; 924; 89; 844978; 9
1; r; 848825; 1088; 322; 27; 848824; 12
1; r; 850748; 1088; 1021; 100; 850747; 6
1; r; 866133; 1088; 561; 53; 866132; 10
1; r; 869338; 1088; 559; 52; 869337; 5
1; r; 880234; 1088; 955; 91; 880233; 5
1; r; 898821; 1088; 130; 11; 898820; 11
1; r; 905231; 1088; 899; 84; 905230; 6
1; r; 921257; 1088; 518; 47; 921256; 10
1; r; 923180; 1088; 268; 23; 923179; 9
1; r; 939846; 1088; 900; 85; 939845; 9
1; r; 946255; 1088; 888; 204; 146254; 1
1; r; 953948; 1088; 1006; 97; 953947; 8
1; r; 958434; 1088; 211; 19; 958433; 9
1; r; 969331; 1088; 858; 80; 969330; 11
1; r; 969972; 1088; 373; 30; 969971; 8
1; r; 989844; 1088; 526; 48; 989843; 7
1; r; 1020612; 1088; 39; 5; 1020611; 11
1; r; 1023818; 1088; 37; 4; 1023817; 9
1; r; 1060358; 1088; 425; 34; 1060357; 7
1; r; 1064204; 1088; 959; 92; 1064203; 7
1; r; 1078308; 1088; 26; 2; 1078307; 14
1; r; 1087928; 1088; 78; 9; 1087927; 10
1; r; 1109093; 1088; 223; 20; 1109092; 12
1; r; 1116150; 1088; 1086; 222; 316149; 1
1; r; 1526869; 1088; 34; 3; 1526868; 12
1; r; 1528151; 1088; 913; 208; 728150; 4
1; r; 1530715; 1088; 486; 43; 1530714; 6
1; r; 1531356; 1088; 467; 39; 1531355; 12
1; r; 1555070; 1088; 223; 127; 755069; 5
1; r; 1557634; 1088; 748; 186; 757633; 10
1; r; 1562762; 1088; 951; 212; 762761; 5
1; r; 1565967; 1088; 921; 209; 765966; 2
1; r; 1571095; 1088; 141; 13; 1571094; 10
1; r; 1574299; 1088; 1045; 221; 774298; 2
1; r; 1614678; 1088; 160; 15; 1614677; 8
1; r; 1633906; 1088; 977; 214; 833905; 4
1; r; 1635188; 1088; 613; 172; 835187; 4
1; r; 1638392; 1088; 595; 167; 838391; 7
1; r; 1640956; 1088; 188; 18; 1640955; 8
1; r; 1644802; 1088; 686; 179; 844801; 3
1; r; 1647366; 1088; 866; 81; 1647365; 11
1; r; 1663390; 1088; 476; 41; 1663389; 11
1; r; 1664031; 1088; 682; 178; 864030; 4
1; r; 1683900; 1088; 497; 45; 1683899; 10
1; r; 1692233; 1088; 759; 77; 1692232; 9
1; r; 1697361; 1088; 154; 14; 1697360; 9
1; r; 1715309; 1088; 816; 196; 915308; 4
1; r; 1715950; 1088; 890; 205; 915949; 3
1; r; 1718514; 1088; 557; 159; 918513; 4
1; r; 1719796; 1088; 568; 56; 1719795; 9
1; r; 1720437; 1088; 494; 44; 1720436; 9
1; r; 1722360; 1088; 564; 54; 1722359; 12
1; r; 1743512; 1088; 246; 21; 1743511; 12
1; r; 1760818; 1088; 74; 8; 1760817; 9
1; r; 1773641; 1088; 715; 182; 973640; 4
1; r; 1810180; 1088; 430; 35; 1810179; 11
1; r; 1816591; 1088; 586; 164; 1016590; 9
1; r; 1817232; 1088; 589; 165; 1017231; 5
1; r; 1820436; 1088; 885; 203; 1020435; 3
1; r; 1823000; 1088; 583; 162; 1022999; 4
1; r; 1844154; 1088; 657; 175; 1044153; 4
1; r; 1875566; 1088; 519; 155; 1075565; 4
1; r; 2333057; 1088; 833; 199; 1533056; 6
1; r; 2334980; 1088; 389; 144; 1534979; 5
1; r; 2339467; 1088; 616; 173; 1539466; 5
1; r; 2344594; 1088; 143; 120; 1544593; 8
1; r; 2347798; 1088; 981; 215; 1547797; 6
1; r; 2351003; 1088; 870; 201; 1551002; 6
1; r; 2358695; 1088; 742; 185; 1558694; 7
1; r; 2359336; 1088; 477; 42; 2359335; 11
1; r; 2368310; 1088; 530; 49; 2368309; 10
1; r; 2369592; 1088; 805; 195; 1569591; 9
1; r; 2384334; 1088; 611; 171; 1584333; 6
1; r; 2386898; 1088; 283; 133; 1586897; 10
1; r; 2390103; 1088; 13; 0; 2390102; 13
1; r; 2394589; 1088; 937; 211; 1594588; 6
1; r; 2407409; 1088; 900; 206; 1607408; 7
1; r; 2410614; 1088; 691; 180; 1610613; 4
1; r; 2427280; 1088; 494; 153; 1627279; 7
1; r; 2432408; 1088; 197; 125; 1632407; 11
1; r; 2451637; 1088; 86; 111; 1651636; 9
1; r; 2454200; 1088; 590; 166; 1654199; 4
1; r; 2465096; 1088; 567; 55; 2465095; 12
1; r; 2472787; 1088; 92; 114; 1672786; 8
1; r; 2478555; 1088; 905; 207; 1678554; 6
1; r; 2481119; 1088; 968; 213; 1681118; 8
1; r; 2483042; 1088; 490; 152; 1683041; 5
1; r; 2483683; 1088; 551; 158; 1683682; 6
1; r; 2487529; 1088; 324; 137; 1687528; 11
1; r; 2489452; 1088; 832; 198; 1689451; 6
1; r; 2499707; 1088; 362; 28; 2499706; 16
1; r; 2504194; 1088; 538; 157; 1704193; 7
1; r; 2508040; 1088; 373; 141; 1708039; 6
1; r; 2518936; 1088; 286; 135; 1718935; 7
1; r; 2527911; 1088; 606; 170; 1727910; 7
1; r; 2528552; 1088; 765; 188; 1728551; 8
1; r; 2546500; 1088; 872; 202; 1746499; 7
1; r; 2550987; 1088; 773; 189; 1750986; 7
1; r; 2558039; 1088; 515; 154; 1758038; 7
1; r; 2566370; 1088; 296; 136; 1766369; 6
1; r; 2589448; 1088; 206; 126; 1789447; 9
1; r; 2594578; 1088; 271; 131; 1794577; 9
1; r; 2618939; 1088; 377; 142; 1818938; 6
1; r; 2620862; 1088; 571; 161; 1820861; 7
1; r; 2625990; 1088; 728; 184; 1825989; 7
1; r; 2628554; 1088; 428; 148; 1828553; 5
1; r; 2659329; 1088; 584; 163; 1859328; 4
1; r; 2694603; 1088; 133; 118; 1894602; 13
1; r; 2705511; 1088; 404; 146; 1905510; 8
1; r; 2715773; 1088; 93; 115; 1915772; 9
1; r; 3144663; 1088; 699; 181; 2344662; 9
1; r; 3147227; 1088; 134; 119; 2347226; 11
1; r; 3151714; 1088; 660; 176; 2351713; 8
1; r; 3155560; 1088; 276; 132; 2355559; 9
1; r; 3172868; 1088; 70; 108; 2372867; 8
1; r; 3173509; 1088; 101; 117; 2373508; 11
1; r; 3175432; 1088; 35; 105; 2375431; 9
1; r; 3179920; 1088; 1025; 219; 2379919; 12
1; r; 3180561; 1088; 60; 106; 2380560; 14
1; r; 3183125; 1088; 148; 121; 2383124; 9
1; r; 3199791; 1088; 1007; 218; 2399790; 7
1; r; 3208125; 1088; 663; 177; 2408124; 9
1; r; 3213894; 1088; 96; 116; 2413893; 8
1; r; 3252998; 1088; 830; 197; 2452997; 8
1; r; 3253639; 1088; 475; 150; 2453638; 7
1; r; 3254280; 1088; 89; 113; 2454279; 14
1; r; 3257486; 1088; 285; 134; 2457485; 10
1; r; 3269027; 1088; 344; 139; 2469026; 11
1; r; 3288260; 1088; 1029; 220; 2488259; 9
1; r; 3289544; 1088; 5; 104; 2489543; 11
1; r; 3310065; 1088; 764; 187; 2510064; 10
1; r; 3333801; 1088; 88; 112; 2533800; 10
1; r; 3336367; 1088; 796; 192; 2536366; 17
1; r; 3340859; 1088; 646; 174; 2540858; 7
1; r; 3345989; 1088; 785; 190; 2545988; 5
1; r; 3360740; 1088; 340; 138; 2560739; 8
1; r; 3378059; 1088; 599; 168; 2578058; 11
1; r; 3410790; 1088; 62; 107; 2610789; 15
1; r; 3417215; 1088; 793; 191; 2617214; 8
1; r; 3421066; 1088; 474; 149; 2621065; 7
1; r; 3431988; 1088; 388; 143; 2631987; 6
1; r; 3439057; 1088; 529; 156; 2639056; 14
1; r; 3448043; 1088; 363; 140; 2648042; 12
1; r; 3452534; 1088; 76; 109; 2652533; 11
1; r; 3457029; 1088; 175; 124; 2657028; 9
1; r; 3460884; 1088; 391; 145; 2660883; 12
1; r; 3466033; 1088; 411; 147; 2666032; 10
1; r; 3473755; 1088; 605; 169; 2673754; 8
1; r; 3476968; 1088; 236; 128; 2676967; 13
1; r; 3487280; 1088; 799; 194; 2687279; 8
1; r; 3490488; 1088; 397; 33; 3490487; 15
1; r; 3511731; 1088; 996; 217; 2711730; 15
1; r; 3512374; 1088; 990; 216; 2712373; 19
1; r; 3518194; 1088; 257; 129; 2718193; 9
1; r; 3520793; 1088; 165; 123; 2720792; 14
2; r; 14103; 1088; 911; 99; 14102; 3
2; r; 32686; 1088; 321; 28; 32685; 6
2; r; 44222; 1088; 837; 94; 44221; 4
2; r; 49350; 1088; 1020; 108; 49349; 1
2; r; 55119; 1088; 638; 71; 55118; 7
2; r; 65374; 1088; 821; 90; 65373; 3
2; r; 69861; 1088; 781; 84; 69860; 3
2; r; 70501; 1088; 391; 36; 70500; 7
2; r; 71142; 1088; 769; 83; 71141; 6
2; r; 73706; 1088; 888; 96; 73705; 1
2; r; 74347; 1088; 373; 32; 74346; 7
2; r; 76271; 1088; 696; 77; 76270; 9
2; r; 84603; 1088; 581; 67; 84602; 6
2; r; 105113; 1088; 515; 55; 105112; 5
2; r; 110241; 1088; 718; 80; 110240; 3
2; r; 121138; 1088; 998; 106; 121137; 8
2; r; 122420; 1088; 815; 89; 122419; 3
2; r; 136521; 1088; 690; 75; 136520; 4
2; r; 162159; 1088; 969; 104; 162158; 5
2; r; 167288; 1088; 679; 74; 167287; 4
2; r; 182031; 1088; 790; 85; 182030; 3
2; r; 209596; 1088; 310; 26; 209595; 11
2; r; 213443; 1088; 628; 69; 213442; 9
2; r; 214084; 1088; 811; 88; 214083; 3
2; r; 219853; 1088; 518; 56; 219852; 5
2; r; 221776; 1088; 415; 41; 221775; 5
2; r; 228827; 1088; 87; 13; 228826; 8
2; r; 237160; 1088; 573; 66; 237159; 7
2; r; 242289; 1088; 526; 58; 242288; 5
2; r; 244853; 1088; 520; 57; 244852; 4
2; r; 274348; 1088; 1010; 107; 274347; 2
2; r; 710035; 1088; 194; 21; 710034; 9
2; r; 719649; 1088; 1048; 109; 719648; 5
2; r; 726059; 1088; 676; 73; 726058; 9
2; r; 733751; 1088; 551; 64; 733750; 6
2; r; 742723; 1088; 631; 70; 742722; 7
2; r; 747210; 1088; 915; 100; 747209; 3
2; r; 751696; 1088; 546; 63; 751695; 9
2; r; 770284; 1088; 64; 8; 770283; 8
2; r; 771566; 1088; 376; 33; 771565; 11
2; r; 782461; 1088; 544; 61; 782460; 10
2; r; 786307; 1088; 46; 5; 786306; 9
2; r; 786948; 1088; 541; 59; 786947; 6
2; r; 797204; 1088; 934; 101; 797203; 6
2; r; 806180; 1088; 793; 86; 806179; 9
2; r; 813230; 1088; 248; 23; 813229; 8
2; r; 813870; 1088; 496; 50; 813869; 10
2; r; 817716; 1088; 254; 24; 817715; 9
2; r; 818357; 1088; 346; 30; 818356; 7
2; r; 826049; 1088; 218; 22; 826048; 11
2; r; 826690; 1088; 359; 31; 826689; 6
2; r; 828613; 1088; 387; 35; 828612; 10
2; r; 832459; 1088; 437; 42; 832458; 8
2; r; 833100; 1088; 447; 45; 833099; 7
2; r; 851047; 1088; 899; 97; 851046; 9
2; r; 870276; 1088; 713; 79; 870275; 6
2; r; 870917; 1088; 448; 46; 870916; 12
2; r; 874122; 1088; 117; 15; 874121; 7
2; r; 889505; 1088; 487; 49; 889504; 7
2; r; 893991; 1088; 411; 40; 893990; 7
2; r; 916427; 1088; 543; 60; 916426; 6
2; r; 921555; 1088; 1077; 111; 921554; 4
2; r; 926042; 1088; 800; 87; 926041; 8
2; r; 932451; 1088; 400; 38; 932450; 12
2; r; 959372; 1088; 131; 17; 959371; 11
2; r; 972835; 1088; 466; 48; 972834; 10
2; r; 990141; 1088; 545; 62; 990140; 5
2; r; 1022196; 1088; 100; 14; 1022195; 13
2; r; 1028607; 1088; 830; 93; 1028606; 7
2; r; 1031812; 1088; 513; 54; 1031811; 7
2; r; 1054250; 1088; 766; 82; 1054249; 9
2; r; 1056172; 1088; 439; 43; 1056171; 8
2; r; 1068353; 1088; 506; 52; 1068352; 9
2; r; 1101693; 1088; 1073; 110; 1101692; 4
2; r; 1519037; 1088; 813; 192; 719036; 3
2; r; 1520960; 1088; 985; 203; 720959; 2
2; r; 1524165; 1088; 899; 199; 724164; 9
2; r; 1536984; 1088; 721; 181; 736983; 3
2; r; 1539548; 1088; 316; 27; 1539547; 7
2; r; 1544035; 1088; 725; 81; 1544034; 7
2; r; 1544676; 1088; 335; 29; 1544675; 12
2; r; 1547880; 1088; 126; 16; 1547879; 8
2; r; 1560700; 1088; 668; 171; 760699; 6
2; r; 1563905; 1088; 67; 9; 1563904; 9
2; r; 1568392; 1088; 454; 150; 768391; 5
2; r; 1581854; 1088; 84; 12; 1581853; 9
2; r; 1584418; 1088; 48; 6; 1584417; 9
2; r; 1594674; 1088; 786; 188; 794673; 3
2; r; 1597237; 1088; 524; 155; 797236; 7
2; r; 1599160; 1088; 883; 198; 799159; 3
2; r; 1609416; 1088; 1050; 210; 809415; 7
2; r; 1621595; 1088; 780; 186; 821594; 5
2; r; 1622877; 1088; 511; 53; 1622876; 9
2; r; 1642103; 1088; 755; 183; 842102; 3
2; r; 1646589; 1088; 191; 20; 1646588; 11
2; r; 1656204; 1088; 285; 134; 856203; 6
2; r; 1658127; 1088; 55; 7; 1658126; 18
2; r; 1663896; 1088; 686; 177; 863895; 4
2; r; 1665819; 1088; 838; 95; 1665818; 7
2; r; 1671588; 1088; 777; 185; 871587; 5
2; r; 1672870; 1088; 409; 39; 1672869; 9
2; r; 1694663; 1088; 664; 72; 1694662; 8
2; r; 1697868; 1088; 141; 19; 1697867; 8
2; r; 1717739; 1088; 255; 25; 1717738; 8
2; r; 1719662; 1088; 647; 168; 919661; 4
2; r; 1745941; 1088; 548; 159; 945940; 5
2; r; 1770940; 1088; 974; 105; 1770939; 8
2; r; 1774144; 1088; 826; 92; 1774143; 11
2; r; 1775426; 1088; 879; 197; 975425; 3
2; r; 1781195; 1088; 9; 0; 1781194; 14
2; r; 1781836; 1088; 397; 37; 1781835; 11
2; r; 1787605; 1088; 962; 102; 1787604; 8
2; r; 1802991; 1088; 801; 190; 1002990; 6
2; r; 1804914; 1088; 230; 131; 1004913; 5
2; r; 1806196; 1088; 1046; 209; 1006195; 6
2; r; 1808119; 1088; 644; 167; 1008118; 9
2; r; 1813247; 1088; 493; 154; 1013246; 4
2; r; 1820298; 1088; 379; 34; 1820297; 11
2; r; 1825429; 1088; 776; 184; 1025428; 5
2; r; 1844665; 1088; 1021; 206; 1044664; 3
2; r; 1853638; 1088; 904; 200; 1053637; 4
2; r; 1854921; 1088; 698; 78; 1854920; 10
2; r; 2320837; 1088; 194; 126; 1520836; 6
2; r; 2322119; 1088; 968; 201; 1522118; 11
2; r; 2343270; 1088; 1071; 212; 1543269; 5
2; r; 2350961; 1088; 355; 139; 1550960; 5
2; r; 2366345; 1088; 672; 173; 1566344; 6
2; r; 2370832; 1088; 18; 1; 2370831; 11
2; r; 2383011; 1088; 225; 130; 1583010; 6
2; r; 2386215; 1088; 538; 157; 1586214; 6
2; r; 2391344; 1088; 1030; 207; 1591343; 5
2; r; 2404805; 1088; 1000; 204; 1604804; 8
2; r; 2405446; 1088; 969; 202; 1605445; 6
2; r; 2406087; 1088; 209; 127; 1606086; 8
2; r; 2420830; 1088; 541; 158; 1620829; 6
2; r; 2424035; 1088; 471; 151; 1624034; 7
2; r; 2431085; 1088; 610; 164; 1631084; 6
2; r; 2434290; 1088; 135; 18; 2434289; 10
2; r; 2436212; 1088; 811; 191; 1636211; 6
2; r; 2440699; 1088; 678; 176; 1640698; 6
2; r; 2446468; 1088; 464; 47; 2446467; 12
2; r; 2447750; 1088; 405; 144; 1647749; 9
2; r; 2449032; 1088; 677; 175; 1649031; 7
2; r; 2449673; 1088; 445; 149; 1649672; 8
2; r; 2458647; 1088; 411; 145; 1658646; 6
2; r; 2461211; 1088; 427; 147; 1661210; 8
2; r; 2462493; 1088; 40; 4; 2462492; 16
2; r; 2472748; 1088; 498; 51; 2472747; 11
2; r; 2476594; 1088; 869; 196; 1676593; 9
2; r; 2494542; 1088; 133; 122; 1694541; 12
2; r; 2502235; 1088; 289; 135; 1702234; 7
2; r; 2509927; 1088; 781; 187; 1709926; 7
2; r; 2511849; 1088; 472; 152; 1711848; 8
2; r; 2519542; 1088; 401; 142; 1719541; 10
2; r; 2520824; 1088; 403; 143; 1720823; 7
2; r; 2522106; 1088; 222; 129; 1722105; 9
2; r; 2532362; 1088; 85; 118; 1732361; 9
2; r; 2554156; 1088; 214; 128; 1754155; 7
2; r; 2560565; 1088; 561; 65; 2560564; 13
2; r; 2583002; 1088; 390; 141; 1783001; 7
2; r; 2586207; 1088; 147; 124; 1786206; 8
2; r; 2598387; 1088; 600; 162; 1798386; 15
2; r; 2605438; 1088; 554; 161; 1805437; 6
2; r; 2607363; 1088; 425; 146; 1807362; 9
2; r; 2613132; 1088; 550; 160; 1813131; 9
2; r; 2638135; 1088; 859; 195; 1838134; 11
2; r; 2640058; 1088; 40; 114; 1840057; 9
2; r; 2641982; 1088; 602; 163; 1841981; 7
2; r; 2645187; 1088; 31; 2; 2645186; 10
2; r; 2648392; 1088; 700; 179; 1848391; 10
2; r; 2655444; 1088; 1035; 208; 1855443; 7
2; r; 2659935; 1088; 31; 113; 1859934; 9
2; r; 2664422; 1088; 489; 153; 1864421; 8
2; r; 2668912; 1088; 81; 117; 1868911; 9
2; r; 2684942; 1088; 441; 148; 1884941; 8
2; r; 2690071; 1088; 267; 133; 1890070; 11
2; r; 2697771; 1088; 633; 166; 1897770; 8
2; r; 3109644; 1088; 134; 123; 2309643; 12
2; r; 3132087; 1088; 99; 119; 2332086; 12
2; r; 3135292; 1088; 47; 115; 2335291; 14
2; r; 3148116; 1088; 1066; 211; 2348115; 15
2; r; 3150039; 1088; 107; 120; 2350038; 12
2; r; 3151320; 1088; 298; 137; 2351319; 11
2; r; 3158371; 1088; 727; 182; 2358370; 14
2; r; 3169266; 1088; 371; 140; 2369265; 12
2; r; 3179523; 1088; 337; 138; 2379522; 10
2; r; 3183370; 1088; 38; 3; 3183369; 16
2; r; 3216071; 1088; 125; 121; 2416070; 14
2; r; 3255189; 1088; 49; 116; 2455188; 11
2; r; 3268658; 1088; 669; 172; 2468657; 8
2; r; 3276356; 1088; 11; 112; 2476355; 12
2; r; 3293686; 1088; 1005; 205; 2493685; 9
2; r; 3337335; 1088; 528; 156; 2537334; 16
2; r; 3375253; 1088; 264; 132; 2575252; 12
2; r; 3399746; 1088; 664; 170; 2599745; 15
3; r; 7055; 1088; 954; 99; 7054; 1
3; r; 14749; 1088; 873; 94; 14748; 4
3; r; 19233; 1088; 986; 103; 19232; 1
3; r; 33331; 1088; 843; 89; 33330; 5
3; r; 43587; 1088; 948; 98; 43586; 3
3; r; 52561; 1088; 767; 80; 52560; 6
3; r; 60249; 1088; 720; 77; 60248; 4
3; r; 66015; 1088; 817; 87; 66014; 4
3; r; 96139; 1088; 451; 46; 96138; 8
3; r; 104471; 1088; 202; 21; 104470; 9
3; r; 112805; 1088; 1016; 107; 112804; 1
3; r; 123058; 1088; 239; 27; 123057; 8
3; r; 142928; 1088; 536; 59; 142927; 7
3; r; 169848; 1088; 1085; 112; 169847; 1
3; r; 174334; 1088; 639; 68; 174333; 5
3; r; 182026; 1088; 223; 25; 182025; 8
3; r; 183950; 1088; 255; 31; 183949; 8
3; r; 187795; 1088; 573; 63; 187794; 6
3; r; 200614; 1088; 771; 82; 200613; 8
3; r; 223046; 1088; 1008; 106; 223045; 4
3; r; 238432; 1088; 113; 13; 238431; 10
3; r; 260229; 1088; 711; 76; 260228; 4
3; r; 267280; 1088; 739; 79; 267279; 7
3; r; 273051; 1088; 778; 84; 273050; 4
3; r; 329493; 1088; 844; 90; 329492; 5
3; r; 346815; 1088; 548; 61; 346814; 6
3; r; 768229; 1088; 318; 36; 768228; 5
3; r; 773357; 1088; 523; 58; 773356; 7
3; r; 777203; 1088; 705; 75; 777202; 6
3; r; 779126; 1088; 494; 54; 779125; 4
3; r; 791943; 1088; 872; 93; 791942; 7
3; r; 795148; 1088; 1003; 105; 795147; 15
3; r; 802839; 1088; 653; 70; 802838; 21
3; r; 804121; 1088; 458; 48; 804120; 4
3; r; 809249; 1088; 871; 92; 809248; 9
3; r; 812454; 1088; 490; 52; 812453; 4
3; r; 819504; 1088; 791; 85; 819503; 9
3; r; 838090; 1088; 403; 43; 838089; 15
3; r; 845141; 1088; 414; 45; 845140; 8
3; r; 850909; 1088; 326; 37; 850908; 6
3; r; 857957; 1088; 975; 102; 857956; 7
3; r; 863725; 1088; 491; 53; 863724; 5
3; r; 864366; 1088; 541; 60; 864365; 11
3; r; 866289; 1088; 932; 97; 866288; 6
3; r; 869493; 1088; 123; 14; 869492; 8
3; r; 880389; 1088; 967; 101; 880388; 5
3; r; 886157; 1088; 2; 1; 886156; 13
3; r; 893849; 1088; 930; 96; 893848; 10
3; r; 895772; 1088; 605; 66; 895771; 9
3; r; 897054; 1088; 328; 38; 897053; 5
3; r; 906668; 1088; 286; 34; 906667; 8
3; r; 931667; 1088; 646; 69; 931666; 7
3; r; 944489; 1088; 575; 64; 944488; 7
3; r; 945130; 1088; 673; 73; 945129; 5
3; r; 948976; 1088; 515; 57; 948975; 8
3; r; 960513; 1088; 825; 88; 960512; 9
3; r; 962436; 1088; 453; 47; 962435; 8
3; r; 963718; 1088; 1034; 108; 963717; 6
3; r; 971409; 1088; 282; 33; 971408; 6
3; r; 973973; 1088; 1016; 216; 173972; 1
3; r; 974614; 1088; 495; 55; 974613; 14
3; r; 1000254; 1088; 584; 65; 1000253; 11
3; r; 1006665; 1088; 489; 51; 1006664; 5
3; r; 1027179; 1088; 566; 62; 1027178; 8
3; r; 1033589; 1088; 20; 4; 1033588; 10
3; r; 1034872; 1088; 956; 100; 1034871; 12
3; r; 1043207; 1088; 799; 86; 1043206; 5
3; r; 1060514; 1088; 377; 42; 1060513; 9
3; r; 1064360; 1088; 772; 83; 1064359; 7
3; r; 1572693; 1088; 485; 50; 1572692; 8
3; r; 1586795; 1088; 1; 0; 1586794; 13
3; r; 1595126; 1088; 35; 6; 1595125; 13
3; r; 1595766; 1088; 213; 23; 1595765; 12
3; r; 1607304; 1088; 451; 160; 807303; 4
3; r; 1611150; 1088; 345; 40; 1611149; 7
3; r; 1625890; 1088; 235; 26; 1625889; 10
3; r; 1627171; 1088; 477; 49; 1627170; 7
3; r; 1639350; 1088; 882; 199; 839349; 4
3; r; 1643196; 1088; 1080; 223; 843195; 2
3; r; 1645119; 1088; 910; 200; 845118; 3
3; r; 1656017; 1088; 1043; 218; 856016; 4
3; r; 1670759; 1088; 697; 74; 1670758; 10
3; r; 1689990; 1088; 956; 208; 889989; 7
3; r; 1691272; 1088; 591; 175; 891271; 7
3; r; 1695759; 1088; 917; 201; 895758; 3
3; r; 1726526; 1088; 107; 12; 1726525; 10
3; r; 1729090; 1088; 329; 39; 1729089; 6
3; r; 1736141; 1088; 658; 179; 936140; 3
3; r; 1739987; 1088; 815; 192; 939986; 3
3; r; 1752164; 1088; 873; 198; 952163; 7
3; r; 1753446; 1088; 66; 8; 1753445; 11
3; r; 1754728; 1088; 923; 203; 954727; 6
3; r; 1761779; 1088; 865; 91; 1761778; 7
3; r; 1772676; 1088; 247; 30; 1772675; 10
3; r; 1791903; 1088; 581; 173; 991902; 6
3; r; 1798314; 1088; 727; 78; 1798313; 10
3; r; 1816262; 1088; 661; 71; 1816261; 9
3; r; 1820108; 1088; 725; 183; 1020107; 3
3; r; 1828442; 1088; 1069; 221; 1028441; 5
3; r; 1831006; 1088; 967; 210; 1031005; 5
3; r; 1861778; 1088; 746; 185; 1061777; 4
3; r; 1863701; 1088; 470; 163; 1063700; 8
3; r; 1877809; 1088; 922; 202; 1077808; 9
3; r; 1898327; 1088; 608; 67; 1898326; 10
3; r; 1913078; 1088; 484; 165; 1113077; 6
3; r; 1924618; 1088; 323; 148; 1124617; 6
3; r; 2381815; 1088; 944; 206; 1581814; 5
3; r; 2398480; 1088; 573; 172; 1598479; 6
3; r; 2401685; 1088; 715; 182; 1601684; 4
3; r; 2408737; 1088; 606; 176; 1608736; 6
3; r; 2411942; 1088; 732; 184; 1611941; 9
3; r; 2438861; 1088; 1045; 219; 1638860; 4
3; r; 2445270; 1088; 411; 154; 1645269; 6
3; r; 2452962; 1088; 974; 212; 1652961; 8
3; r; 2454243; 1088; 1034; 217; 1654242; 7
3; r; 2457448; 1088; 537; 168; 1657447; 7
3; r; 2460012; 1088; 869; 197; 1660011; 6
3; r; 2461294; 1088; 952; 207; 1661293; 4
3; r; 2462576; 1088; 316; 147; 1662575; 10
3; r; 2465780; 1088; 552; 170; 1665779; 6
3; r; 2471549; 1088; 67; 9; 2471548; 15
3; r; 2474113; 1088; 174; 19; 2474112; 13
3; r; 2477958; 1088; 19; 3; 2477957; 11
3; r; 2479240; 1088; 515; 167; 1679239; 6
3; r; 2481162; 1088; 474; 164; 1681161; 9
3; r; 2495264; 1088; 196; 128; 1695263; 8
3; r; 2495905; 1088; 81; 117; 1695904; 10
3; r; 2502315; 1088; 374; 152; 1702314; 7
3; r; 2503597; 1088; 137; 15; 2503596; 10
3; r; 2506802; 1088; 550; 169; 1706801; 5
3; r; 2521541; 1088; 656; 178; 1721540; 6
3; r; 2525385; 1088; 446; 159; 1725384; 6
3; r; 2531795; 1088; 218; 133; 1731794; 8
3; r; 2551668; 1088; 1072; 222; 1751667; 5
3; r; 2564489; 1088; 283; 142; 1764488; 8
3; r; 2579229; 1088; 354; 150; 1779228; 7
3; r; 2586921; 1088; 313; 146; 1786920; 9
3; r; 2597177; 1088; 977; 213; 1797176; 6
3; r; 2603587; 1088; 201; 129; 1803586; 13
3; r; 2606793; 1088; 260; 135; 1806792; 7
3; r; 2610641; 1088; 798; 190; 1810640; 11
3; r; 2613205; 1088; 612; 177; 1813204; 8
3; r; 2627307; 1088; 427; 156; 1827306; 6
3; r; 2642693; 1088; 142; 16; 2642692; 11
3; r; 2644616; 1088; 445; 158; 1844615; 9
3; r; 2646539; 1088; 72; 10; 2646538; 10
3; r; 2656795; 1088; 768; 188; 1856794; 7
3; r; 2672183; 1088; 457; 162; 1872182; 6
3; r; 2674749; 1088; 65; 116; 1874748; 8
3; r; 2699759; 1088; 934; 204; 1899758; 6
3; r; 2705531; 1088; 454; 161; 1905530; 6
3; r; 2733759; 1088; 748; 186; 1933758; 7
3; r; 3166451; 1088; 18; 2; 3166450; 17
3; r; 3169656; 1088; 149; 122; 2369655; 9
3; r; 3172862; 1088; 38; 114; 2372861; 13
3; r; 3175426; 1088; 337; 149; 2375425; 8
3; r; 3179914; 1088; 311; 145; 2379913; 9
3; r; 3181196; 1088; 263; 137; 2381195; 9
3; r; 3195299; 1088; 233; 134; 2395298; 11
3; r; 3208761; 1088; 206; 130; 2408760; 14
3; r; 3217734; 1088; 276; 138; 2417733; 13
3; r; 3226069; 1088; 300; 144; 2426068; 12
3; r; 3230556; 1088; 143; 120; 2430555; 11
3; r; 3234403; 1088; 764; 187; 2434402; 9
3; r; 3248508; 1088; 368; 151; 2448507; 13
3; r; 3252354; 1088; 110; 119; 2452353; 10
3; r; 3263895; 1088; 700; 180; 2463894; 10
3; r; 3269668; 1088; 29; 113; 2469667; 11
3; r; 3274797; 1088; 711; 181; 2474796; 10
3; r; 3276721; 1088; 568; 171; 2476720; 9
3; r; 3301730; 1088; 936; 205; 2501729; 8
3; r; 3303656; 1088; 992; 214; 2503655; 11
3; r; 3316486; 1088; 277; 139; 2516485; 10
3; r; 3318410; 1088; 292; 143; 2518409; 8
3; r; 3345349; 1088; 1064; 220; 2545348; 10
3; r; 3345990; 1088; 420; 155; 2545989; 7
3; r; 3363949; 1088; 42; 115; 2563948; 13
3; r; 3369724; 1088; 210; 131; 2569723; 9
3; r; 3386414; 1088; 498; 166; 2586413; 12
3; r; 3390265; 1088; 994; 215; 2590264; 10
3; r; 3399255; 1088; 147; 121; 2599254; 9
3; r; 3400537; 1088; 962; 209; 2600536; 7
3; r; 3406317; 1088; 153; 123; 2606316; 15
3; r; 3424294; 1088; 84; 118; 2624293; 12
3; r; 3437130; 1088; 212; 132; 2637129; 9
3; r; 3452550; 1088; 436; 157; 2338424; 12
3; r; 3464799; 1088; 165; 125; 2664798; 15
4; r; 14103; 1088; 882; 93; 14102; 2
4; r; 23717; 1088; 747; 84; 23716; 4
4; r; 41022; 1088; 754; 85; 41021; 2
4; r; 58967; 1088; 916; 97; 58966; 2
4; r; 69222; 1088; 670; 69; 69221; 5
4; r; 78195; 1088; 1019; 110; 78194; 1
4; r; 91014; 1088; 457; 45; 91013; 5
4; r; 92295; 1088; 490; 48; 92294; 5
4; r; 504067; 1088; 889; 94; 504066; 1
4; r; 536130; 1088; 684; 73; 536129; 5
4; r; 578441; 1088; 148; 15; 578440; 13
4; r; 579723; 1088; 454; 43; 579722; 8
4; r; 580364; 1088; 456; 44; 580363; 5
4; r; 584850; 1088; 147; 14; 584849; 9
4; r; 604719; 1088; 625; 63; 604718; 14
4; r; 614976; 1088; 903; 96; 614975; 7
4; r; 615617; 1088; 607; 61; 615616; 6
4; r; 648309; 1088; 506; 49; 648308; 7
4; r; 651514; 1088; 842; 89; 651513; 7
4; r; 655361; 1088; 281; 29; 655360; 8
4; r; 659207; 1088; 618; 62; 659206; 4
4; r; 663694; 1088; 547; 53; 663693; 5
4; r; 669463; 1088; 570; 56; 669462; 7
4; r; 700870; 1088; 733; 81; 700869; 6
4; r; 701510; 1088; 564; 55; 701509; 9
4; r; 710484; 1088; 1044; 112; 710483; 8
4; r; 730354; 1088; 716; 77; 730353; 5
4; r; 734841; 1088; 401; 38; 734840; 14
4; r; 736123; 1088; 653; 67; 736122; 5
4; r; 736764; 1088; 309; 31; 736763; 6
4; r; 748942; 1088; 654; 68; 748941; 4
4; r; 750224; 1088; 979; 107; 750223; 7
4; r; 763685; 1088; 427; 41; 763684; 5
4; r; 765608; 1088; 393; 37; 765607; 5
4; r; 777786; 1088; 961; 102; 777785; 7
4; r; 779068; 1088; 683; 72; 779067; 6
4; r; 788041; 1088; 546; 52; 788040; 5
4; r; 796372; 1088; 552; 54; 796371; 5
4; r; 802140; 1088; 840; 88; 802139; 6
4; r; 823929; 1088; 645; 66; 823928; 6
4; r; 850206; 1088; 926; 99; 850205; 7
4; r; 852770; 1088; 128; 10; 852769; 8
4; r; 868154; 1088; 453; 42; 868153; 11
4; r; 872640; 1088; 995; 108; 872639; 9
4; r; 884178; 1088; 1062; 114; 884177; 8
4; r; 885460; 1088; 592; 57; 885459; 7
4; r; 894435; 1088; 724; 78; 894434; 7
4; r; 1300237; 1088; 820; 204; 500236; 3
4; r; 1313707; 1088; 898; 95; 1313706; 7
4; r; 1317554; 1088; 543; 51; 1317553; 11
4; r; 1329096; 1088; 208; 22; 1329095; 13
4; r; 1357306; 1088; 259; 26; 1357305; 8
4; r; 1357947; 1088; 17; 1; 1357946; 14
4; r; 1367564; 1088; 406; 39; 1367563; 8
4; r; 1368205; 1088; 885; 209; 568204; 3
4; r; 1372693; 1088; 672; 70; 1372692; 7
4; r; 1390643; 1088; 722; 194; 590642; 3
4; r; 1393848; 1088; 1048; 231; 593847; 2
4; r; 1402181; 1088; 1014; 225; 602180; 2
4; r; 1424615; 1088; 912; 213; 624614; 2
4; r; 1427820; 1088; 321; 32; 1427819; 11
4; r; 1452820; 1088; 918; 216; 652819; 2
4; r; 1456666; 1088; 470; 46; 1456665; 7
4; r; 1466922; 1088; 75; 6; 1466921; 11
4; r; 1473972; 1088; 679; 71; 1473971; 9
4; r; 1498328; 1088; 639; 65; 1498327; 12
4; r; 1498969; 1088; 1079; 234; 698968; 2
4; r; 1518199; 1088; 731; 80; 1518198; 8
4; r; 1523325; 1088; 794; 87; 1523324; 8
4; r; 1533580; 1088; 879; 92; 1533579; 9
4; r; 1540631; 1088; 392; 156; 740630; 5
4; r; 1541913; 1088; 242; 25; 1541912; 9
4; r; 1547041; 1088; 203; 21; 1547040; 11
4; r; 1550887; 1088; 1085; 235; 750886; 1
4; r; 1552168; 1088; 693; 74; 1552167; 10
4; r; 1556014; 1088; 370; 35; 1556013; 7
4; r; 1570756; 1088; 28; 3; 1570755; 11
4; r; 1571397; 1088; 31; 4; 1571396; 13
4; r; 1573320; 1088; 966; 103; 1573319; 5
4; r; 1581012; 1088; 136; 11; 1581011; 13
4; r; 1593832; 1088; 925; 98; 1593831; 11
4; r; 1602804; 1088; 32; 5; 1602803; 11
4; r; 1606006; 1088; 1019; 226; 806005; 2
4; r; 1607929; 1088; 1007; 224; 807928; 3
4; r; 1621388; 1088; 736; 83; 1621387; 6
4; r; 1623951; 1088; 605; 60; 1623950; 7
4; r; 1624592; 1088; 1061; 113; 1624591; 7
4; r; 1643822; 1088; 1054; 232; 843821; 2
4; r; 1645104; 1088; 984; 222; 845103; 3
4; r; 1649590; 1088; 917; 215; 849589; 2
4; r; 1653436; 1088; 910; 212; 853435; 4
4; r; 1654077; 1088; 690; 190; 854076; 3
4; r; 1657281; 1088; 197; 19; 1657280; 8
4; r; 1666897; 1088; 718; 193; 866896; 3
4; r; 2151374; 1088; 915; 214; 1351373; 3
4; r; 2154579; 1088; 595; 58; 2154578; 9
4; r; 2155220; 1088; 686; 189; 1355219; 4
4; r; 2172532; 1088; 980; 221; 1372531; 5
4; r; 2174455; 1088; 867; 91; 2174454; 9
4; r; 2185352; 1088; 860; 90; 2185351; 15
4; r; 2192403; 1088; 291; 30; 2192402; 8
4; r; 2224453; 1088; 695; 76; 2224452; 17
4; r; 2230223; 1088; 969; 105; 2230222; 10
4; r; 2233427; 1088; 979; 220; 1433426; 3
4; r; 2244324; 1088; 765; 86; 2244323; 9
4; r; 2248171; 1088; 518; 50; 2248170; 8
4; r; 2250094; 1088; 138; 12; 2250093; 14
4; r; 2256504; 1088; 1046; 230; 1456503; 3
4; r; 2281502; 1088; 1073; 115; 2281501; 11
4; r; 2282143; 1088; 170; 18; 2282142; 11
4; r; 2293683; 1088; 125; 9; 2293682; 9
4; r; 2297529; 1088; 560; 171; 1497528; 3
4; r; 2301374; 1088; 973; 106; 2301373; 13
4; r; 2305219; 1088; 747; 196; 1505218; 4
4; r; 2325089; 1088; 346; 152; 1525088; 6
4; r; 2326371; 1088; 776; 200; 1526370; 4
4; r; 2340471; 1088; 191; 132; 1540470; 6
4; r; 2345599; 1088; 12; 117; 1545598; 10
4; r; 2346881; 1088; 422; 40; 2346880; 18
4; r; 2350727; 1088; 236; 23; 2350726; 12
4; r; 2358418; 1088; 886; 210; 1558417; 4
4; r; 2359059; 1088; 626; 180; 1559058; 5
4; r; 2359700; 1088; 1026; 111; 2359699; 10
4; r; 2360982; 1088; 369; 34; 2360981; 10
4; r; 2362905; 1088; 727; 79; 2362904; 15
4; r; 2363546; 1088; 601; 176; 1563545; 7
4; r; 2366110; 1088; 572; 173; 1566109; 6
4; r; 2366751; 1088; 977; 219; 1566750; 4
4; r; 2373160; 1088; 1006; 109; 2373159; 10
4; r; 2380851; 1088; 111; 8; 2380850; 9
4; r; 2382774; 1088; 19; 2; 2382773; 11
4; r; 2387902; 1088; 201; 20; 2387901; 11
4; r; 2402002; 1088; 629; 64; 2402001; 11
4; r; 2405207; 1088; 603; 59; 2405206; 7
4; r; 2406488; 1088; 294; 148; 1606487; 7
4; r; 2408410; 1088; 261; 141; 1608409; 5
4; r; 2413537; 1088; 964; 218; 1613536; 6
4; r; 2418665; 1088; 537; 170; 1618664; 8
4; r; 2421870; 1088; 263; 27; 2421869; 17
4; r; 2425716; 1088; 684; 188; 1625715; 5
4; r; 2432766; 1088; 667; 184; 1632765; 7
4; r; 2462249; 1088; 426; 162; 1662248; 6
4; r; 2466093; 1088; 592; 174; 1666092; 4
4; r; 2468016; 1088; 744; 195; 1668015; 7
4; r; 2475707; 1088; 759; 197; 1675706; 9
4; r; 2942017; 1088; 628; 182; 2142016; 9
4; r; 2943941; 1088; 291; 147; 2143940; 7
4; r; 2950993; 1088; 275; 145; 2150992; 9
4; r; 2958688; 1088; 238; 137; 2158687; 8
4; r; 2959970; 1088; 827; 205; 2159969; 9
4; r; 2979204; 1088; 57; 119; 2179203; 7
4; r; 2982411; 1088; 360; 153; 2182410; 6
4; r; 2995873; 1088; 244; 138; 2195872; 7
4; r; 2998437; 1088; 308; 149; 2198436; 8
4; r; 3020235; 1088; 1034; 229; 2220234; 7
4; r; 3026004; 1088; 394; 157; 2226003; 6
4; r; 3036258; 1088; 370; 154; 2236257; 8
4; r; 3059336; 1088; 807; 202; 2259335; 7
4; r; 3059977; 1088; 414; 160; 2259976; 7
4; r; 3064464; 1088; 381; 155; 2264463; 7
4; r; 3081771; 1088; 136; 129; 2281770; 10
4; r; 3089464; 1088; 567; 172; 2289463; 8
4; r; 3094593; 1088; 1024; 227; 2294592; 8
4; r; 3096516; 1088; 402; 159; 2296515; 7
4; r; 3099721; 1088; 421; 161; 2299720; 7
4; r; 3108053; 1088; 808; 203; 2308052; 8
4; r; 3114461; 1088; 961; 217; 2314460; 10
4; r; 3115743; 1088; 401; 158; 2315742; 9
4; r; 3116384; 1088; 441; 166; 2316383; 7
4; r; 3119589; 1088; 274; 144; 2319588; 10
4; r; 3122152; 1088; 146; 13; 3122151; 12
4; r; 3133049; 1088; 669; 185; 2333048; 7
4; r; 3135613; 1088; 156; 16; 3135612; 9
4; r; 3138177; 1088; 839; 206; 2338176; 10
4; r; 3139459; 1088; 135; 128; 2339458; 11
4; r; 3143945; 1088; 499; 169; 2343944; 7
4; r; 3144586; 1088; 931; 100; 3144585; 11
4; r; 3147150; 1088; 613; 178; 2347149; 7
4; r; 3165738; 1088; 627; 181; 2365737; 8
4; r; 3166379; 1088; 440; 165; 2366378; 7
4; r; 3168302; 1088; 1058; 233; 2368301; 9
4; r; 3172148; 1088; 252; 140; 2372147; 8
4; r; 3187531; 1088; 859; 208; 2387530; 11
4; r; 3193300; 1088; 670; 186; 2393299; 10
4; r; 3206121; 1088; 1033; 228; 2406120; 6
4; r; 3240736; 1088; 697; 191; 2440735; 8
4; r; 3244582; 1088; 103; 126; 2444581; 10
4; r; 3254200; 1088; 167; 17; 3254199; 12
4; r; 3260610; 1088; 339; 150; 2460609; 8
4; r; 3264457; 1088; 438; 164; 2464456; 8
4; r; 3267022; 1088; 93; 125; 2467021; 10
4; r; 3287538; 1088; 6; 116; 2487537; 9
4; r; 3697844; 1088; 207; 133; 2897843; 9
4; r; 3704917; 1088; 772; 199; 2904916; 10
4; r; 3706846; 1088; 213; 134; 2906845; 8
4; r; 3720969; 1088; 655; 183; 2920968; 9
4; r; 3737666; 1088; 343; 151; 2937665; 10
4; r; 3756946; 1088; 64; 120; 2956945; 9
4; r; 3764013; 1088; 89; 123; 2596585; 16
4; r; 3774321; 1088; 14; 0; 3774320; 11
4; r; 3808421; 1088; 74; 122; 3008420; 10
4; r; 3809062; 1088; 67; 121; 3009061; 13
4; r; 3835502; 1088; 273; 143; 3035501; 16
4; r; 3836789; 1088; 281; 146; 3036788; 10
4; r; 3847145; 1088; 701; 192; 3047144; 10
4; r; 3860804; 1088; 494; 168; 3060803; 6
4; r; 3866727; 1088; 241; 24; 3866726; 11
4; r; 3874679; 1088; 157; 131; 3074678; 10
4; r; 3876006; 1088; 458; 167; 3076005; 9
4; r; 3877366; 1088; 232; 136; 3077365; 13
4; r; 3931594; 1088; 218; 135; 2881991; 11
4; r; 3942367; 1088; 432; 163; 3142366; 11
5; r; 30138; 1088; 553; 58; 30137; 6
5; r; 41031; 1088; 451; 46; 41030; 5
5; r; 41672; 1088; 798; 82; 41671; 7
5; r; 67948; 1088; 1087; 106; 67947; 1
5; r; 73716; 1088; 625; 65; 73715; 3
5; r; 91023; 1088; 1026; 101; 91022; 8
5; r; 92305; 1088; 949; 97; 92304; 2
5; r; 98715; 1088; 913; 92; 98714; 4
5; r; 103201; 1088; 728; 74; 103200; 6
5; r; 103842; 1088; 753; 78; 103841; 3
5; r; 126275; 1088; 1045; 103; 126274; 4
5; r; 133325; 1088; 652; 68; 133324; 3
5; r; 162810; 1088; 1011; 100; 162809; 3
5; r; 163451; 1088; 493; 50; 163450; 7
5; r; 176269; 1088; 604; 63; 176268; 9
5; r; 187809; 1088; 718; 73; 187808; 4
5; r; 191014; 1088; 81; 11; 191013; 11
5; r; 192937; 1088; 776; 80; 192936; 4
5; r; 196142; 1088; 915; 93; 196141; 2
5; r; 220502; 1088; 616; 64; 220501; 4
5; r; 230758; 1088; 318; 31; 230757; 5
5; r; 235887; 1088; 43; 6; 235886; 12
5; r; 239734; 1088; 717; 72; 239733; 3
5; r; 642567; 1088; 28; 3; 642566; 12
5; r; 654747; 1088; 980; 99; 654746; 5
5; r; 667567; 1088; 517; 52; 667566; 4
5; r; 677182; 1088; 323; 32; 677181; 6
5; r; 677823; 1088; 786; 81; 677822; 2
5; r; 681028; 1088; 822; 85; 681027; 4
5; r; 692565; 1088; 812; 84; 692564; 7
5; r; 693847; 1088; 519; 53; 693846; 7
5; r; 702820; 1088; 449; 45; 702819; 6
5; r; 711794; 1088; 303; 28; 711793; 9
5; r; 720127; 1088; 631; 66; 720126; 10
5; r; 722691; 1088; 824; 86; 722690; 8
5; r; 723973; 1088; 636; 67; 723972; 7
5; r; 729742; 1088; 846; 88; 729741; 5
5; r; 751535; 1088; 773; 79; 751534; 9
5; r; 765635; 1088; 472; 47; 765634; 8
5; r; 774607; 1088; 874; 89; 774606; 10
5; r; 780376; 1088; 383; 36; 780375; 5
5; r; 788708; 1088; 479; 48; 788707; 6
5; r; 797040; 1088; 427; 42; 797039; 5
5; r; 800886; 1088; 87; 13; 800885; 9
5; r; 809218; 1088; 965; 98; 809217; 6
5; r; 810499; 1088; 77; 9; 810498; 21
5; r; 813063; 1088; 1030; 102; 813062; 5
5; r; 814986; 1088; 411; 40; 814985; 9
5; r; 823959; 1088; 565; 59; 823958; 9
5; r; 832932; 1088; 688; 70; 832931; 4
5; r; 838060; 1088; 492; 49; 838059; 5
5; r; 842547; 1088; 119; 16; 842546; 8
5; r; 852161; 1088; 1063; 104; 852160; 7
5; r; 873955; 1088; 289; 25; 873954; 6
5; r; 891903; 1088; 927; 94; 891902; 10
5; r; 893826; 1088; 410; 39; 893825; 7
5; r; 895749; 1088; 934; 96; 895748; 9
5; r; 898313; 1088; 733; 77; 898312; 7
5; r; 903441; 1088; 27; 2; 903440; 9
5; r; 910491; 1088; 828; 87; 910490; 7
5; r; 928439; 1088; 889; 202; 128438; 1
5; r; 933566; 1088; 406; 38; 933565; 7
5; r; 947028; 1088; 84; 12; 947027; 8
5; r; 967542; 1088; 328; 33; 967541; 9
5; r; 973952; 1088; 549; 57; 973951; 7
5; r; 991259; 1088; 525; 54; 991258; 6
5; r; 997669; 1088; 596; 61; 997668; 8
5; r; 998310; 1088; 98; 14; 998309; 8
5; r; 1007283; 1088; 1049; 215; 207282; 1
5; r; 1022668; 1088; 570; 60; 1022667; 8
5; r; 1028438; 1088; 297; 26; 1028437; 10
5; r; 1039978; 1088; 16; 1; 1039977; 11
5; r; 1442240; 1088; 977; 209; 642239; 3
5; r; 1483266; 1088; 2; 0; 1483265; 13
5; r; 1483907; 1088; 340; 35; 1483906; 9
5; r; 1540953; 1088; 259; 24; 1540952; 11
5; r; 1547363; 1088; 1078; 216; 747362; 2
5; r; 1548004; 1088; 805; 194; 748003; 6
5; r; 1549927; 1088; 816; 196; 749926; 2
5; r; 1572361; 1088; 211; 20; 1572360; 11
5; r; 1573002; 1088; 545; 56; 1573001; 8
5; r; 1580693; 1088; 1015; 212; 780692; 2
5; r; 1581975; 1088; 434; 43; 1581974; 11
5; r; 1583257; 1088; 730; 76; 1583256; 9
5; r; 1584539; 1088; 975; 208; 784538; 5
5; r; 1591590; 1088; 538; 55; 1591589; 9
5; r; 1594795; 1088; 597; 62; 1594794; 9
5; r; 1598000; 1088; 690; 71; 1597999; 7
5; r; 1606333; 1088; 718; 187; 806332; 3
5; r; 1615946; 1088; 978; 210; 815945; 3
5; r; 1617227; 1088; 193; 19; 1617226; 10
5; r; 1620432; 1088; 513; 161; 820431; 7
5; r; 1621073; 1088; 332; 34; 1621072; 9
5; r; 1622355; 1088; 253; 23; 1622354; 6
5; r; 1639020; 1088; 755; 189; 839019; 5
5; r; 1655045; 1088; 524; 162; 855044; 4
5; r; 1658249; 1088; 656; 178; 858248; 3
5; r; 1660172; 1088; 661; 69; 1660171; 11
5; r; 1664659; 1088; 311; 30; 1664658; 17
5; r; 1676839; 1088; 946; 204; 876838; 3
5; r; 1681966; 1088; 986; 211; 881965; 3
5; r; 1698631; 1088; 747; 188; 898630; 5
5; r; 1706963; 1088; 148; 17; 1706962; 10
5; r; 1707604; 1088; 1073; 105; 1707603; 8
5; r; 1720424; 1088; 681; 184; 920423; 4
5; r; 1731321; 1088; 29; 4; 1731320; 10
5; r; 1733244; 1088; 217; 21; 1733243; 8
5; r; 1744140; 1088; 456; 156; 944139; 5
5; r; 1749909; 1088; 583; 172; 949908; 5
5; r; 1762729; 1088; 79; 10; 1762728; 17
5; r; 1765933; 1088; 847; 199; 965932; 5
5; r; 1792855; 1088; 778; 191; 992854; 4
5; r; 1808882; 1088; 496; 51; 1808881; 10
5; r; 1819138; 1088; 657; 179; 1019137; 3
5; r; 1831320; 1088; 659; 180; 1031319; 4
5; r; 1837731; 1088; 118; 15; 1837730; 10
5; r; 2269350; 1088; 672; 182; 1469349; 5
5; r; 2275761; 1088; 961; 206; 1475760; 7
5; r; 2283453; 1088; 810; 195; 1483452; 4
5; r; 2289863; 1088; 308; 29; 2289862; 15
5; r; 2299478; 1088; 387; 143; 1499477; 6
5; r; 2300119; 1088; 149; 18; 2300118; 12
5; r; 2311015; 1088; 232; 22; 2311014; 11
5; r; 2311656; 1088; 437; 153; 1511655; 7
5; r; 2325118; 1088; 574; 171; 1525117; 7
5; r; 2334734; 1088; 416; 148; 1534733; 10
5; r; 2335375; 1088; 876; 201; 1535374; 6
5; r; 2341144; 1088; 547; 168; 1541143; 4
5; r; 2357167; 1088; 969; 207; 1557166; 6
5; r; 2359090; 1088; 144; 123; 1559089; 11
5; r; 2361013; 1088; 401; 37; 2361012; 12
5; r; 2364859; 1088; 475; 158; 1564858; 9
5; r; 2368705; 1088; 926; 203; 1568704; 8
5; r; 2369346; 1088; 949; 205; 1569345; 6
5; r; 2371269; 1088; 411; 147; 1571268; 8
5; r; 2375114; 1088; 150; 124; 1575113; 7
5; r; 2382165; 1088; 96; 118; 1582164; 9
5; r; 2402676; 1088; 601; 173; 1602675; 7
5; r; 2404599; 1088; 638; 177; 1604598; 9
5; r; 2410367; 1088; 696; 186; 1610366; 8
5; r; 2416136; 1088; 20; 109; 1616135; 10
5; r; 2428314; 1088; 420; 149; 1628313; 5
5; r; 2432160; 1088; 374; 142; 1632159; 8
5; r; 2441775; 1088; 26; 110; 1641774; 10
5; r; 2456518; 1088; 186; 126; 1656517; 8
5; r; 2496898; 1088; 30; 111; 1696897; 9
5; r; 2505872; 1088; 673; 183; 1705871; 8
5; r; 2509077; 1088; 372; 141; 1709076; 10
5; r; 2514205; 1088; 9; 108; 1714204; 11
5; r; 2547531; 1088; 56; 7; 2547530; 14
5; r; 2557785; 1088; 843; 198; 1757784; 6
5; r; 2564835; 1088; 803; 83; 2564834; 15
5; r; 2575730; 1088; 482; 159; 1775729; 6
5; r; 2591116; 1088; 688; 185; 1791115; 7
5; r; 2618679; 1088; 838; 197; 1818678; 7
5; r; 2633423; 1088; 307; 134; 1833422; 13
5; r; 2634705; 1088; 1033; 214; 1834704; 7
5; r; 3041330; 1088; 293; 133; 2241329; 9
5; r; 3041971; 1088; 537; 166; 2241970; 9
5; r; 3047740; 1088; 302; 27; 3047739; 15
5; r; 3050945; 1088; 136; 122; 2250944; 11
5; r; 3054151; 1088; 310; 136; 2254150; 10
5; r; 3060561; 1088; 568; 169; 2260560; 7
5; r; 3079154; 1088; 339; 138; 2279153; 9
5; r; 3085565; 1088; 221; 129; 2285564; 11
5; r; 3089410; 1088; 118; 119; 2289409; 7
5; r; 3090692; 1088; 38; 5; 3090691; 11
5; r; 3091974; 1088; 172; 125; 2291973; 11
5; r; 3107359; 1088; 530; 164; 2307358; 8
5; r; 3109282; 1088; 204; 128; 2309281; 11
5; r; 3112487; 1088; 133; 121; 2312486; 12
5; r; 3116332; 1088; 627; 175; 2316331; 9
5; r; 3116973; 1088; 462; 157; 2316972; 14
5; r; 3125947; 1088; 430; 151; 2325946; 12
5; r; 3137486; 1088; 428; 150; 2337485; 6
5; r; 3141973; 1088; 795; 192; 2341972; 12
5; r; 3143895; 1088; 401; 145; 2343894; 12
5; r; 3144536; 1088; 610; 174; 2344535; 7
5; r; 3146460; 1088; 308; 135; 2346459; 13
5; r; 3163767; 1088; 434; 152; 2363766; 10
5; r; 3172741; 1088; 78; 115; 2372740; 13
5; r; 3177227; 1088; 130; 120; 2377226; 9
5; r; 3183638; 1088; 341; 140; 2383637; 8
5; r; 3185562; 1088; 499; 160; 2385561; 9
5; r; 3188767; 1088; 864; 200; 2388766; 8
5; r; 3192614; 1088; 79; 116; 2392613; 10
5; r; 3203511; 1088; 569; 170; 2403510; 12
5; r; 3211845; 1088; 95; 117; 2411844; 21
5; r; 3217615; 1088; 202; 127; 2417614; 11
5; r; 3224026; 1088; 533; 165; 2424025; 10
5; r; 3226590; 1088; 404; 146; 2426589; 13
5; r; 3236848; 1088; 801; 193; 2436847; 9
5; r; 3241337; 1088; 1030; 213; 2441336; 8
5; r; 3261217; 1088; 630; 176; 2461216; 14
5; r; 3265065; 1088; 6; 107; 2465064; 12
5; r; 3266990; 1088; 338; 137; 2466989; 10
5; r; 3268273; 1088; 43; 112; 2468272; 11
5; r; 3287508; 1088; 72; 114; 2487507; 13
5; r; 3333058; 1088; 239; 130; 2533057; 11
5; r; 3336267; 1088; 60; 113; 2536266; 9
5; r; 3340118; 1088; 400; 144; 2540117; 12
5; r; 3369003; 1088; 666; 181; 2569002; 10
5; r; 3388897; 1088; 268; 131; 2588896; 12
5; r; 3427463; 1088; 762; 190; 2627462; 9
6; r; 3211; 1088; 758; 68; 3210; 2
6; r; 16670; 1088; 1012; 104; 16669; 3
6; r; 26282; 1088; 951; 101; 26281; 1
6; r; 31409; 1088; 692; 62; 31408; 3
6; r; 37816; 1088; 667; 60; 37815; 7
6; r; 42303; 1088; 855; 83; 42302; 2
6; r; 51275; 1088; 831; 80; 51274; 7
6; r; 59608; 1088; 881; 88; 59607; 3
6; r; 62813; 1088; 1050; 106; 62812; 1
6; r; 63454; 1088; 882; 89; 63453; 2
6; r; 64736; 1088; 917; 97; 64735; 2
6; r; 494976; 1088; 877; 86; 494975; 6
6; r; 502030; 1088; 916; 96; 502029; 3
6; r; 532818; 1088; 965; 103; 532817; 6
6; r; 542441; 1088; 329; 26; 542440; 8
6; r; 546287; 1088; 36; 2; 546286; 13
6; r; 554620; 1088; 941; 100; 554619; 5
6; r; 588603; 1088; 292; 21; 588602; 10
6; r; 594373; 1088; 879; 87; 594372; 3
6; r; 598860; 1088; 421; 38; 598859; 7
6; r; 610400; 1088; 802; 75; 610399; 7
6; r; 612323; 1088; 659; 59; 612322; 5
6; r; 615528; 1088; 482; 44; 615527; 7
6; r; 623219; 1088; 795; 72; 623218; 10
6; r; 629629; 1088; 866; 85; 629628; 6
6; r; 640527; 1088; 389; 35; 640526; 5
6; r; 688597; 1088; 238; 17; 688596; 9
6; r; 712312; 1088; 1061; 108; 712311; 8
6; r; 713594; 1088; 915; 95; 713593; 3
6; r; 715517; 1088; 190; 15; 715516; 8
6; r; 721285; 1088; 798; 73; 721284; 8
6; r; 725131; 1088; 383; 34; 725130; 7
6; r; 726412; 1088; 723; 65; 726411; 6
6; r; 744998; 1088; 141; 12; 744997; 9
6; r; 750767; 1088; 676; 61; 750766; 5
6; r; 757818; 1088; 637; 57; 757817; 7
6; r; 760382; 1088; 822; 78; 760381; 4
6; r; 768074; 1088; 516; 47; 768073; 5
6; r; 770638; 1088; 811; 77; 770637; 6
6; r; 772561; 1088; 808; 76; 772560; 5
6; r; 778971; 1088; 724; 66; 778970; 3
6; r; 779612; 1088; 400; 36; 779611; 12
6; r; 781535; 1088; 549; 49; 781534; 7
6; r; 789867; 1088; 908; 93; 789866; 5
6; r; 797559; 1088; 1040; 105; 797558; 4
6; r; 807813; 1088; 587; 52; 807812; 5
6; r; 811659; 1088; 657; 58; 811658; 4
6; r; 817429; 1088; 247; 18; 817428; 8
6; r; 819993; 1088; 439; 40; 819992; 7
6; r; 827043; 1088; 843; 81; 827042; 4
6; r; 832810; 1088; 227; 16; 832809; 8
6; r; 834092; 1088; 352; 30; 834091; 6
6; r; 855245; 1088; 455; 41; 855244; 9
6; r; 858450; 1088; 339; 28; 858449; 8
6; r; 859732; 1088; 327; 25; 859731; 8
6; r; 1295834; 1088; 923; 98; 1295833; 6
6; r; 1302252; 1088; 128; 10; 1302251; 10
6; r; 1339440; 1088; 1084; 111; 1339439; 7
6; r; 1345210; 1088; 609; 53; 1345209; 6
6; r; 1350980; 1088; 981; 230; 550979; 2
6; r; 1359315; 1088; 1058; 107; 1359314; 9
6; r; 1371497; 1088; 722; 64; 1371496; 11
6; r; 1379190; 1088; 986; 231; 579189; 2
6; r; 1380473; 1088; 1075; 110; 1380472; 8
6; r; 1383678; 1088; 27; 1; 1383677; 8
6; r; 1390088; 1088; 414; 37; 1390087; 6
6; r; 1393934; 1088; 881; 224; 593933; 3
6; r; 1396497; 1088; 1021; 235; 596496; 1
6; r; 1447778; 1088; 939; 99; 1447777; 5
6; r; 1451623; 1088; 895; 92; 1451622; 13
6; r; 1452264; 1088; 1085; 243; 652263; 1
6; r; 1452905; 1088; 956; 102; 1452904; 5
6; r; 1481109; 1088; 1070; 109; 1481108; 6
6; r; 1485596; 1088; 860; 84; 1485595; 11
6; r; 1488801; 1088; 47; 3; 1488800; 9
6; r; 1499056; 1088; 853; 82; 1499055; 11
6; r; 1499697; 1088; 106; 8; 1499696; 12
6; r; 1517004; 1088; 144; 13; 1517003; 7
6; r; 1517646; 1088; 794; 71; 1517645; 11
6; r; 1545848; 1088; 828; 79; 1545847; 9
6; r; 1558665; 1088; 338; 27; 1558664; 9
6; r; 1570844; 1088; 742; 67; 1570843; 10
6; r; 1573407; 1088; 367; 32; 1573406; 13
6; r; 1575330; 1088; 1050; 239; 775329; 2
6; r; 1576611; 1088; 1005; 233; 776610; 4
6; r; 1608019; 1088; 475; 43; 1608018; 8
6; r; 1618916; 1088; 254; 20; 1618915; 10
6; r; 1620839; 1088; 25; 0; 1620838; 11
6; r; 1627248; 1088; 96; 7; 1627247; 10
6; r; 1631094; 1088; 630; 55; 1631093; 11
6; r; 1643912; 1088; 311; 24; 1643911; 11
6; r; 1661857; 1088; 778; 213; 861856; 5
6; r; 2080518; 1088; 884; 225; 1280517; 3
6; r; 2083085; 1088; 787; 70; 2083084; 10
6; r; 2147853; 1088; 76; 6; 2147852; 11
6; r; 2149778; 1088; 373; 33; 2149777; 9
6; r; 2163881; 1088; 459; 168; 1363880; 4
6; r; 2209394; 1088; 887; 90; 2209393; 9
6; r; 2213881; 1088; 1083; 242; 1413880; 6
6; r; 2233112; 1088; 632; 194; 1433111; 9
6; r; 2237600; 1088; 532; 48; 2237599; 9
6; r; 2254907; 1088; 477; 171; 1454906; 7
6; r; 2257471; 1088; 800; 74; 2257470; 8
6; r; 2272854; 1088; 857; 221; 1472853; 3
6; r; 2273495; 1088; 128; 126; 1473494; 9
6; r; 2276059; 1088; 437; 162; 1476058; 11
6; r; 2281187; 1088; 556; 186; 1481186; 5
6; r; 2288238; 1088; 747; 208; 1488237; 5
6; r; 2292724; 1088; 306; 23; 2292723; 11
6; r; 2302978; 1088; 748; 209; 1502977; 4
6; r; 2311951; 1088; 261; 142; 1511950; 9
6; r; 2313874; 1088; 874; 223; 1513873; 5
6; r; 2319642; 1088; 822; 217; 1519641; 4
6; r; 2322206; 1088; 455; 167; 1522205; 7
6; r; 2334386; 1088; 1047; 238; 1534385; 4
6; r; 2336949; 1088; 250; 141; 1536948; 8
6; r; 2340154; 1088; 683; 200; 1540153; 4
6; r; 2347204; 1088; 832; 218; 1547203; 5
6; r; 2347844; 1088; 686; 201; 1547843; 4
6; r; 2362586; 1088; 734; 206; 1562585; 8
6; r; 2369634; 1088; 226; 138; 1569633; 7
6; r; 2371557; 1088; 952; 229; 1571556; 4
6; r; 2374763; 1088; 286; 146; 1574762; 6
6; r; 2378609; 1088; 648; 199; 1578608; 6
6; r; 2379891; 1088; 898; 227; 1579890; 8
6; r; 2380532; 1088; 838; 220; 1580531; 6
6; r; 2393351; 1088; 834; 219; 1593350; 6
6; r; 2393992; 1088; 72; 4; 2393991; 12
6; r; 2401043; 1088; 1075; 240; 1601042; 4
6; r; 2402325; 1088; 1077; 241; 1602324; 4
6; r; 2424117; 1088; 613; 192; 1624116; 8
6; r; 2430527; 1088; 643; 197; 1630526; 6
6; r; 2431168; 1088; 14; 113; 1631167; 9
6; r; 2452321; 1088; 173; 14; 2452320; 12
6; r; 2460013; 1088; 252; 19; 2460012; 12
6; r; 2461295; 1088; 487; 172; 1661294; 5
6; r; 2466423; 1088; 511; 178; 1666422; 7
6; r; 2872475; 1088; 809; 216; 2072474; 6
6; r; 2893638; 1088; 518; 180; 2093637; 9
6; r; 2908390; 1088; 740; 207; 2108389; 10
6; r; 2946221; 1088; 504; 176; 2146220; 11
6; r; 2974426; 1088; 583; 51; 2974425; 12
6; r; 2992377; 1088; 1010; 234; 2192376; 8
6; r; 3000069; 1088; 605; 190; 2200068; 6
6; r; 3000709; 1088; 421; 157; 2200708; 5
6; r; 3001350; 1088; 729; 204; 2201349; 7
6; r; 3033400; 1088; 526; 182; 2233399; 5
6; r; 3036606; 1088; 6; 112; 2236605; 15
6; r; 3039169; 1088; 595; 188; 2239168; 8
6; r; 3053910; 1088; 993; 232; 2253909; 8
6; r; 3060960; 1088; 899; 228; 2260959; 6
6; r; 3061601; 1088; 238; 140; 2261600; 11
6; r; 3065446; 1088; 224; 137; 2265445; 7
6; r; 3069930; 1088; 324; 150; 2269929; 7
6; r; 3076981; 1088; 708; 202; 2276980; 7
6; r; 3077622; 1088; 498; 174; 2277621; 10
6; r; 3080185; 1088; 272; 143; 2280184; 12
6; r; 3084031; 1088; 471; 169; 2284030; 10
6; r; 3096851; 1088; 394; 154; 2296850; 8
6; r; 3098774; 1088; 780; 214; 2298773; 7
6; r; 3101979; 1088; 644; 198; 2301978; 6
6; r; 3113518; 1088; 168; 131; 2313517; 9
6; r; 3116723; 1088; 444; 165; 2316722; 8
6; r; 3117364; 1088; 635; 195; 2317363; 9
6; r; 3118646; 1088; 626; 193; 2318645; 6
6; r; 3123132; 1088; 867; 222; 2323131; 7
6; r; 3123773; 1088; 798; 215; 2323772; 7
6; r; 3126337; 1088; 317; 149; 2326336; 7
6; r; 3134028; 1088; 530; 184; 2334027; 8
6; r; 3139156; 1088; 442; 164; 2339155; 9
6; r; 3148770; 1088; 273; 144; 2348769; 11
6; r; 3159027; 1088; 371; 152; 2359026; 8
6; r; 3160309; 1088; 474; 170; 2360308; 7
6; r; 3162873; 1088; 897; 226; 2362872; 7
6; r; 3168640; 1088; 438; 163; 2368639; 9
6; r; 3172486; 1088; 62; 119; 2372485; 10
6; r; 3184666; 1088; 95; 122; 2384665; 7
6; r; 3185307; 1088; 45; 117; 2385306; 12
6; r; 3203254; 1088; 131; 127; 2403253; 6
6; r; 3205177; 1088; 136; 129; 2405176; 11
6; r; 3207741; 1088; 185; 133; 2407740; 7
6; r; 3219919; 1088; 430; 161; 2419918; 10
6; r; 3221201; 1088; 205; 135; 2421200; 9
6; r; 3233379; 1088; 503; 175; 2433378; 11
6; r; 3241709; 1088; 599; 189; 2441708; 11
6; r; 3249400; 1088; 134; 128; 2449399; 12
6; r; 3253247; 1088; 496; 173; 2453246; 10
6; r; 3257734; 1088; 300; 147; 2457733; 10
6; r; 3674814; 1088; 423; 158; 2874813; 9
6; r; 3689576; 1088; 354; 151; 2889575; 7
6; r; 3722939; 1088; 173; 132; 2922938; 11
6; r; 3723587; 1088; 349; 29; 3723586; 13
6; r; 3742834; 1088; 304; 148; 2942833; 13
6; r; 3751817; 1088; 730; 205; 2951816; 9
6; r; 3772992; 1088; 524; 181; 2972991; 14
6; r; 3781330; 1088; 17; 114; 2674488; 12
6; r; 3789029; 1088; 99; 123; 2989028; 11
6; r; 3810200; 1088; 64; 120; 3010199; 10
6; r; 3842293; 1088; 528; 183; 3042292; 10
6; r; 3851920; 1088; 397; 155; 3051919; 11
6; r; 3854486; 1088; 190; 134; 3054485; 8
6; r; 3880154; 1088; 563; 187; 3080153; 13
6; r; 3889794; 1088; 76; 121; 3089793; 12
6; r; 3923807; 1088; 401; 156; 3123806; 16
6; r; 3962990; 1088; 510; 177; 3162989; 13
6; r; 3973269; 1088; 210; 136; 3173268; 11
7; r; 3850; 1088; 919; 93; 3849; 1
7; r; 4493; 1088; 857; 86; 4492; 2
7; r; 20514; 1088; 781; 80; 20513; 4
7; r; 31408; 1088; 985; 94; 31407; 1
7; r; 58959; 1088; 315; 35; 58958; 8
7; r; 71137; 1088; 1004; 95; 71136; 6
7; r; 74341; 1088; 709; 75; 74340; 5
7; r; 79469; 1088; 1079; 101; 79468; 2
7; r; 80109; 1088; 652; 67; 80108; 4
7; r; 89082; 1088; 512; 57; 89081; 5
7; r; 110231; 1088; 621; 62; 110230; 6
7; r; 117282; 1088; 426; 50; 117281; 6
7; r; 122409; 1088; 1013; 96; 122408; 2
7; r; 123691; 1088; 117; 14; 123690; 13
7; r; 125614; 1088; 667; 72; 125613; 7
7; r; 132023; 1088; 1080; 102; 132022; 3
7; r; 144203; 1088; 593; 60; 144202; 7
7; r; 148690; 1088; 192; 22; 148689; 6
7; r; 175612; 1088; 807; 83; 175611; 5
7; r; 205744; 1088; 659; 68; 205743; 3
7; r; 207026; 1088; 620; 61; 207025; 5
7; r; 220486; 1088; 376; 45; 220485; 8
7; r; 223051; 1088; 349; 41; 223050; 6
7; r; 642537; 1088; 363; 44; 642536; 16
7; r; 651512; 1088; 324; 38; 651511; 7
7; r; 652794; 1088; 177; 21; 652793; 12
7; r; 654716; 1088; 249; 26; 654715; 11
7; r; 657280; 1088; 294; 33; 657279; 6
7; r; 661766; 1088; 541; 58; 661765; 10
7; r; 673944; 1088; 751; 77; 673943; 5
7; r; 675867; 1088; 769; 78; 675866; 10
7; r; 678431; 1088; 1041; 100; 678430; 3
7; r; 684198; 1088; 267; 28; 684197; 10
7; r; 685479; 1088; 4; 0; 685478; 12
7; r; 697656; 1088; 681; 73; 697655; 5
7; r; 701503; 1088; 123; 17; 701502; 6
7; r; 718166; 1088; 643; 66; 718165; 7
7; r; 722652; 1088; 548; 59; 722651; 5
7; r; 744446; 1088; 869; 89; 744445; 7
7; r; 751497; 1088; 897; 91; 751496; 5
7; r; 759829; 1088; 348; 40; 759828; 7
7; r; 766880; 1088; 438; 53; 766879; 9
7; r; 772648; 1088; 1037; 98; 772647; 4
7; r; 773289; 1088; 305; 34; 773288; 9
7; r; 775212; 1088; 640; 65; 775211; 5
7; r; 785469; 1088; 776; 79; 785468; 5
7; r; 789315; 1088; 122; 16; 789314; 8
7; r; 804057; 1088; 422; 49; 804056; 5
7; r; 815594; 1088; 362; 43; 815593; 7
7; r; 818799; 1088; 1039; 99; 818798; 5
7; r; 819440; 1088; 57; 6; 819439; 8
7; r; 829054; 1088; 290; 32; 829053; 13
7; r; 833540; 1088; 248; 25; 833539; 11
7; r; 841232; 1088; 355; 42; 841231; 5
7; r; 843155; 1088; 903; 92; 843154; 5
7; r; 849565; 1088; 280; 31; 849564; 7
7; r; 857896; 1088; 858; 87; 857895; 8
7; r; 865588; 1088; 660; 69; 865587; 7
7; r; 866870; 1088; 25; 3; 866869; 11
7; r; 871998; 1088; 115; 13; 871997; 9
7; r; 875202; 1088; 497; 56; 875201; 8
7; r; 876484; 1088; 393; 46; 876483; 7
7; r; 882252; 1088; 404; 47; 882251; 9
7; r; 887379; 1088; 630; 64; 887378; 7
7; r; 898273; 1088; 201; 24; 898272; 9
7; r; 902119; 1088; 831; 85; 902118; 6
7; r; 914297; 1088; 74; 9; 914296; 11
7; r; 917503; 1088; 194; 23; 917502; 6
7; r; 918144; 1088; 1022; 212; 118143; 1
7; r; 928399; 1088; 953; 205; 128398; 1
7; r; 936732; 1088; 273; 30; 936731; 10
7; r; 955963; 1088; 431; 51; 955962; 9
7; r; 962373; 1088; 855; 194; 162372; 2
7; r; 1000195; 1088; 478; 55; 1000194; 9
7; r; 1025196; 1088; 1053; 215; 225195; 1
7; r; 1443667; 1088; 750; 181; 643666; 5
7; r; 1448795; 1088; 813; 84; 1448794; 7
7; r; 1455205; 1088; 877; 197; 655204; 4
7; r; 1462897; 1088; 757; 183; 662896; 2
7; r; 1469308; 1088; 912; 201; 669307; 2
7; r; 1472513; 1088; 1017; 211; 672512; 6
7; r; 1473154; 1088; 853; 193; 673153; 2
7; r; 1487897; 1088; 473; 54; 1487896; 8
7; r; 1489179; 1088; 718; 76; 1489178; 8
7; r; 1503281; 1088; 655; 169; 703280; 6
7; r; 1515459; 1088; 319; 37; 1515458; 15
7; r; 1516741; 1088; 691; 172; 716740; 3
7; r; 1520587; 1088; 658; 170; 720586; 3
7; r; 1551351; 1088; 945; 204; 751350; 3
7; r; 1553274; 1088; 747; 179; 753273; 7
7; r; 1559042; 1088; 255; 27; 1559041; 6
7; r; 1559683; 1088; 788; 186; 759682; 2
7; r; 1578270; 1088; 63; 8; 1578269; 8
7; r; 1587243; 1088; 433; 52; 1587242; 11
7; r; 1607112; 1088; 61; 7; 1607111; 14
7; r; 1615445; 1088; 629; 63; 1615444; 8
7; r; 1621214; 1088; 487; 157; 821213; 4
7; r; 1625701; 1088; 843; 191; 825700; 4
7; r; 1635957; 1088; 789; 187; 835956; 3
7; r; 1646853; 1088; 333; 39; 1646852; 10
7; r; 1662877; 1088; 405; 48; 1662876; 9
7; r; 1675697; 1088; 125; 18; 1675696; 11
7; r; 1681466; 1088; 711; 174; 881465; 4
7; r; 1691722; 1088; 12; 1; 1691721; 9
7; r; 1722491; 1088; 1041; 214; 922490; 4
7; r; 1730182; 1088; 687; 171; 930181; 3
7; r; 1740438; 1088; 102; 10; 1740437; 11
7; r; 1744925; 1088; 795; 81; 1744924; 11
7; r; 1758386; 1088; 705; 74; 1758385; 8
7; r; 1764155; 1088; 33; 4; 1764154; 11
7; r; 1783384; 1088; 662; 71; 1783383; 9
7; r; 1801972; 1088; 1085; 219; 1001971; 3
7; r; 2240228; 1088; 426; 148; 1440227; 4
7; r; 2252407; 1088; 1031; 213; 1452406; 8
7; r; 2256256; 1088; 844; 192; 1456255; 5
7; r; 2266512; 1088; 162; 20; 2266511; 11
7; r; 2267153; 1088; 450; 151; 1467152; 5
7; r; 2272922; 1088; 143; 19; 2272921; 10
7; r; 2277409; 1088; 749; 180; 1477408; 4
7; r; 2289588; 1088; 443; 150; 1489587; 6
7; r; 2290229; 1088; 324; 135; 1490228; 6
7; r; 2291511; 1088; 969; 208; 1491510; 5
7; r; 2293434; 1088; 285; 131; 1493433; 8
7; r; 2295998; 1088; 550; 161; 1495997; 5
7; r; 2296639; 1088; 869; 196; 1496638; 6
7; r; 2314587; 1088; 358; 138; 1514586; 6
7; r; 2322919; 1088; 270; 29; 2322918; 13
7; r; 2328047; 1088; 355; 137; 1528046; 5
7; r; 2329970; 1088; 644; 168; 1529969; 6
7; r; 2337661; 1088; 906; 200; 1537660; 7
7; r; 2343430; 1088; 867; 88; 2343429; 14
7; r; 2345993; 1088; 348; 136; 1545992; 6
7; r; 2358170; 1088; 821; 188; 1558169; 5
7; r; 2360734; 1088; 253; 127; 1560733; 7
7; r; 2362657; 1088; 621; 165; 1562656; 4
7; r; 2369707; 1088; 1030; 97; 2369706; 12
7; r; 2372912; 1088; 661; 70; 2372911; 14
7; r; 2377399; 1088; 257; 129; 1577398; 7
7; r; 2383809; 1088; 23; 2; 2383808; 11
7; r; 2387655; 1088; 638; 166; 1587654; 8
7; r; 2390860; 1088; 94; 113; 1590859; 10
7; r; 2401115; 1088; 508; 159; 1601114; 7
7; r; 2426113; 1088; 996; 209; 1626112; 8
7; r; 2433804; 1088; 35; 5; 2433803; 12
7; r; 2442777; 1088; 47; 107; 1642776; 8
7; r; 2453674; 1088; 380; 142; 1653673; 9
7; r; 2460083; 1088; 759; 184; 1660082; 9
7; r; 2465210; 1088; 741; 178; 1665209; 4
7; r; 2466492; 1088; 705; 173; 1666491; 6
7; r; 2470338; 1088; 938; 203; 1670337; 6
7; r; 2483158; 1088; 175; 117; 1683157; 8
7; r; 2485081; 1088; 776; 185; 1685080; 6
7; r; 2494696; 1088; 280; 130; 1694695; 7
7; r; 2504951; 1088; 866; 195; 1704950; 7
7; r; 2507515; 1088; 187; 119; 1707514; 8
7; r; 2520977; 1088; 49; 108; 1720976; 8
7; r; 2529951; 1088; 754; 182; 1729950; 6
7; r; 2538925; 1088; 223; 124; 1738924; 9
7; r; 2549823; 1088; 318; 133; 1749822; 6
7; r; 2565206; 1088; 470; 154; 1765205; 8
7; r; 2567129; 1088; 1061; 218; 1767128; 6
7; r; 2594050; 1088; 478; 155; 1794049; 7
7; r; 2603024; 1088; 559; 162; 1803023; 4
7; r; 2611998; 1088; 583; 163; 1811997; 5
7; r; 2622256; 1088; 185; 118; 1822255; 10
7; r; 3035812; 1088; 435; 149; 2235811; 10
7; r; 3042222; 1088; 225; 125; 2242221; 13
7; r; 3045427; 1088; 499; 158; 2245426; 10
7; r; 3064016; 1088; 410; 146; 2264015; 10
7; r; 3064657; 1088; 416; 147; 2264656; 10
7; r; 3067862; 1088; 833; 190; 2267861; 7
7; r; 3069785; 1088; 733; 176; 2269784; 10
7; r; 3071708; 1088; 528; 160; 2271707; 9
7; r; 3074913; 1088; 1058; 216; 2274912; 9
7; r; 3083886; 1088; 891; 198; 2283885; 8
7; r; 3087732; 1088; 254; 128; 2287731; 9
7; r; 3091580; 1088; 485; 156; 2291579; 6
7; r; 3095425; 1088; 398; 145; 2295424; 10
7; r; 3101839; 1088; 321; 134; 2301838; 8
7; r; 3102480; 1088; 729; 175; 2302479; 7
7; r; 3103762; 1088; 641; 167; 2303761; 7
7; r; 3105685; 1088; 103; 11; 3105684; 14
7; r; 3116583; 1088; 369; 140; 2316582; 9
7; r; 3139018; 1088; 1059; 217; 2339017; 16
7; r; 3143505; 1088; 219; 123; 2343504; 9
7; r; 3146711; 1088; 41; 106; 2346710; 10
7; r; 3158249; 1088; 68; 111; 1988955; 11
7; r; 3160813; 1088; 140; 116; 2360812; 10
7; r; 3171710; 1088; 396; 144; 2371709; 10
7; r; 3175556; 1088; 382; 143; 2375555; 10
7; r; 3206325; 1088; 214; 122; 2406324; 9
7; r; 3212095; 1088; 249; 126; 2412094; 9
7; r; 3216584; 1088; 371; 141; 2416583; 11
7; r; 3217866; 1088; 367; 139; 2417865; 13
7; r; 3219148; 1088; 466; 152; 2419147; 12
7; r; 3224917; 1088; 829; 189; 2424916; 14
7; r; 3260176; 1088; 55; 110; 2460175; 10
7; r; 3260817; 1088; 54; 109; 2460816; 10
7; r; 3278127; 1088; 38; 105; 2478126; 16
7; r; 3279409; 1088; 103; 114; 2479408; 14
7; r; 3290952; 1088; 963; 207; 2490951; 8
7; r; 3298646; 1088; 931; 202; 2498645; 13
7; r; 3327508; 1088; 196; 121; 2527507; 21
7; r; 3330075; 1088; 897; 199; 2530074; 10
7; r; 3354460; 1088; 116; 115; 2554459; 11
8; r; 15381; 1088; 822; 87; 15380; 2
8; r; 26278; 1088; 597; 62; 26277; 8
8; r; 30763; 1088; 1084; 110; 30762; 1
8; r; 33326; 1088; 888; 95; 33325; 1
8; r; 37172; 1088; 1000; 104; 37171; 4
8; r; 57683; 1088; 413; 40; 57682; 5
8; r; 60886; 1088; 686; 70; 60885; 4
8; r; 74988; 1088; 587; 61; 74987; 4
8; r; 119851; 1088; 479; 48; 119850; 7
8; r; 120492; 1088; 295; 31; 120491; 5
8; r; 123056; 1088; 986; 102; 123055; 1
8; r; 127543; 1088; 483; 49; 127542; 6
8; r; 129466; 1088; 853; 91; 129465; 2
8; r; 132670; 1088; 398; 37; 132669; 8
8; r; 148054; 1088; 197; 21; 148053; 5
8; r; 151259; 1088; 1003; 105; 151258; 4
8; r; 161514; 1088; 569; 60; 161513; 7
8; r; 175617; 1088; 782; 84; 175616; 5
8; r; 181387; 1088; 150; 14; 181386; 8
8; r; 185231; 1088; 417; 42; 185230; 8
8; r; 186513; 1088; 234; 23; 186512; 12
8; r; 188436; 1088; 416; 41; 188435; 6
8; r; 192923; 1088; 872; 94; 192922; 4
8; r; 215357; 1088; 845; 90; 215356; 3
8; r; 230105; 1088; 839; 89; 230104; 5
8; r; 234593; 1088; 977; 101; 234592; 4
8; r; 246777; 1088; 751; 78; 246776; 2
8; r; 253188; 1088; 790; 85; 253187; 2
8; r; 282045; 1088; 603; 63; 282044; 6
8; r; 683369; 1088; 190; 19; 683368; 13
8; r; 689780; 1088; 642; 66; 689779; 6
8; r; 691703; 1088; 196; 20; 691702; 8
8; r; 696832; 1088; 990; 103; 696831; 13
8; r; 703883; 1088; 913; 97; 703882; 6
8; r; 712216; 1088; 553; 57; 712215; 4
8; r; 717344; 1088; 403; 38; 717343; 11
8; r; 727600; 1088; 1005; 106; 727599; 5
8; r; 730164; 1088; 105; 8; 730163; 13
8; r; 746188; 1088; 752; 79; 746187; 3
8; r; 751956; 1088; 775; 82; 751955; 4
8; r; 755161; 1088; 95; 7; 755160; 7
8; r; 760288; 1088; 626; 65; 760287; 3
8; r; 769258; 1088; 519; 54; 769257; 11
8; r; 773104; 1088; 705; 74; 773103; 7
8; r; 775668; 1088; 156; 16; 775667; 7
8; r; 776309; 1088; 656; 68; 776308; 7
8; r; 779514; 1088; 112; 10; 779513; 9
8; r; 780796; 1088; 604; 64; 780795; 6
8; r; 789770; 1088; 731; 76; 789769; 7
8; r; 819253; 1088; 713; 75; 819252; 4
8; r; 821176; 1088; 647; 67; 821175; 6
8; r; 829507; 1088; 690; 71; 829506; 3
8; r; 830789; 1088; 801; 86; 830788; 9
8; r; 832071; 1088; 781; 83; 832070; 4
8; r; 832712; 1088; 153; 15; 832711; 8
8; r; 846173; 1088; 454; 45; 846172; 7
8; r; 864120; 1088; 443; 44; 864119; 6
8; r; 873733; 1088; 374; 35; 873732; 13
8; r; 878220; 1088; 10; 0; 878219; 9
8; r; 894243; 1088; 470; 47; 894242; 20
8; r; 898730; 1088; 858; 92; 898729; 7
8; r; 900012; 1088; 119; 11; 900011; 11
8; r; 907063; 1088; 674; 69; 907062; 6
8; r; 910909; 1088; 1033; 108; 910908; 8
8; r; 921166; 1088; 176; 17; 921165; 8
8; r; 923089; 1088; 532; 56; 923088; 13
8; r; 930140; 1088; 135; 13; 930139; 9
8; r; 942319; 1088; 286; 30; 942318; 6
8; r; 960269; 1088; 830; 88; 960268; 11
8; r; 987190; 1088; 122; 12; 987189; 13
8; r; 987831; 1088; 933; 98; 987830; 6
8; r; 994242; 1088; 761; 80; 994241; 9
8; r; 1017960; 1088; 15; 1; 1017959; 8
8; r; 1055143; 1088; 888; 203; 255142; 1
8; r; 1069891; 1088; 1084; 218; 269890; 1
8; r; 1075661; 1088; 497; 51; 1075660; 12
8; r; 1082074; 1088; 411; 39; 1082073; 7
8; r; 1499311; 1088; 1066; 109; 1499310; 8
8; r; 1503157; 1088; 64; 4; 1503156; 13
8; r; 1522385; 1088; 260; 25; 1522384; 9
8; r; 1533922; 1088; 857; 201; 733921; 2
8; r; 1540973; 1088; 923; 205; 740972; 3
8; r; 1545460; 1088; 33; 2; 1545459; 14
8; r; 1549947; 1088; 773; 198; 749946; 6
8; r; 1551229; 1088; 281; 29; 1551228; 9
8; r; 1558921; 1088; 696; 73; 1558920; 9
8; r; 1561485; 1088; 620; 181; 761484; 4
8; r; 1563408; 1088; 500; 52; 1563407; 10
8; r; 1567254; 1088; 879; 202; 767253; 3
8; r; 1581354; 1088; 216; 22; 1581353; 8
8; r; 1588404; 1088; 1054; 214; 788403; 6
8; r; 1592249; 1088; 695; 72; 1592248; 10
8; r; 1595454; 1088; 179; 18; 1595453; 7
8; r; 1598659; 1088; 332; 33; 1598658; 11
8; r; 1605069; 1088; 79; 6; 1605068; 8
8; r; 1649933; 1088; 340; 34; 1649932; 8
8; r; 1653138; 1088; 511; 172; 853137; 6
8; r; 1676212; 1088; 740; 77; 1676211; 8
8; r; 1682622; 1088; 303; 32; 1682621; 10
8; r; 1693518; 1088; 955; 209; 893517; 2
8; r; 1706977; 1088; 428; 165; 906976; 5
8; r; 1711464; 1088; 511; 53; 1711463; 7
8; r; 1744156; 1088; 567; 59; 1744155; 12
8; r; 1747361; 1088; 786; 199; 947360; 6
8; r; 1768514; 1088; 621; 182; 968513; 3
8; r; 1773001; 1088; 622; 183; 973000; 4
8; r; 1776206; 1088; 515; 173; 976205; 5
8; r; 1793513; 1088; 262; 26; 1793512; 10
8; r; 1800563; 1088; 937; 207; 1000562; 6
8; r; 1805050; 1088; 743; 196; 1005049; 6
8; r; 1817871; 1088; 195; 138; 1017870; 7
8; r; 1876212; 1088; 492; 169; 1076211; 5
8; r; 1877494; 1088; 618; 180; 1077493; 4
8; r; 2284965; 1088; 278; 28; 2284964; 10
8; r; 2300347; 1088; 767; 81; 2300346; 10
8; r; 2309321; 1088; 238; 24; 2309320; 11
8; r; 2314449; 1088; 36; 3; 2314448; 11
8; r; 2318935; 1088; 110; 9; 2318934; 13
8; r; 2323421; 1088; 313; 150; 1523420; 9
8; r; 2340085; 1088; 382; 157; 1540084; 6
8; r; 2345213; 1088; 284; 147; 1545212; 7
8; r; 2347777; 1088; 1076; 217; 1547776; 6
8; r; 2353546; 1088; 925; 206; 1553545; 10
8; r; 2355469; 1088; 193; 137; 1555468; 7
8; r; 2362519; 1088; 286; 148; 1562518; 7
8; r; 2367647; 1088; 1072; 216; 1567646; 4
8; r; 2374698; 1088; 405; 160; 1574697; 7
8; r; 2381108; 1088; 636; 186; 1581107; 8
8; r; 2381749; 1088; 181; 134; 1581748; 7
8; r; 2389441; 1088; 495; 50; 2389440; 12
8; r; 2396491; 1088; 177; 133; 1596490; 13
8; r; 2398414; 1088; 1024; 212; 1598413; 8
8; r; 2421487; 1088; 716; 194; 1621486; 7
8; r; 2425974; 1088; 602; 179; 1625973; 8
8; r; 2434946; 1088; 831; 200; 1634945; 9
8; r; 2439433; 1088; 187; 136; 1639432; 7
8; r; 2446484; 1088; 696; 191; 1646483; 7
8; r; 2455456; 1088; 381; 36; 2455455; 11
8; r; 2474044; 1088; 173; 131; 1674043; 12
8; r; 2484940; 1088; 500; 171; 1684939; 10
8; r; 2491991; 1088; 183; 135; 1691990; 8
8; r; 2500965; 1088; 1048; 213; 1700964; 8
8; r; 2507374; 1088; 690; 190; 1707373; 5
8; r; 2515707; 1088; 587; 177; 1715706; 6
8; r; 2522117; 1088; 651; 187; 1722116; 7
8; r; 2527245; 1088; 426; 164; 1727244; 5
8; r; 2536219; 1088; 414; 163; 1736218; 8
8; r; 2538782; 1088; 516; 174; 1738781; 7
8; r; 2577244; 1088; 370; 155; 1777243; 9
8; r; 2628524; 1088; 466; 46; 2628523; 12
8; r; 2645837; 1088; 341; 153; 1845836; 8
8; r; 2648401; 1088; 268; 142; 1848400; 9
8; r; 2650325; 1088; 31; 114; 1850324; 10
8; r; 3110807; 1088; 266; 141; 2310806; 14
8; r; 3114010; 1088; 255; 140; 2314009; 10
8; r; 3116574; 1088; 706; 193; 2316573; 6
8; r; 3117215; 1088; 158; 128; 2317214; 8
8; r; 3122985; 1088; 176; 132; 2322984; 10
8; r; 3128753; 1088; 960; 210; 2328752; 11
8; r; 3132599; 1088; 29; 113; 2332598; 10
8; r; 3138367; 1088; 126; 126; 2338366; 11
8; r; 3147342; 1088; 172; 130; 2347341; 12
8; r; 3147983; 1088; 233; 139; 2347982; 11
8; r; 3151829; 1088; 764; 197; 2351828; 8
8; r; 3156957; 1088; 308; 149; 2356956; 9
8; r; 3162085; 1088; 37; 117; 2362084; 12
8; r; 3165291; 1088; 342; 154; 2365290; 11
8; r; 3171061; 1088; 282; 146; 2371060; 9
8; r; 3178112; 1088; 627; 184; 2378111; 11
8; r; 3183881; 1088; 170; 129; 2383880; 14
8; r; 3186446; 1088; 563; 175; 2386445; 10
8; r; 3187086; 1088; 110; 122; 2049106; 14
8; r; 3192854; 1088; 123; 125; 2392853; 11
8; r; 3193495; 1088; 702; 192; 2393494; 8
8; r; 3194777; 1088; 120; 124; 2394776; 10
8; r; 3206314; 1088; 33; 115; 2406313; 14
8; r; 3212084; 1088; 401; 158; 2412083; 15
8; r; 3229392; 1088; 279; 144; 2429391; 12
8; r; 3232597; 1088; 102; 121; 2432596; 12
8; r; 3235804; 1088; 403; 159; 2435803; 10
8; r; 3251835; 1088; 76; 120; 2451834; 13
8; r; 3253117; 1088; 265; 27; 3253116; 13
8; r; 3258887; 1088; 598; 178; 2458886; 11
8; r; 3259528; 1088; 411; 162; 2459527; 13
8; r; 3262092; 1088; 36; 116; 2462091; 13
8; r; 3269789; 1088; 74; 119; 2469788; 11
8; r; 3287741; 1088; 55; 118; 2487740; 9
8; r; 3290948; 1088; 117; 123; 2490947; 11
8; r; 3292232; 1088; 18; 111; 2492231; 10
8; r; 3303130; 1088; 863; 93; 3303129; 13
8; r; 3322376; 1088; 952; 208; 2522375; 6
8; r; 3394904; 1088; 634; 185; 2594903; 9
8; r; 3401340; 1088; 569; 176; 2601339; 10
8; r; 3410337; 1088; 328; 152; 2610336; 8
8; r; 3418062; 1088; 148; 127; 2618061; 11
8; r; 3433497; 1088; 281; 145; 2633496; 9
8; r; 3439946; 1088; 670; 188; 2639945; 7
8; r; 3443807; 1088; 499; 170; 2643806; 11
9; r; 13461; 1088; 1045; 108; 13460; 2
9; r; 26279; 1088; 810; 91; 26278; 3
9; r; 34611; 1088; 485; 56; 34610; 5
9; r; 41019; 1088; 915; 97; 41018; 2
9; r; 45504; 1088; 715; 81; 45503; 5
9; r; 53196; 1088; 1087; 116; 53195; 1
9; r; 58323; 1088; 645; 71; 58322; 4
9; r; 60246; 1088; 987; 104; 60245; 1
9; r; 75630; 1088; 1019; 106; 75629; 1
9; r; 96142; 1088; 777; 86; 96141; 4
9; r; 99988; 1088; 616; 68; 99987; 4
9; r; 106396; 1088; 574; 62; 106395; 5
9; r; 110883; 1088; 712; 80; 110882; 6
9; r; 118574; 1088; 815; 92; 118573; 3
9; r; 123702; 1088; 1053; 110; 123701; 1
9; r; 128190; 1088; 889; 95; 128189; 1
9; r; 130113; 1088; 951; 101; 130112; 1
9; r; 130754; 1088; 733; 83; 130753; 7
9; r; 132036; 1088; 658; 73; 132035; 4
9; r; 139087; 1088; 470; 53; 139086; 9
9; r; 145497; 1088; 1084; 114; 145496; 1
9; r; 149984; 1088; 489; 58; 149983; 4
9; r; 189089; 1088; 823; 94; 189088; 3
9; r; 192294; 1088; 686; 77; 192293; 5
9; r; 195500; 1088; 934; 99; 195499; 9
9; r; 208966; 1088; 476; 55; 208965; 6
9; r; 214095; 1088; 219; 29; 214094; 11
9; r; 217941; 1088; 124; 15; 217940; 7
9; r; 233968; 1088; 937; 100; 233967; 4
9; r; 234609; 1088; 169; 20; 234608; 11
9; r; 242945; 1088; 26; 1; 242944; 8
9; r; 255128; 1088; 676; 75; 255127; 5
9; r; 282054; 1088; 808; 90; 282053; 5
9; r; 718357; 1088; 346; 45; 718356; 11
9; r; 728612; 1088; 593; 64; 728611; 9
9; r; 752327; 1088; 354; 46; 752326; 6
9; r; 761300; 1088; 1079; 113; 761299; 3
9; r; 766428; 1088; 651; 72; 766427; 9
9; r; 771555; 1088; 109; 14; 771554; 15
9; r; 779246; 1088; 137; 16; 779245; 11
9; r; 790783; 1088; 707; 79; 790782; 6
9; r; 801036; 1088; 1046; 109; 801035; 21
9; r; 801677; 1088; 1076; 112; 801676; 3
9; r; 811291; 1088; 682; 76; 811290; 4
9; r; 811932; 1088; 175; 22; 811931; 10
9; r; 818983; 1088; 973; 102; 818982; 4
9; r; 823470; 1088; 799; 87; 823469; 8
9; r; 829878; 1088; 818; 93; 829877; 6
9; r; 834365; 1088; 540; 61; 834364; 6
9; r; 837569; 1088; 256; 34; 837568; 7
9; r; 840133; 1088; 744; 84; 840132; 6
9; r; 845261; 1088; 638; 70; 845260; 5
9; r; 846543; 1088; 576; 63; 846542; 6
9; r; 852951; 1088; 1086; 115; 852950; 6
9; r; 856156; 1088; 689; 78; 856155; 6
9; r; 857438; 1088; 460; 51; 857437; 8
9; r; 862566; 1088; 334; 42; 862565; 11
9; r; 863847; 1088; 663; 74; 863846; 9
9; r; 868974; 1088; 538; 60; 868973; 5
9; r; 878588; 1088; 805; 89; 878587; 5
9; r; 881151; 1088; 473; 54; 881150; 6
9; r; 901660; 1088; 36; 2; 901659; 13
9; r; 904224; 1088; 343; 44; 904223; 8
9; r; 906147; 1088; 160; 18; 906146; 7
9; r; 908070; 1088; 329; 41; 908069; 6
9; r; 924734; 1088; 1053; 212; 124733; 1
9; r; 926657; 1088; 311; 40; 926656; 7
9; r; 935633; 1088; 250; 33; 935632; 10
9; r; 988837; 1088; 1019; 206; 188836; 1
9; r; 1008067; 1088; 601; 66; 1008066; 10
9; r; 1011274; 1088; 952; 199; 211273; 1
9; r; 1036276; 1088; 983; 103; 1036275; 5
9; r; 1055510; 1088; 901; 96; 1055509; 6
9; r; 1076671; 1088; 803; 88; 1076670; 8
9; r; 1083083; 1088; 182; 25; 1083082; 13
9; r; 1090137; 1088; 181; 24; 1090136; 13
9; r; 1097191; 1088; 747; 85; 1097190; 6
9; r; 1529420; 1088; 628; 69; 1529419; 10
9; r; 1530061; 1088; 525; 59; 1530060; 7
9; r; 1549931; 1088; 56; 7; 1549930; 10
9; r; 1553777; 1088; 242; 31; 1553776; 10
9; r; 1558264; 1088; 276; 37; 1558263; 7
9; r; 1574927; 1088; 542; 159; 774926; 8
9; r; 1575568; 1088; 510; 155; 775567; 5
9; r; 1585822; 1088; 932; 98; 1585821; 7
9; r; 1587104; 1088; 886; 191; 787103; 3
9; r; 1595435; 1088; 814; 186; 795434; 4
9; r; 1597999; 1088; 974; 204; 797998; 8
9; r; 1603767; 1088; 248; 32; 1603766; 7
9; r; 1604408; 1088; 435; 49; 1604407; 10
9; r; 1608895; 1088; 44; 4; 1608894; 10
9; r; 1610177; 1088; 265; 35; 1610176; 14
9; r; 1616586; 1088; 271; 36; 1616585; 11
9; r; 1619790; 1088; 384; 48; 1619789; 9
9; r; 1621073; 1088; 77; 9; 1621072; 11
9; r; 1628122; 1088; 98; 13; 1628121; 10
9; r; 1631327; 1088; 728; 82; 1631326; 9
9; r; 1634532; 1088; 437; 50; 1634531; 8
9; r; 1635814; 1088; 339; 43; 1635813; 9
9; r; 1643505; 1088; 211; 27; 1643504; 12
9; r; 1655043; 1088; 66; 8; 1655042; 12
9; r; 1683244; 1088; 493; 154; 883243; 4
9; r; 1689013; 1088; 782; 182; 889012; 4
9; r; 1689654; 1088; 745; 180; 889653; 4
9; r; 1690936; 1088; 725; 177; 890935; 2
9; r; 1700551; 1088; 1048; 210; 900550; 3
9; r; 1708244; 1088; 791; 183; 908243; 3
9; r; 1709526; 1088; 177; 23; 1709525; 10
9; r; 1711450; 1088; 162; 19; 1711449; 8
9; r; 1714014; 1088; 551; 161; 914013; 6
9; r; 1716577; 1088; 681; 173; 916576; 4
9; r; 1724269; 1088; 717; 175; 924268; 6
9; r; 1726192; 1088; 48; 5; 1726191; 8
9; r; 1733884; 1088; 417; 148; 933883; 5
9; r; 1740934; 1088; 590; 165; 940933; 4
9; r; 1742216; 1088; 1047; 209; 942215; 5
9; r; 1744780; 1088; 297; 39; 1744779; 10
9; r; 1774266; 1088; 1049; 211; 974265; 6
9; r; 1783882; 1088; 1045; 208; 983881; 4
9; r; 1809523; 1088; 38; 3; 1809522; 9
9; r; 1830675; 1088; 652; 171; 1030674; 4
9; r; 1834521; 1088; 189; 26; 1834520; 9
9; r; 1844780; 1088; 1023; 107; 1844779; 11
9; r; 1849268; 1088; 89; 12; 1849267; 10
9; r; 1850551; 1088; 941; 198; 1050550; 10
9; r; 1855680; 1088; 550; 160; 1055679; 5
9; r; 1858245; 1088; 905; 194; 1058244; 5
9; r; 1873630; 1088; 535; 158; 1073629; 8
9; r; 1903123; 1088; 607; 67; 1903122; 7
9; r; 1915312; 1088; 423; 149; 1115311; 5
9; r; 2317466; 1088; 616; 168; 1517465; 7
9; r; 2318748; 1088; 123; 130; 1518747; 8
9; r; 2319389; 1088; 358; 144; 1519388; 6
9; r; 2320671; 1088; 643; 170; 1520670; 5
9; r; 2329645; 1088; 724; 176; 1529644; 3
9; r; 2334773; 1088; 599; 65; 2334772; 8
9; r; 2335414; 1088; 79; 11; 2335413; 11
9; r; 2336055; 1088; 211; 135; 1536054; 11
9; r; 2348233; 1088; 138; 17; 2348232; 12
9; r; 2348874; 1088; 867; 190; 1548873; 6
9; r; 2350156; 1088; 897; 192; 1550155; 8
9; r; 2366820; 1088; 803; 185; 1566819; 6
9; r; 2367461; 1088; 377; 145; 1567460; 6
9; r; 2369383; 1088; 898; 193; 1569382; 8
9; r; 2371947; 1088; 1068; 214; 1571946; 5
9; r; 2377716; 1088; 137; 131; 1577715; 10
9; r; 2391816; 1088; 193; 134; 1591815; 8
9; r; 2393098; 1088; 726; 178; 1593097; 8
9; r; 2404634; 1088; 447; 151; 1604633; 8
9; r; 2411043; 1088; 969; 203; 1611042; 6
9; r; 2412325; 1088; 966; 201; 1612324; 6
9; r; 2421300; 1088; 669; 172; 1621299; 6
9; r; 2428351; 1088; 699; 174; 1628350; 7
9; r; 2431556; 1088; 486; 57; 2431555; 7
9; r; 2436042; 1088; 562; 162; 1636041; 8
9; r; 2437324; 1088; 798; 184; 1637323; 6
9; r; 2441811; 1088; 352; 143; 1641810; 6
9; r; 2449502; 1088; 50; 123; 1649501; 7
9; r; 2451425; 1088; 930; 196; 1651424; 8
9; r; 2452066; 1088; 459; 152; 1652065; 6
9; r; 2461681; 1088; 216; 136; 1661680; 9
9; r; 2462322; 1088; 837; 189; 1662321; 6
9; r; 2471296; 1088; 228; 137; 1671295; 7
9; r; 2477065; 1088; 150; 133; 1677064; 12
9; r; 2477706; 1088; 386; 146; 1677705; 7
9; r; 2491809; 1088; 924; 195; 1691808; 7
9; r; 2509117; 1088; 733; 179; 1709116; 7
9; r; 2510399; 1088; 1056; 111; 2510398; 13
9; r; 2529629; 1088; 62; 125; 1729628; 8
9; r; 2541165; 1088; 574; 164; 1741164; 7
9; r; 2548218; 1088; 146; 132; 1748217; 8
9; r; 2552706; 1088; 284; 140; 1752705; 9
9; r; 2564885; 1088; 84; 127; 1764884; 8
9; r; 2583474; 1088; 939; 197; 1783473; 6
9; r; 2588604; 1088; 49; 122; 1788603; 8
9; r; 2591809; 1088; 475; 153; 1791808; 7
9; r; 2650792; 1088; 1066; 213; 1850791; 5
9; r; 3117520; 1088; 43; 121; 2317519; 11
9; r; 3127777; 1088; 78; 10; 3127776; 11
9; r; 3155344; 1088; 567; 163; 2355343; 11
9; r; 3180344; 1088; 356; 47; 3180343; 15
9; r; 3186754; 1088; 7; 117; 2386753; 13
9; r; 3204704; 1088; 312; 141; 2404703; 10
9; r; 3207267; 1088; 285; 38; 3207266; 11
9; r; 3227783; 1088; 826; 187; 2427782; 10
9; r; 3229065; 1088; 774; 181; 2429064; 8
9; r; 3230347; 1088; 17; 118; 2430346; 11
9; r; 3231630; 1088; 596; 167; 2431629; 9
9; r; 3241244; 1088; 235; 138; 2441243; 13
9; r; 3244449; 1088; 236; 139; 2444448; 9
9; r; 3261759; 1088; 100; 128; 2461758; 11
9; r; 3284208; 1088; 112; 129; 2484207; 16
9; r; 3299615; 1088; 594; 166; 2499614; 15
9; r; 3313081; 1088; 397; 147; 2513080; 11
9; r; 3339406; 1088; 531; 157; 2539405; 10
9; r; 3344542; 1088; 32; 120; 2544541; 18
9; r; 3368956; 1088; 1026; 207; 2568955; 9
9; r; 3377317; 1088; 55; 6; 3377316; 16
9; r; 3382465; 1088; 436; 150; 2582464; 13
9; r; 3390205; 1088; 994; 205; 2590204; 11
9; r; 3403128; 1088; 342; 142; 2603127; 10
