iter; type; time slot; d_nodes; s_nodes; pid; nslot; nhop
0; r; 447112; 1088; 717; 131; 16564; 4
0; r; 456154; 1088; 485; 12; 454207; 4
0; r; 507639; 1088; 645; 23; 501464; 6
0; r; 512131; 1088; 919; 75; 492524; 1
0; r; 535234; 1088; 448; 114; 505870; 5
0; r; 557694; 1088; 266; 61; 541401; 10
0; r; 558977; 1088; 397; 130; 135755; 10
0; r; 580783; 1088; 686; 78; 560080; 4
0; r; 600030; 1088; 767; 70; 581813; 7
0; r; 601313; 1088; 885; 4; 600891; 3
0; r; 654532; 1088; 900; 95; 629207; 5
0; r; 673125; 1088; 918; 48; 661790; 2
0; r; 674407; 1088; 644; 47; 663180; 5
0; r; 675048; 1088; 938; 37; 665647; 4
0; r; 696208; 1088; 687; 86; 673927; 3
0; r; 698131; 1088; 1014; 92; 674002; 2
0; r; 705185; 1088; 1010; 89; 682465; 3
0; r; 728904; 1088; 749; 1; 728799; 8
0; r; 746214; 1088; 766; 15; 743316; 7
0; r; 754550; 1088; 801; 25; 747533; 6
0; r; 768651; 1088; 847; 11; 767347; 3
0; r; 778267; 1088; 1067; 81; 756822; 5
0; r; 783400; 1088; 1053; 111; 754635; 3
0; r; 786606; 1088; 219; 21; 780604; 7
0; r; 1252293; 1088; 879; 166; 438327; 2
0; r; 1256796; 1088; 490; 39; 1247174; 5
0; r; 1266423; 1088; 689; 76; 1246186; 4
0; r; 1292768; 1088; 182; 64; 1275419; 9
0; r; 1321015; 1088; 676; 5; 1320427; 7
0; r; 1368473; 1088; 267; 43; 1358135; 11
0; r; 1370396; 1088; 376; 16; 1366778; 12
0; r; 1389634; 1088; 600; 53; 1376650; 7
0; r; 1398615; 1088; 825; 50; 1386953; 9
0; r; 1399897; 1088; 775; 34; 1391310; 6
0; r; 1405027; 1088; 260; 65; 1387465; 6
0; r; 1424266; 1088; 954; 171; 609002; 1
0; r; 1435805; 1088; 599; 8; 1434852; 9
0; r; 1446060; 1088; 79; 72; 1427483; 9
0; r; 1453760; 1088; 915; 169; 638606; 2
0; r; 1458248; 1088; 383; 41; 1448457; 6
0; r; 1490308; 1088; 720; 122; 1459023; 4
0; r; 1507617; 1088; 1051; 228; 676670; 1
0; r; 1513388; 1088; 1029; 28; 1505942; 9
0; r; 1532623; 1088; 951; 167; 718577; 1
0; r; 1536469; 1088; 360; 2; 1536312; 6
0; r; 1537110; 1088; 544; 103; 1510613; 7
0; r; 1550573; 1088; 1025; 85; 1528322; 11
0; r; 1555060; 1088; 981; 215; 727282; 3
0; r; 1555702; 1088; 914; 204; 730872; 2
0; r; 1562113; 1088; 223; 73; 1543197; 7
0; r; 1587116; 1088; 992; 117; 1557442; 10
0; r; 1599938; 1088; 263; 98; 1573967; 5
0; r; 2020275; 1088; 787; 135; 1218964; 3
0; r; 2058272; 1088; 844; 13; 2056110; 10
0; r; 2133375; 1088; 453; 230; 1301936; 4
0; r; 2135939; 1088; 243; 110; 2107251; 8
0; r; 2137223; 1088; 594; 19; 2132443; 11
0; r; 2141069; 1088; 200; 52; 2128360; 10
0; r; 2153258; 1088; 725; 126; 2121076; 5
0; r; 2188535; 1088; 861; 44; 2178001; 6
0; r; 2209056; 1088; 1081; 140; 1405448; 2
0; r; 2212902; 1088; 1048; 178; 1395064; 3
0; r; 2227652; 1088; 319; 125; 2195480; 5
0; r; 2232144; 1088; 430; 38; 2222699; 8
0; r; 2234709; 1088; 142; 56; 2220205; 9
0; r; 2244969; 1088; 396; 36; 2236311; 10
0; r; 2249461; 1088; 695; 100; 2223379; 9
0; r; 2253949; 1088; 309; 54; 2240598; 9
0; r; 2277671; 1088; 734; 109; 2249103; 8
0; r; 2285366; 1088; 86; 49; 2273759; 9
0; r; 2296905; 1088; 882; 149; 1489359; 3
0; r; 2299470; 1088; 651; 17; 2295316; 5
0; r; 2304599; 1088; 428; 29; 2296782; 8
0; r; 2311651; 1088; 185; 24; 2304778; 8
0; r; 2323831; 1088; 177; 107; 2295868; 14
0; r; 2328960; 1088; 554; 152; 1520653; 4
0; r; 2368711; 1088; 588; 46; 2357783; 6
0; r; 2369352; 1088; 363; 63; 2352301; 9
0; r; 2370634; 1088; 873; 139; 1567162; 5
0; r; 2380888; 1088; 440; 83; 2358754; 10
0; r; 2383452; 1088; 590; 6; 2382847; 9
0; r; 2849026; 1088; 887; 113; 2819853; 13
0; r; 2864456; 1088; 466; 97; 2838715; 7
0; r; 2868312; 1088; 612; 146; 2061092; 4
0; r; 2870239; 1088; 648; 191; 2048057; 4
0; r; 2881798; 1088; 811; 219; 2052208; 4
0; r; 2910691; 1088; 910; 137; 2107548; 5
0; r; 2911977; 1088; 649; 175; 2095575; 4
0; r; 2916471; 1088; 461; 184; 2097721; 4
0; r; 2924169; 1088; 758; 124; 2892235; 7
0; r; 2941489; 1088; 536; 80; 2920216; 7
0; r; 2942775; 1088; 278; 58; 2927919; 8
0; r; 2947908; 1088; 675; 138; 2144590; 4
0; r; 2951115; 1088; 933; 196; 2128148; 5
0; r; 2953680; 1088; 274; 128; 2921256; 9
0; r; 3033200; 1088; 490; 156; 2223578; 5
0; r; 3036405; 1088; 378; 145; 2229361; 6
0; r; 3040253; 1088; 192; 51; 3028216; 8
0; r; 3040894; 1088; 804; 153; 2232342; 5
0; r; 3046023; 1088; 580; 170; 2230784; 5
0; r; 3071666; 1088; 874; 188; 2250273; 5
0; r; 3085769; 1088; 648; 84; 3063587; 8
0; r; 3107572; 1088; 525; 183; 2289001; 4
0; r; 3110777; 1088; 235; 119; 3080822; 9
0; r; 3116546; 1088; 92; 87; 3094087; 8
0; r; 3119110; 1088; 767; 182; 2300893; 7
0; r; 3126162; 1088; 450; 31; 3118213; 8
0; r; 3147960; 1088; 511; 214; 2320291; 6
0; r; 3153088; 1088; 302; 59; 3137027; 12
0; r; 3160781; 1088; 328; 144; 2354344; 6
0; r; 3168475; 1088; 911; 133; 2367688; 4
0; r; 3177449; 1088; 1010; 192; 2354729; 4
0; r; 3182576; 1088; 78; 7; 3181834; 8
0; r; 3616973; 1088; 625; 20; 3611314; 15
0; r; 3618314; 1088; 87; 35; 3609694; 9
0; r; 3631205; 1088; 978; 14; 3628792; 10
0; r; 3663982; 1088; 1043; 101; 3637887; 9
0; r; 3679411; 1088; 414; 82; 3657964; 8
0; r; 3697407; 1088; 1042; 157; 2886986; 7
0; r; 3710248; 1088; 845; 120; 3680122; 12
0; r; 3714095; 1088; 290; 229; 2883089; 6
0; r; 3716660; 1088; 909; 3; 3716385; 17
0; r; 3717303; 1088; 460; 69; 3699208; 14
0; r; 3767348; 1088; 191; 223; 2937430; 8
0; r; 3768630; 1088; 172; 18; 3764347; 10
0; r; 3796848; 1088; 250; 123; 3765199; 8
0; r; 3801337; 1088; 150; 112; 3772242; 10
0; r; 3803260; 1088; 952; 160; 2991717; 3
0; r; 3808390; 1088; 633; 231; 2976561; 7
0; r; 3857765; 1088; 864; 55; 3843315; 10
0; r; 3863533; 1088; 467; 71; 3845133; 11
0; r; 3910337; 1088; 392; 195; 3087466; 5
0; r; 3914824; 1088; 544; 208; 3088327; 6
0; r; 3930852; 1088; 73; 176; 3114320; 9
0; r; 3942391; 1088; 56; 115; 3912908; 9
0; r; 3948801; 1088; 797; 141; 3144572; 8
0; r; 3955854; 1088; 902; 189; 3134188; 8
0; r; 3961623; 1088; 319; 234; 3129451; 8
0; r; 3967393; 1088; 68; 108; 3938950; 10
0; r; 3975087; 1088; 308; 220; 3145349; 7
1; r; 5129; 1088; 1049; 115; 5128; 1
1; r; 16667; 1088; 886; 101; 16666; 2
1; r; 28209; 1088; 1083; 118; 28208; 1
1; r; 30773; 1088; 586; 66; 30772; 3
1; r; 57713; 1088; 725; 81; 57712; 3
1; r; 61562; 1088; 971; 109; 61561; 5
1; r; 67974; 1088; 542; 60; 67973; 5
1; r; 110934; 1088; 743; 84; 110933; 4
1; r; 121835; 1088; 655; 73; 121834; 3
1; r; 544189; 1088; 927; 105; 544188; 9
1; r; 600020; 1088; 524; 57; 600019; 5
1; r; 603227; 1088; 1084; 119; 603226; 7
1; r; 621178; 1088; 177; 28; 621177; 11
1; r; 621819; 1088; 880; 100; 621818; 3
1; r; 625027; 1088; 972; 110; 625026; 13
1; r; 632080; 1088; 552; 61; 632079; 5
1; r; 632721; 1088; 259; 37; 632720; 7
1; r; 635286; 1088; 295; 41; 635285; 11
1; r; 651318; 1088; 64; 10; 651317; 14
1; r; 655809; 1088; 678; 75; 655808; 5
1; r; 656451; 1088; 359; 45; 656450; 6
1; r; 701973; 1088; 677; 74; 701972; 4
1; r; 708384; 1088; 760; 85; 708383; 10
1; r; 710307; 1088; 214; 34; 710306; 9
1; r; 744283; 1088; 804; 93; 744282; 5
1; r; 768644; 1088; 351; 44; 768643; 7
1; r; 807749; 1088; 925; 104; 807748; 11
1; r; 826979; 1088; 687; 76; 826978; 3
1; r; 828261; 1088; 618; 71; 828260; 3
1; r; 842368; 1088; 736; 83; 842367; 5
1; r; 847498; 1088; 1015; 112; 847497; 2
1; r; 851986; 1088; 905; 103; 851985; 5
1; r; 853268; 1088; 285; 39; 853267; 7
1; r; 876352; 1088; 344; 43; 876351; 6
1; r; 881480; 1088; 724; 80; 881479; 5
1; r; 896871; 1088; 181; 29; 896870; 10
1; r; 898153; 1088; 40; 6; 898152; 14
1; r; 909692; 1088; 41; 7; 909691; 11
1; r; 922516; 1088; 489; 54; 922515; 4
1; r; 925081; 1088; 587; 67; 925080; 4
1; r; 1332219; 1088; 988; 214; 532218; 1
1; r; 1372633; 1088; 535; 59; 1372632; 9
1; r; 1378410; 1088; 815; 195; 578409; 3
1; r; 1408555; 1088; 572; 63; 1408554; 6
1; r; 1426510; 1088; 777; 88; 1426509; 5
1; r; 1434847; 1088; 810; 94; 1434846; 6
1; r; 1440620; 1088; 1065; 117; 1440619; 7
1; r; 1450880; 1088; 1035; 114; 1450879; 8
1; r; 1453444; 1088; 1085; 120; 1453443; 4
1; r; 1459217; 1088; 170; 26; 1459216; 8
1; r; 1463705; 1088; 72; 13; 1463704; 9
1; r; 1473962; 1088; 409; 50; 1473961; 7
1; r; 1532949; 1088; 883; 201; 732948; 2
1; r; 1543848; 1088; 807; 193; 743847; 5
1; r; 1563080; 1088; 887; 202; 763079; 4
1; r; 1573977; 1088; 806; 192; 773976; 4
1; r; 1582951; 1088; 824; 196; 782950; 2
1; r; 1584874; 1088; 1010; 111; 1584873; 8
1; r; 1586797; 1088; 714; 186; 786796; 4
1; r; 1594487; 1088; 922; 206; 794486; 1
1; r; 1654104; 1088; 1055; 221; 854103; 1
1; r; 1659874; 1088; 133; 22; 1659873; 12
1; r; 1662439; 1088; 791; 90; 1662438; 3
1; r; 1688081; 1088; 876; 99; 1688080; 9
1; r; 1715652; 1088; 767; 87; 1715651; 6
1; r; 2129935; 1088; 554; 62; 2129934; 10
1; r; 2150465; 1088; 224; 35; 2150464; 7
1; r; 2156239; 1088; 932; 106; 2156238; 8
1; r; 2217825; 1088; 507; 56; 2217824; 6
1; r; 2219107; 1088; 787; 190; 1419106; 5
1; r; 2239625; 1088; 977; 212; 1439624; 3
1; r; 2243472; 1088; 287; 40; 2243471; 9
1; r; 2245397; 1088; 831; 96; 2245396; 6
1; r; 2262068; 1088; 607; 70; 2262067; 7
1; r; 2263991; 1088; 975; 211; 1463990; 4
1; r; 2265273; 1088; 848; 199; 1465272; 4
1; r; 2266558; 1088; 296; 42; 2266557; 8
1; r; 2268481; 1088; 972; 210; 1468480; 5
1; r; 2272329; 1088; 1026; 113; 2272328; 7
1; r; 2272969; 1088; 520; 174; 1472968; 5
1; r; 2278101; 1088; 114; 18; 2278100; 11
1; r; 2284512; 1088; 403; 48; 2284511; 11
1; r; 2299259; 1088; 191; 30; 2299258; 8
1; r; 2305030; 1088; 44; 8; 2305029; 9
1; r; 2310160; 1088; 495; 55; 2310159; 10
1; r; 2318493; 1088; 602; 69; 2318492; 8
1; r; 2324262; 1088; 865; 98; 2324261; 7
1; r; 2328750; 1088; 518; 173; 1528749; 4
1; r; 2329390; 1088; 682; 185; 1529389; 4
1; r; 2344133; 1088; 1062; 116; 2344132; 10
1; r; 2352467; 1088; 933; 107; 2352466; 7
1; r; 2353749; 1088; 978; 213; 1553748; 5
1; r; 2370418; 1088; 67; 12; 2370417; 11
1; r; 2376188; 1088; 704; 78; 2376187; 7
1; r; 2392217; 1088; 775; 188; 1592216; 6
1; r; 2401832; 1088; 786; 89; 2401831; 5
1; r; 2407602; 1088; 764; 86; 2407601; 7
1; r; 2422347; 1088; 797; 91; 2422346; 8
1; r; 2437735; 1088; 419; 51; 2437734; 7
1; r; 2441581; 1088; 945; 208; 1641580; 3
1; r; 2445426; 1088; 75; 14; 2445425; 10
1; r; 2472991; 1088; 211; 33; 2472990; 9
1; r; 2473632; 1088; 23; 4; 2473631; 11
1; r; 2474915; 1088; 626; 183; 1674914; 3
1; r; 2485171; 1088; 117; 19; 2485170; 9
1; r; 2510173; 1088; 54; 9; 2510172; 9
1; r; 2950122; 1088; 438; 53; 2950121; 8
1; r; 2965516; 1088; 380; 46; 2965515; 8
1; r; 2982201; 1088; 36; 5; 2982200; 15
1; r; 2986690; 1088; 65; 11; 2986689; 9
1; r; 3011058; 1088; 941; 207; 2211057; 5
1; r; 3020682; 1088; 965; 209; 2220681; 7
1; r; 3072621; 1088; 843; 97; 3072620; 10
1; r; 3107237; 1088; 422; 52; 3107236; 9
1; r; 3111726; 1088; 506; 170; 2311725; 9
1; r; 3143146; 1088; 421; 166; 2343145; 5
1; r; 3160454; 1088; 531; 58; 3160453; 8
1; r; 3180326; 1088; 634; 72; 3180325; 8
1; r; 3197634; 1088; 15; 3; 3197633; 9
1; r; 3198275; 1088; 0; 0; 3198274; 11
1; r; 3208530; 1088; 999; 217; 2408529; 6
1; r; 3219430; 1088; 901; 204; 2419429; 7
1; r; 3220071; 1088; 346; 159; 2420070; 8
1; r; 3225199; 1088; 942; 108; 3225198; 9
1; r; 3230327; 1088; 315; 154; 2430326; 7
1; r; 3236737; 1088; 702; 77; 3236736; 8
1; r; 3244430; 1088; 870; 200; 2444429; 5
1; r; 3245071; 1088; 411; 163; 2445070; 5
1; r; 3249559; 1088; 616; 182; 2449558; 6
1; r; 3250201; 1088; 124; 20; 3250200; 9
1; r; 3254688; 1088; 136; 23; 3254687; 12
1; r; 3256611; 1088; 152; 141; 2456610; 8
1; r; 3257252; 1088; 511; 171; 2457251; 6
1; r; 3825956; 1088; 117; 135; 3025955; 9
1; r; 3838782; 1088; 248; 36; 3838781; 10
1; r; 3841989; 1088; 512; 172; 3041988; 7
1; r; 3842630; 1088; 311; 153; 3042629; 7
1; r; 3865065; 1088; 572; 179; 3065064; 7
1; r; 3866347; 1088; 585; 180; 3066346; 5
1; r; 3866989; 1088; 447; 169; 3066988; 7
1; r; 3869558; 1088; 905; 205; 3069557; 7
1; r; 3875973; 1088; 420; 165; 3075972; 7
1; r; 3879178; 1088; 161; 142; 3079177; 10
1; r; 3883024; 1088; 592; 181; 3083023; 5
1; r; 3891998; 1088; 281; 151; 3091997; 7
1; r; 3921489; 1088; 215; 145; 3121488; 11
1; r; 3938157; 1088; 199; 31; 3938156; 12
1; r; 3943287; 1088; 829; 197; 3143286; 8
1; r; 3956108; 1088; 145; 139; 3156107; 8
1; r; 3957390; 1088; 830; 198; 3157389; 7
1; r; 3972135; 1088; 61; 128; 3172134; 10
1; r; 3972776; 1088; 139; 137; 3172775; 9
1; r; 3998415; 1088; 535; 176; 3198414; 10
2; r; 1934; 1088; 1050; 116; 1933; 1
2; r; 10917; 1088; 882; 93; 10916; 2
2; r; 16689; 1088; 755; 80; 16688; 4
2; r; 28873; 1088; 911; 97; 28872; 3
2; r; 40412; 1088; 889; 94; 40411; 1
2; r; 63491; 1088; 560; 63; 63490; 6
2; r; 90417; 1088; 543; 59; 90416; 6
2; r; 91058; 1088; 490; 51; 91057; 4
2; r; 106446; 1088; 709; 76; 106445; 6
2; r; 111574; 1088; 948; 105; 111573; 2
2; r; 113497; 1088; 779; 83; 113496; 5
2; r; 118625; 1088; 1052; 117; 118624; 1
2; r; 120549; 1088; 1081; 119; 120548; 2
2; r; 126319; 1088; 955; 107; 126318; 1
2; r; 128243; 1088; 422; 45; 128242; 5
2; r; 153253; 1088; 427; 47; 153252; 6
2; r; 161587; 1088; 77; 13; 161586; 8
2; r; 169923; 1088; 653; 73; 169922; 3
2; r; 581478; 1088; 1049; 115; 581477; 1
2; r; 587253; 1088; 919; 99; 587252; 1
2; r; 603289; 1088; 503; 53; 603288; 8
2; r; 664850; 1088; 953; 106; 664849; 5
2; r; 680240; 1088; 713; 77; 680239; 4
2; r; 688574; 1088; 453; 49; 688573; 5
2; r; 694345; 1088; 380; 42; 694344; 9
2; r; 705243; 1088; 914; 98; 705242; 2
2; r; 710372; 1088; 790; 84; 710371; 3
2; r; 734735; 1088; 808; 86; 734734; 10
2; r; 765512; 1088; 777; 82; 765511; 4
2; r; 767435; 1088; 547; 60; 767434; 6
2; r; 771282; 1088; 936; 103; 771281; 11
2; r; 777051; 1088; 90; 14; 777050; 11
2; r; 777692; 1088; 804; 85; 777691; 8
2; r; 793080; 1088; 620; 70; 793079; 7
2; r; 795644; 1088; 932; 102; 795643; 6
2; r; 797567; 1088; 337; 38; 797566; 10
2; r; 809105; 1088; 571; 66; 809104; 8
2; r; 823208; 1088; 904; 96; 823207; 6
2; r; 828335; 1088; 876; 92; 828334; 5
2; r; 832181; 1088; 654; 74; 832180; 4
2; r; 843082; 1088; 622; 71; 843081; 4
2; r; 851414; 1088; 1038; 113; 851413; 7
2; r; 856542; 1088; 989; 110; 856541; 12
2; r; 864877; 1088; 383; 43; 864876; 6
2; r; 873851; 1088; 1044; 114; 873850; 4
2; r; 899498; 1088; 300; 33; 899497; 9
2; r; 920652; 1088; 66; 11; 920651; 10
2; r; 927706; 1088; 541; 58; 927705; 7
2; r; 1435512; 1088; 366; 41; 1435511; 9
2; r; 1456032; 1088; 1048; 225; 656031; 2
2; r; 1470778; 1088; 244; 29; 1470777; 7
2; r; 1475269; 1088; 150; 19; 1475268; 10
2; r; 1478475; 1088; 580; 69; 1478474; 7
2; r; 1483608; 1088; 873; 91; 1483607; 7
2; r; 1488096; 1088; 540; 57; 1488095; 9
2; r; 1493226; 1088; 880; 206; 693225; 4
2; r; 1498998; 1088; 555; 62; 1498997; 6
2; r; 1502844; 1088; 144; 18; 1502843; 7
2; r; 1507973; 1088; 247; 30; 1507972; 9
2; r; 1512461; 1088; 702; 75; 1512460; 7
2; r; 1522077; 1088; 553; 61; 1522076; 6
2; r; 1524642; 1088; 687; 187; 724641; 3
2; r; 1525925; 1088; 921; 209; 725924; 1
2; r; 1544521; 1088; 752; 79; 1544520; 6
2; r; 1547085; 1088; 964; 108; 1547084; 6
2; r; 1551574; 1088; 722; 194; 751573; 4
2; r; 1571451; 1088; 735; 78; 1571450; 5
2; r; 1574656; 1088; 854; 90; 1574655; 8
2; r; 1586194; 1088; 299; 32; 1586193; 9
2; r; 1599655; 1088; 950; 210; 799654; 2
2; r; 1606066; 1088; 160; 22; 1606065; 8
2; r; 1636194; 1088; 942; 104; 1636193; 7
2; r; 1638117; 1088; 511; 54; 1638116; 6
2; r; 1682351; 1088; 1085; 227; 882350; 2
2; r; 1686197; 1088; 901; 95; 1686196; 7
2; r; 1719537; 1088; 971; 109; 1719536; 5
2; r; 1748388; 1088; 562; 64; 1748387; 10
2; r; 1766343; 1088; 73; 12; 1766342; 9
2; r; 2203705; 1088; 845; 203; 1403704; 3
2; r; 2206269; 1088; 21; 3; 2206268; 8
2; r; 2208194; 1088; 190; 26; 2208193; 13
2; r; 2208835; 1088; 715; 192; 1408834; 3
2; r; 2224863; 1088; 1027; 112; 2224862; 6
2; r; 2226786; 1088; 182; 25; 2226785; 6
2; r; 2238325; 1088; 328; 35; 2238324; 7
2; r; 2238966; 1088; 487; 171; 1438965; 4
2; r; 2246659; 1088; 979; 216; 1446658; 3
2; r; 2254353; 1088; 874; 204; 1454352; 4
2; r; 2260763; 1088; 499; 52; 2260762; 8
2; r; 2261404; 1088; 333; 37; 2261403; 9
2; r; 2263327; 1088; 365; 40; 2263326; 11
2; r; 2288329; 1088; 816; 199; 1488328; 3
2; r; 2289611; 1088; 1038; 223; 1489610; 4
2; r; 2309485; 1088; 239; 28; 2309484; 11
2; r; 2353081; 1088; 536; 56; 2353080; 10
2; r; 2365260; 1088; 877; 205; 1565259; 3
2; r; 2396675; 1088; 235; 27; 2396674; 8
2; r; 2406289; 1088; 423; 46; 2406288; 8
2; r; 2407571; 1088; 402; 44; 2407570; 13
2; r; 2415905; 1088; 629; 72; 2415904; 8
2; r; 2442192; 1088; 721; 193; 1642191; 3
2; r; 2448603; 1088; 574; 68; 2448602; 7
2; r; 2457578; 1088; 130; 16; 2457577; 11
2; r; 2458219; 1088; 263; 31; 2458218; 7
2; r; 2465912; 1088; 688; 188; 1665911; 3
2; r; 2483864; 1088; 168; 24; 2483863; 10
2; r; 2487069; 1088; 141; 17; 2487068; 14
2; r; 2505663; 1088; 582; 175; 1705662; 4
2; r; 2535799; 1088; 808; 197; 1735798; 5
2; r; 2539005; 1088; 588; 176; 1739004; 4
2; r; 2994741; 1088; 151; 20; 2994740; 8
2; r; 3013984; 1088; 458; 167; 2213983; 5
2; r; 3017830; 1088; 840; 201; 2217829; 4
2; r; 3037066; 1088; 459; 168; 2237065; 4
2; r; 3040913; 1088; 624; 180; 2240912; 3
2; r; 3073609; 1088; 303; 34; 3073608; 14
2; r; 3074892; 1088; 159; 21; 3074891; 9
2; r; 3078739; 1088; 970; 213; 2278738; 4
2; r; 3098618; 1088; 760; 81; 3098617; 8
2; r; 3109516; 1088; 50; 10; 3109515; 8
2; r; 3115926; 1088; 464; 169; 2315925; 8
2; r; 3121695; 1088; 24; 4; 3121694; 13
2; r; 3123618; 1088; 256; 149; 2323617; 7
2; r; 3144775; 1088; 640; 182; 2344774; 5
2; r; 3171699; 1088; 385; 159; 2371698; 5
2; r; 3174904; 1088; 121; 134; 2374903; 8
2; r; 3183880; 1088; 972; 214; 2383879; 6
2; r; 3230036; 1088; 341; 39; 3230035; 8
2; r; 3231318; 1088; 440; 165; 2431317; 7
2; r; 3296709; 1088; 30; 6; 3296708; 9
2; r; 3310173; 1088; 642; 183; 2510172; 6
2; r; 3316585; 1088; 55; 127; 2516584; 8
2; r; 3319150; 1088; 451; 166; 2519149; 4
2; r; 3336457; 1088; 165; 23; 3336456; 12
2; r; 3342869; 1088; 551; 173; 2542868; 5
2; r; 3344794; 1088; 1025; 221; 2544793; 8
2; r; 3352493; 1088; 815; 198; 2552492; 4
2; r; 3354416; 1088; 531; 55; 3354415; 9
2; r; 3365961; 1088; 330; 36; 3365960; 10
2; r; 3368525; 1088; 395; 162; 2568524; 5
2; r; 3369807; 1088; 968; 212; 2569806; 7
2; r; 3776072; 1088; 575; 174; 2976071; 5
2; r; 3777354; 1088; 926; 101; 3777353; 15
2; r; 3822255; 1088; 1; 0; 3822254; 12
2; r; 3832517; 1088; 244; 147; 3032516; 9
2; r; 3854326; 1088; 329; 151; 3054325; 6
2; r; 3870993; 1088; 973; 215; 3070992; 5
2; r; 3908181; 1088; 14; 2; 3908180; 12
2; r; 3940238; 1088; 529; 172; 3140237; 9
2; r; 3942161; 1088; 480; 170; 3142160; 6
2; r; 3946007; 1088; 665; 185; 3146006; 7
2; r; 3950494; 1088; 382; 158; 3150493; 8
2; r; 3967162; 1088; 836; 200; 3167161; 10
2; r; 3974858; 1088; 1039; 224; 3174857; 4
2; r; 3977422; 1088; 695; 189; 3177421; 9
2; r; 3978704; 1088; 1010; 217; 3178703; 5
2; r; 3982550; 1088; 844; 89; 3982549; 9
2; r; 3997294; 1088; 894; 207; 3197293; 7
3; r; 34006; 1088; 820; 83; 34005; 2
3; r; 45549; 1088; 395; 41; 45548; 5
3; r; 60935; 1088; 921; 88; 60934; 1
3; r; 71835; 1088; 490; 54; 71834; 7
3; r; 82734; 1088; 935; 89; 82733; 5
3; r; 85941; 1088; 841; 85; 85940; 5
3; r; 91070; 1088; 969; 92; 91069; 6
3; r; 130816; 1088; 766; 80; 130815; 7
3; r; 141072; 1088; 715; 76; 141071; 5
3; r; 141713; 1088; 1077; 100; 141712; 2
3; r; 574121; 1088; 543; 59; 574120; 8
3; r; 576689; 1088; 943; 90; 576688; 4
3; r; 607480; 1088; 646; 68; 607479; 4
3; r; 613253; 1088; 1040; 97; 613252; 13
3; r; 615176; 1088; 432; 47; 615175; 9
3; r; 627362; 1088; 254; 24; 627361; 7
3; r; 660060; 1088; 555; 60; 660059; 16
3; r; 671604; 1088; 249; 23; 671603; 9
3; r; 677375; 1088; 956; 91; 677374; 2
3; r; 701104; 1088; 1066; 99; 701103; 4
3; r; 716491; 1088; 790; 82; 716490; 3
3; r; 731238; 1088; 857; 86; 731237; 3
3; r; 734442; 1088; 972; 93; 734441; 5
3; r; 747903; 1088; 12; 1; 747902; 8
3; r; 751750; 1088; 471; 52; 751749; 9
3; r; 766496; 1088; 654; 69; 766495; 6
3; r; 772907; 1088; 286; 30; 772906; 11
3; r; 786368; 1088; 585; 65; 786367; 4
3; r; 843422; 1088; 493; 55; 843421; 6
3; r; 865858; 1088; 426; 44; 865857; 6
3; r; 872270; 1088; 528; 57; 872269; 11
3; r; 892146; 1088; 58; 5; 892145; 9
3; r; 921636; 1088; 83; 11; 921635; 9
3; r; 930611; 1088; 205; 19; 930610; 10
3; r; 934459; 1088; 655; 70; 934458; 4
3; r; 1366845; 1088; 944; 180; 566844; 3
3; r; 1414939; 1088; 698; 75; 1414938; 8
3; r; 1426481; 1088; 385; 39; 1426480; 6
3; r; 1429687; 1088; 769; 81; 1429686; 8
3; r; 1451485; 1088; 123; 14; 1451484; 8
3; r; 1453409; 1088; 989; 185; 653408; 1
3; r; 1460466; 1088; 73; 9; 1460465; 12
3; r; 1473289; 1088; 906; 87; 1473288; 5
3; r; 1473930; 1088; 752; 79; 1473929; 7
3; r; 1502141; 1088; 683; 160; 702140; 4
3; r; 1522018; 1088; 784; 165; 722017; 3
3; r; 1527147; 1088; 1018; 190; 727146; 1
3; r; 1528429; 1088; 118; 13; 1528428; 8
3; r; 1550863; 1088; 430; 46; 1550862; 9
3; r; 1564967; 1088; 804; 167; 764966; 4
3; r; 1566890; 1088; 591; 66; 1566889; 5
3; r; 1580995; 1088; 1063; 98; 1580994; 7
3; r; 1585483; 1088; 689; 72; 1585482; 5
3; r; 1598945; 1088; 1017; 189; 798944; 2
3; r; 1616251; 1088; 380; 38; 1616250; 8
3; r; 1617534; 1088; 571; 64; 1617533; 7
3; r; 1619457; 1088; 159; 16; 1619456; 6
3; r; 1625867; 1088; 429; 45; 1625866; 16
3; r; 1631636; 1088; 729; 77; 1631635; 8
3; r; 1643816; 1088; 1027; 96; 1643815; 13
3; r; 1665613; 1088; 272; 28; 1665612; 9
3; r; 1669460; 1088; 211; 20; 1669459; 8
3; r; 1683563; 1088; 8; 0; 1683562; 11
3; r; 1699592; 1088; 321; 35; 1699591; 9
3; r; 1700874; 1088; 411; 43; 1700873; 7
3; r; 1701515; 1088; 556; 61; 1701514; 4
3; r; 1703438; 1088; 697; 74; 1703437; 10
3; r; 1724598; 1088; 497; 56; 1724597; 9
3; r; 1735497; 1088; 654; 156; 935496; 3
3; r; 2162338; 1088; 975; 184; 1362337; 3
3; r; 2166830; 1088; 160; 17; 2166829; 12
3; r; 2186713; 1088; 837; 84; 2186712; 8
3; r; 2214934; 1088; 578; 148; 1414933; 4
3; r; 2248929; 1088; 316; 34; 2248928; 6
3; r; 2258548; 1088; 849; 172; 1458547; 4
3; r; 2260472; 1088; 538; 58; 2260471; 8
3; r; 2276503; 1088; 970; 183; 1476502; 4
3; r; 2277784; 1088; 878; 174; 1477783; 4
3; r; 2323303; 1088; 476; 53; 2323302; 12
3; r; 2323944; 1088; 15; 2; 2323943; 9
3; r; 2334842; 1088; 557; 62; 2334841; 12
3; r; 2339329; 1088; 814; 169; 1539328; 4
3; r; 2339970; 1088; 444; 49; 2339969; 7
3; r; 2359841; 1088; 548; 145; 1559840; 7
3; r; 2364971; 1088; 236; 21; 2364970; 9
3; r; 2366253; 1088; 696; 73; 2366252; 9
3; r; 2366894; 1088; 239; 22; 2366893; 11
3; r; 2384841; 1088; 553; 147; 1584840; 5
3; r; 2398942; 1088; 304; 33; 2398941; 9
3; r; 2399583; 1088; 72; 8; 2399582; 11
3; r; 2480999; 1088; 89; 12; 2480998; 9
3; r; 2507927; 1088; 808; 168; 1707926; 4
3; r; 2521391; 1088; 20; 3; 2521390; 8
3; r; 2526521; 1088; 480; 137; 1726520; 5
3; r; 2532291; 1088; 776; 164; 1732290; 4
3; r; 2545755; 1088; 913; 177; 1745754; 6
3; r; 2948210; 1088; 265; 26; 2948209; 10
3; r; 2961041; 1088; 261; 25; 2961040; 8
3; r; 3006584; 1088; 897; 176; 2206583; 5
3; r; 3045055; 1088; 544; 144; 2245054; 6
3; r; 3050185; 1088; 802; 166; 2250184; 5
3; r; 3059805; 1088; 519; 139; 2259804; 5
3; r; 3064934; 1088; 681; 159; 2264933; 5
3; r; 3069423; 1088; 933; 178; 2269422; 8
3; r; 3084811; 1088; 539; 143; 2284810; 5
3; r; 3093144; 1088; 990; 94; 3093143; 10
3; r; 3121355; 1088; 451; 136; 2321354; 7
3; r; 3130332; 1088; 389; 128; 2330331; 5
3; r; 3150848; 1088; 296; 120; 2350847; 5
3; r; 3173283; 1088; 486; 138; 2373282; 10
3; r; 3207903; 1088; 550; 146; 2407902; 5
3; r; 3214955; 1088; 568; 63; 3214954; 11
3; r; 3236116; 1088; 581; 149; 2436115; 5
3; r; 3240603; 1088; 463; 51; 3240602; 9
3; r; 3249577; 1088; 677; 158; 2449576; 5
3; r; 3274583; 1088; 244; 117; 2474582; 11
3; r; 3275865; 1088; 223; 116; 2475864; 8
3; r; 3303436; 1088; 342; 123; 2503435; 7
3; r; 3329078; 1088; 127; 109; 2529077; 8
3; r; 3330361; 1088; 267; 27; 3330360; 10
3; r; 3342545; 1088; 520; 140; 2542544; 5
3; r; 3754103; 1088; 298; 31; 3754102; 14
3; r; 3782336; 1088; 303; 32; 3782335; 11
3; r; 3817627; 1088; 432; 130; 3017626; 11
3; r; 3847780; 1088; 147; 111; 3047779; 11
3; r; 3859328; 1088; 828; 170; 3059327; 8
3; r; 3859968; 1088; 534; 142; 3059967; 10
3; r; 3864459; 1088; 415; 129; 3064458; 7
3; r; 3865742; 1088; 166; 113; 3065741; 12
3; r; 3871513; 1088; 195; 114; 2672111; 12
3; r; 3872154; 1088; 371; 126; 3072153; 10
3; r; 3885619; 1088; 999; 95; 3885618; 12
3; r; 3899085; 1088; 90; 106; 3099084; 9
3; r; 3910625; 1088; 627; 155; 3110624; 10
3; r; 3920247; 1088; 161; 18; 3920246; 14
3; r; 3987580; 1088; 272; 119; 3187579; 10
3; r; 3988863; 1088; 6; 101; 3188862; 14
4; r; 3219; 1088; 884; 83; 3218; 2
4; r; 13484; 1088; 931; 92; 13483; 6
4; r; 17974; 1088; 690; 64; 17973; 3
4; r; 436780; 1088; 1053; 102; 436779; 1
4; r; 443256; 1088; 986; 98; 443255; 1
4; r; 508876; 1088; 614; 59; 508875; 4
4; r; 522353; 1088; 487; 46; 522352; 6
4; r; 546094; 1088; 782; 72; 546093; 10
4; r; 574980; 1088; 635; 61; 574979; 7
4; r; 580758; 1088; 762; 69; 580757; 7
4; r; 590380; 1088; 914; 87; 590379; 4
4; r; 603845; 1088; 975; 96; 603844; 5
4; r; 616670; 1088; 640; 62; 616669; 7
4; r; 628852; 1088; 983; 97; 628851; 2
4; r; 666041; 1088; 297; 28; 666040; 11
4; r; 690406; 1088; 910; 86; 690405; 3
4; r; 691047; 1088; 445; 40; 691046; 9
4; r; 707716; 1088; 812; 77; 707715; 4
4; r; 721179; 1088; 850; 80; 721178; 3
4; r; 733360; 1088; 454; 42; 733359; 7
4; r; 744256; 1088; 859; 81; 744255; 12
4; r; 748105; 1088; 609; 58; 748104; 8
4; r; 756440; 1088; 918; 88; 756439; 4
4; r; 761568; 1088; 566; 54; 761567; 8
4; r; 792341; 1088; 342; 32; 792340; 8
4; r; 801317; 1088; 671; 63; 801316; 6
4; r; 803882; 1088; 808; 76; 803881; 4
4; r; 814781; 1088; 507; 48; 814780; 8
4; r; 1240798; 1088; 590; 55; 1240797; 9
4; r; 1318551; 1088; 539; 50; 1318550; 13
4; r; 1321759; 1088; 1022; 214; 521758; 1
4; r; 1327532; 1088; 767; 71; 1327531; 10
4; r; 1333946; 1088; 306; 30; 1333945; 7
4; r; 1353823; 1088; 748; 182; 553822; 3
4; r; 1412199; 1088; 540; 51; 1412198; 8
4; r; 1414123; 1088; 452; 41; 1414122; 5
4; r; 1435280; 1088; 619; 60; 1435279; 4
4; r; 1441693; 1088; 518; 49; 1441692; 11
4; r; 1442974; 1088; 552; 52; 1442973; 6
4; r; 1457721; 1088; 784; 73; 1457720; 6
4; r; 1462850; 1088; 1049; 217; 662849; 2
4; r; 1505806; 1088; 998; 99; 1505805; 10
4; r; 1507088; 1088; 283; 27; 1507087; 9
4; r; 1514143; 1088; 174; 15; 1514142; 8
4; r; 1516065; 1088; 397; 36; 1516064; 10
4; r; 1540421; 1088; 877; 195; 740420; 4
4; r; 1541062; 1088; 470; 44; 1541061; 8
4; r; 1542985; 1088; 983; 208; 742984; 2
4; r; 1554525; 1088; 900; 85; 1554524; 7
4; r; 1591711; 1088; 786; 184; 791710; 2
4; r; 1598762; 1088; 923; 200; 798761; 1
4; r; 1599403; 1088; 885; 196; 799402; 2
4; r; 1608378; 1088; 921; 199; 808377; 1
4; r; 1615432; 1088; 704; 65; 1615431; 7
4; r; 1618638; 1088; 758; 68; 1618637; 12
4; r; 1619279; 1088; 247; 23; 1619278; 14
4; r; 1623126; 1088; 328; 31; 1623125; 5
4; r; 1624407; 1088; 839; 79; 1624406; 7
4; r; 2047353; 1088; 1075; 105; 2047352; 7
4; r; 2061490; 1088; 607; 57; 2061489; 12
4; r; 2062772; 1088; 362; 33; 2062771; 8
4; r; 2143652; 1088; 65; 5; 2143651; 8
4; r; 2152631; 1088; 765; 70; 2152630; 8
4; r; 2157118; 1088; 717; 178; 1357117; 3
4; r; 2159685; 1088; 815; 189; 1359684; 5
4; r; 2166101; 1088; 1077; 222; 1366100; 3
4; r; 2177003; 1088; 276; 26; 2177002; 9
4; r; 2185982; 1088; 712; 177; 1385981; 4
4; r; 2193679; 1088; 472; 45; 2193678; 7
4; r; 2209075; 1088; 742; 180; 1409074; 6
4; r; 2218050; 1088; 440; 39; 2218049; 8
4; r; 2218691; 1088; 870; 82; 2218690; 6
4; r; 2229590; 1088; 754; 183; 1429589; 3
4; r; 2257803; 1088; 175; 16; 2257802; 11
4; r; 2264854; 1088; 138; 12; 2264853; 8
4; r; 2270624; 1088; 849; 192; 1470623; 3
4; r; 2277036; 1088; 389; 35; 2277035; 6
4; r; 2291141; 1088; 929; 91; 2291140; 7
4; r; 2298194; 1088; 959; 95; 2298193; 11
4; r; 2305245; 1088; 1065; 104; 2305244; 9
4; r; 2322556; 1088; 198; 18; 2322555; 12
4; r; 2327685; 1088; 676; 174; 1527684; 4
4; r; 2335378; 1088; 953; 204; 1535377; 3
4; r; 2344995; 1088; 272; 25; 2344994; 8
4; r; 2349482; 1088; 24; 0; 2349481; 9
4; r; 2353968; 1088; 927; 90; 2353967; 9
4; r; 2370637; 1088; 190; 128; 1570636; 6
4; r; 2375764; 1088; 512; 163; 1575763; 4
4; r; 2389229; 1088; 975; 206; 1589228; 5
4; r; 2397562; 1088; 304; 29; 2397561; 9
4; r; 2399485; 1088; 221; 20; 2399484; 8
4; r; 2409104; 1088; 841; 191; 1609103; 4
4; r; 2412950; 1088; 212; 19; 2412949; 9
4; r; 2881967; 1088; 113; 10; 2881966; 10
4; r; 2894161; 1088; 1082; 106; 2894160; 15
4; r; 2970499; 1088; 43; 3; 2970498; 8
4; r; 2987821; 1088; 132; 11; 2987820; 8
4; r; 2994231; 1088; 495; 160; 2194230; 8
4; r; 3014109; 1088; 355; 143; 2214108; 8
4; r; 3039759; 1088; 383; 146; 2239758; 6
4; r; 3075669; 1088; 802; 187; 2275668; 6
4; r; 3087851; 1088; 459; 157; 2287850; 6
4; r; 3117343; 1088; 196; 129; 2317342; 8
4; r; 3162864; 1088; 381; 34; 3162863; 9
4; r; 3175684; 1088; 224; 21; 3175683; 10
4; r; 3184018; 1088; 473; 158; 2384017; 6
4; r; 3191710; 1088; 143; 13; 3191709; 10
4; r; 3202607; 1088; 744; 181; 2402606; 5
4; r; 3209016; 1088; 579; 166; 2409015; 5
4; r; 3212221; 1088; 463; 43; 3212220; 10
4; r; 3700549; 1088; 677; 175; 2900548; 8
4; r; 3703115; 1088; 814; 78; 3703114; 11
4; r; 3732002; 1088; 863; 193; 2932001; 6
4; r; 3750601; 1088; 612; 169; 2950600; 5
4; r; 3766647; 1088; 79; 7; 3766646; 17
4; r; 3769852; 1088; 79; 116; 2969851; 9
4; r; 3785893; 1088; 431; 150; 2985892; 8
4; r; 3789099; 1088; 1009; 212; 2989098; 6
4; r; 3794868; 1088; 457; 156; 2994867; 8
4; r; 3804489; 1088; 1000; 211; 3004488; 6
4; r; 3810261; 1088; 977; 207; 3010260; 4
4; r; 3856429; 1088; 436; 38; 3856428; 11
4; r; 3857712; 1088; 402; 37; 3857711; 12
4; r; 3891694; 1088; 625; 170; 3091693; 5
4; r; 3892335; 1088; 804; 188; 3092334; 7
4; r; 3928878; 1088; 894; 197; 3128877; 8
4; r; 3953239; 1088; 553; 164; 3153238; 7
4; r; 3959651; 1088; 4; 108; 3159650; 9
4; r; 3964140; 1088; 1058; 103; 3964139; 8
4; r; 3967987; 1088; 114; 120; 3167986; 9
4; r; 3977606; 1088; 432; 151; 3177605; 9
5; r; 12843; 1088; 823; 95; 12842; 2
5; r; 39775; 1088; 706; 84; 39774; 5
5; r; 46828; 1088; 588; 71; 46827; 4
5; r; 53877; 1088; 555; 64; 53876; 5
5; r; 60291; 1088; 1011; 115; 60290; 2
5; r; 61574; 1088; 1087; 122; 61573; 1
5; r; 78247; 1088; 905; 106; 78246; 6
5; r; 82735; 1088; 814; 93; 82734; 4
5; r; 509795; 1088; 1052; 118; 509794; 3
5; r; 526487; 1088; 684; 82; 526486; 4
5; r; 566277; 1088; 450; 54; 566276; 12
5; r; 582313; 1088; 616; 74; 582312; 8
5; r; 600273; 1088; 678; 80; 600272; 8
5; r; 624646; 1088; 567; 67; 624645; 13
5; r; 656712; 1088; 547; 63; 656711; 6
5; r; 658635; 1088; 515; 61; 658634; 5
5; r; 689412; 1088; 560; 65; 689411; 7
5; r; 699670; 1088; 861; 98; 699669; 8
5; r; 708003; 1088; 254; 31; 708002; 8
5; r; 714413; 1088; 393; 49; 714412; 7
5; r; 724669; 1088; 30; 1; 724668; 13
5; r; 760580; 1088; 963; 109; 760579; 6
5; r; 765067; 1088; 467; 55; 765066; 10
5; r; 768915; 1088; 415; 50; 768914; 7
5; r; 786225; 1088; 575; 68; 786224; 6
5; r; 805457; 1088; 491; 59; 805456; 5
5; r; 806098; 1088; 865; 99; 806097; 13
5; r; 810585; 1088; 805; 92; 810584; 5
5; r; 814431; 1088; 209; 24; 814430; 8
5; r; 815713; 1088; 835; 96; 815712; 7
5; r; 816354; 1088; 479; 56; 816353; 6
5; r; 821482; 1088; 205; 23; 821481; 10
5; r; 840071; 1088; 879; 102; 840070; 3
5; r; 847764; 1088; 822; 94; 847763; 3
5; r; 880459; 1088; 793; 91; 880458; 8
5; r; 1301475; 1088; 485; 57; 1301474; 7
5; r; 1338698; 1088; 723; 87; 1338697; 7
5; r; 1356024; 1088; 882; 216; 556023; 3
5; r; 1367564; 1088; 1084; 235; 567563; 1
5; r; 1409886; 1088; 275; 35; 1409885; 10
5; r; 1416943; 1088; 593; 72; 1416942; 7
5; r; 1441312; 1088; 951; 223; 641311; 2
5; r; 1445800; 1088; 143; 14; 1445799; 11
5; r; 1472092; 1088; 642; 77; 1472091; 5
5; r; 1505435; 1088; 712; 86; 1505434; 7
5; r; 1508641; 1088; 380; 46; 1508640; 8
5; r; 1515052; 1088; 912; 220; 715051; 3
5; r; 1515693; 1088; 867; 100; 1515692; 5
5; r; 1516333; 1088; 677; 79; 1516332; 6
5; r; 1521462; 1088; 621; 75; 1521461; 6
5; r; 1527875; 1088; 154; 16; 1527874; 9
5; r; 1531721; 1088; 1002; 114; 1531720; 6
5; r; 1538774; 1088; 761; 90; 1538773; 8
5; r; 1542620; 1088; 63; 7; 1542619; 8
5; r; 1544543; 1088; 609; 73; 1544542; 5
5; r; 1547748; 1088; 542; 62; 1547747; 7
5; r; 1548389; 1088; 918; 222; 748388; 2
5; r; 1553517; 1088; 248; 29; 1553516; 9
5; r; 1556083; 1088; 896; 103; 1556082; 6
5; r; 1588134; 1088; 821; 206; 788133; 2
5; r; 1588775; 1088; 125; 13; 1588774; 9
5; r; 1595827; 1088; 988; 112; 1595826; 7
5; r; 1599032; 1088; 301; 38; 1599031; 12
5; r; 1606083; 1088; 376; 44; 1606082; 12
5; r; 1612492; 1088; 387; 47; 1612491; 5
5; r; 1613133; 1088; 309; 39; 1613132; 7
5; r; 1618903; 1088; 190; 21; 1618902; 7
5; r; 1620826; 1088; 967; 110; 1620825; 6
5; r; 1633650; 1088; 904; 105; 1633649; 5
5; r; 1658650; 1088; 855; 209; 858649; 2
5; r; 1666984; 1088; 898; 104; 1666983; 5
5; r; 2094214; 1088; 972; 111; 2094213; 13
5; r; 2116679; 1088; 584; 70; 2116678; 8
5; r; 2176337; 1088; 801; 203; 1376336; 6
5; r; 2235979; 1088; 930; 107; 2235978; 8
5; r; 2248162; 1088; 124; 12; 2248161; 7
5; r; 2262267; 1088; 915; 221; 1462266; 3
5; r; 2268680; 1088; 746; 89; 2268679; 8
5; r; 2305227; 1088; 804; 204; 1505226; 5
5; r; 2328305; 1088; 226; 28; 2328304; 11
5; r; 2334075; 1088; 82; 9; 2334074; 13
5; r; 2335998; 1088; 1078; 234; 1535997; 3
5; r; 2359723; 1088; 260; 32; 2359722; 9
5; r; 2385367; 1088; 325; 40; 2385366; 7
5; r; 2393061; 1088; 967; 224; 1593060; 5
5; r; 2396907; 1088; 350; 160; 1596906; 5
5; r; 2404599; 1088; 822; 207; 1604598; 3
5; r; 2424473; 1088; 632; 76; 2424472; 16
5; r; 2428962; 1088; 1060; 119; 2428961; 7
5; r; 2431527; 1088; 1083; 121; 2431526; 7
5; r; 2454606; 1088; 184; 20; 2454605; 6
5; r; 2456529; 1088; 876; 214; 1656528; 4
5; r; 2464220; 1088; 744; 200; 1664219; 4
5; r; 2468068; 1088; 164; 18; 2468067; 6
5; r; 2470633; 1088; 2; 0; 2470632; 12
5; r; 2478325; 1088; 745; 201; 1678324; 4
5; r; 2898637; 1088; 157; 17; 2898636; 10
5; r; 2958951; 1088; 46; 4; 2958950; 11
5; r; 2971135; 1088; 679; 81; 2971134; 12
5; r; 3026928; 1088; 1082; 120; 3026927; 7
5; r; 3046162; 1088; 932; 108; 3046161; 8
5; r; 3076306; 1088; 346; 42; 3076305; 9
5; r; 3142336; 1088; 222; 27; 3142335; 8
5; r; 3159006; 1088; 216; 26; 3159005; 9
5; r; 3176955; 1088; 884; 217; 2376954; 4
5; r; 3181443; 1088; 849; 208; 2381442; 6
5; r; 3205164; 1088; 636; 190; 2405163; 5
5; r; 3223116; 1088; 413; 168; 2423115; 6
5; r; 3232093; 1088; 324; 156; 2432092; 6
5; r; 3237862; 1088; 331; 41; 3237861; 11
5; r; 3238503; 1088; 516; 179; 2438502; 6
5; r; 3239144; 1088; 508; 177; 2439143; 5
5; r; 3243631; 1088; 60; 6; 3243630; 9
5; r; 3247478; 1088; 274; 34; 3247477; 9
5; r; 3248760; 1088; 439; 53; 3248759; 9
5; r; 3250683; 1088; 392; 48; 3250682; 9
5; r; 3259657; 1088; 759; 202; 2459656; 8
5; r; 3265426; 1088; 430; 52; 3265425; 14
5; r; 3271838; 1088; 1064; 231; 2471837; 5
5; r; 3691437; 1088; 379; 45; 3691436; 8
5; r; 3706845; 1088; 611; 188; 2906844; 7
5; r; 3718394; 1088; 45; 3; 3718393; 11
5; r; 3750488; 1088; 707; 85; 3750487; 6
5; r; 3781923; 1088; 509; 178; 2981922; 7
5; r; 3801161; 1088; 296; 36; 3801160; 11
5; r; 3811422; 1088; 211; 25; 3811421; 11
5; r; 3828093; 1088; 56; 5; 3828092; 8
5; r; 3831943; 1088; 493; 174; 3031942; 6
5; r; 3847969; 1088; 44; 2; 3847968; 8
5; r; 3850533; 1088; 542; 182; 3050532; 6
5; r; 3857586; 1088; 534; 181; 3057585; 9
5; r; 3873613; 1088; 1001; 228; 3073612; 7
5; r; 3880667; 1088; 546; 183; 3080666; 7
5; r; 3892207; 1088; 875; 213; 3092206; 6
5; r; 3910798; 1088; 662; 78; 3910797; 10
5; r; 3918490; 1088; 715; 198; 3118489; 7
5; r; 3938364; 1088; 219; 148; 3138363; 7
5; r; 3939646; 1088; 993; 113; 3939645; 8
5; r; 3980672; 1088; 217; 147; 3180671; 7
5; r; 3982596; 1088; 679; 194; 3182595; 7
5; r; 3983878; 1088; 1032; 230; 3183877; 9
5; r; 3985160; 1088; 409; 167; 3185159; 7
5; r; 3987724; 1088; 992; 225; 3187723; 9
5; r; 3996698; 1088; 909; 219; 3196697; 4
5; r; 3997339; 1088; 449; 171; 3197338; 7
6; r; 5783; 1088; 822; 80; 5782; 4
6; r; 7705; 1088; 820; 79; 7704; 2
6; r; 27581; 1088; 966; 94; 27580; 5
6; r; 44250; 1088; 814; 78; 44249; 4
6; r; 59640; 1088; 1010; 102; 59639; 3
6; r; 490508; 1088; 980; 96; 490507; 2
6; r; 507211; 1088; 707; 69; 507210; 8
6; r; 536753; 1088; 1039; 104; 536752; 10
6; r; 544456; 1088; 584; 54; 544455; 6
6; r; 582950; 1088; 192; 18; 582949; 7
6; r; 593858; 1088; 767; 72; 593857; 7
6; r; 638748; 1088; 609; 58; 638747; 7
6; r; 668244; 1088; 1005; 100; 668243; 8
6; r; 709277; 1088; 938; 90; 709276; 4
6; r; 714405; 1088; 443; 42; 714404; 17
6; r; 731712; 1088; 420; 41; 731711; 9
6; r; 732353; 1088; 798; 74; 732352; 9
6; r; 749663; 1088; 610; 59; 749662; 4
6; r; 773388; 1088; 656; 61; 773387; 5
6; r; 774029; 1088; 890; 84; 774028; 3
6; r; 774670; 1088; 179; 14; 774669; 14
6; r; 824029; 1088; 182; 16; 824028; 10
6; r; 825952; 1088; 851; 81; 825951; 4
6; r; 841980; 1088; 260; 26; 841979; 6
6; r; 845826; 1088; 811; 77; 845825; 6
6; r; 849034; 1088; 305; 32; 849033; 9
6; r; 854803; 1088; 499; 45; 854802; 9
6; r; 874036; 1088; 683; 67; 874035; 3
6; r; 878524; 1088; 378; 36; 878523; 6
6; r; 881088; 1088; 976; 95; 881087; 3
6; r; 1290109; 1088; 918; 86; 1290108; 6
6; r; 1301018; 1088; 913; 85; 1301017; 7
6; r; 1341455; 1088; 1023; 103; 1341454; 11
6; r; 1349790; 1088; 954; 91; 1349789; 6
6; r; 1354280; 1088; 469; 44; 1354279; 7
6; r; 1359409; 1088; 984; 212; 559408; 1
6; r; 1383143; 1088; 949; 204; 583142; 2
6; r; 1391481; 1088; 555; 50; 1391480; 5
6; r; 1397254; 1088; 606; 57; 1397253; 7
6; r; 1401741; 1088; 937; 89; 1401740; 7
6; r; 1412004; 1088; 806; 76; 1412003; 6
6; r; 1424832; 1088; 191; 17; 1424831; 7
6; r; 1426757; 1088; 1086; 226; 626756; 1
6; r; 1452405; 1088; 1087; 227; 652404; 1
6; r; 1478051; 1088; 1008; 101; 1478050; 9
6; r; 1497289; 1088; 444; 43; 1497288; 7
6; r; 1508186; 1088; 409; 40; 1508185; 9
6; r; 1515880; 1088; 236; 24; 1515879; 11
6; r; 1516521; 1088; 560; 51; 1516520; 4
6; r; 1519728; 1088; 311; 34; 1519727; 8
6; r; 1520369; 1088; 762; 71; 1520368; 10
6; r; 1521010; 1088; 146; 11; 1521009; 9
6; r; 1526141; 1088; 1053; 221; 726140; 1
6; r; 1537681; 1088; 111; 8; 1537680; 9
6; r; 1602432; 1088; 224; 22; 1602431; 9
6; r; 1613970; 1088; 228; 23; 1613969; 9
6; r; 1621662; 1088; 1085; 225; 821661; 1
6; r; 1650511; 1088; 1073; 223; 850510; 4
6; r; 1670385; 1088; 947; 203; 870384; 2
6; r; 1672309; 1088; 1005; 213; 872308; 5
6; r; 1675515; 1088; 196; 19; 1675514; 6
6; r; 1680643; 1088; 282; 28; 1680642; 7
6; r; 2085794; 1088; 801; 75; 2085793; 6
6; r; 2126238; 1088; 671; 65; 2126237; 7
6; r; 2141637; 1088; 211; 20; 2141636; 10
6; r; 2177567; 1088; 6; 0; 2177566; 11
6; r; 2218616; 1088; 251; 25; 2218615; 6
6; r; 2227592; 1088; 284; 30; 2227591; 5
6; r; 2234645; 1088; 20; 3; 2234644; 11
6; r; 2237850; 1088; 400; 39; 2237849; 8
6; r; 2239774; 1088; 10; 1; 2239773; 17
6; r; 2267989; 1088; 448; 150; 1467988; 6
6; r; 2270554; 1088; 927; 87; 2270553; 9
6; r; 2275683; 1088; 1080; 224; 1475682; 2
6; r; 2289145; 1088; 672; 66; 2289144; 8
6; r; 2300042; 1088; 997; 97; 2300041; 10
6; r; 2324405; 1088; 929; 88; 2324404; 8
6; r; 2402607; 1088; 153; 12; 2402606; 9
6; r; 2407735; 1088; 840; 193; 1607734; 4
6; r; 2409659; 1088; 756; 183; 1609658; 4
6; r; 2411582; 1088; 700; 68; 2411581; 8
6; r; 2435303; 1088; 1057; 105; 2435302; 8
6; r; 2437869; 1088; 593; 162; 1637868; 4
6; r; 2473772; 1088; 655; 170; 1673771; 4
6; r; 2484669; 1088; 309; 33; 2484668; 8
6; r; 2955911; 1088; 940; 201; 2155910; 4
6; r; 2980274; 1088; 139; 10; 2980273; 9
6; r; 3014906; 1088; 689; 173; 2214905; 4
6; r; 3039917; 1088; 571; 53; 3039916; 8
6; r; 3050177; 1088; 648; 60; 3050176; 7
6; r; 3052100; 1088; 515; 155; 2252099; 5
6; r; 3061075; 1088; 791; 188; 2261074; 4
6; r; 3062358; 1088; 426; 146; 2262357; 5
6; r; 3079024; 1088; 717; 179; 2279023; 4
6; r; 3084792; 1088; 1042; 220; 2284791; 4
6; r; 3085433; 1088; 907; 199; 2285432; 4
6; r; 3109795; 1088; 387; 38; 3109794; 7
6; r; 3116846; 1088; 292; 129; 2316845; 6
6; r; 3129026; 1088; 998; 98; 3129025; 7
6; r; 3142490; 1088; 665; 64; 3142489; 10
6; r; 3152105; 1088; 595; 55; 3152104; 9
6; r; 3184158; 1088; 169; 13; 3184157; 11
6; r; 3186081; 1088; 283; 29; 3186080; 8
6; r; 3204672; 1088; 773; 187; 2404671; 5
6; r; 3218135; 1088; 1009; 215; 2418134; 5
6; r; 3226469; 1088; 86; 7; 3226468; 13
6; r; 3261726; 1088; 1007; 214; 2461725; 8
6; r; 3267495; 1088; 956; 205; 2467494; 4
6; r; 3268777; 1088; 134; 9; 3268776; 13
6; r; 3269418; 1088; 417; 143; 2469417; 5
6; r; 3279036; 1088; 216; 21; 3279035; 8
6; r; 3691253; 1088; 370; 139; 2891252; 7
6; r; 3701521; 1088; 705; 178; 2901520; 6
6; r; 3725279; 1088; 968; 209; 2925278; 7
6; r; 3756079; 1088; 539; 159; 2956078; 8
6; r; 3763782; 1088; 551; 161; 2963781; 5
6; r; 3769552; 1088; 793; 189; 2969551; 8
6; r; 3776606; 1088; 289; 128; 2976605; 8
6; r; 3786223; 1088; 15; 2; 3786222; 9
6; r; 3812516; 1088; 964; 208; 3012515; 6
6; r; 3813157; 1088; 456; 151; 3013156; 6
6; r; 3836244; 1088; 506; 154; 3036243; 8
6; r; 3859965; 1088; 317; 134; 3059964; 8
6; r; 3862529; 1088; 926; 200; 3062528; 8
6; r; 3888179; 1088; 963; 207; 3088178; 8
6; r; 3897795; 1088; 661; 62; 3897794; 8
6; r; 3901001; 1088; 28; 4; 3901000; 9
6; r; 3904206; 1088; 204; 122; 3104205; 11
6; r; 3906130; 1088; 400; 141; 3106129; 9
6; r; 3906771; 1088; 379; 37; 3906770; 9
6; r; 3908053; 1088; 979; 211; 3108052; 5
6; r; 3938186; 1088; 460; 152; 3138185; 6
6; r; 3940751; 1088; 447; 149; 3140750; 7
6; r; 3952291; 1088; 402; 142; 3152290; 8
6; r; 3970239; 1088; 870; 196; 3170238; 8
6; r; 3972163; 1088; 300; 131; 3172162; 9
6; r; 3977934; 1088; 945; 202; 3177933; 7
6; r; 3979216; 1088; 523; 156; 3179215; 6
7; r; 26295; 1088; 839; 90; 26294; 5
7; r; 26936; 1088; 534; 57; 26935; 7
7; r; 77584; 1088; 1084; 108; 77583; 1
7; r; 80790; 1088; 187; 19; 80789; 7
7; r; 122469; 1088; 898; 95; 122468; 6
7; r; 164146; 1088; 854; 91; 164145; 2
7; r; 165430; 1088; 778; 84; 165429; 5
7; r; 185310; 1088; 654; 71; 185309; 5
7; r; 189799; 1088; 512; 53; 189798; 5
7; r; 191722; 1088; 453; 49; 191721; 4
7; r; 200058; 1088; 971; 99; 200057; 4
7; r; 231489; 1088; 815; 88; 231488; 4
7; r; 252662; 1088; 614; 66; 252661; 4
7; r; 274483; 1088; 866; 92; 274482; 8
7; r; 322006; 1088; 728; 80; 322005; 8
7; r; 738195; 1088; 1045; 106; 738194; 3
7; r; 740759; 1088; 797; 85; 740758; 9
7; r; 749735; 1088; 677; 73; 749734; 7
7; r; 750375; 1088; 550; 59; 750374; 5
7; r; 752298; 1088; 996; 101; 752297; 9
7; r; 756785; 1088; 974; 100; 756784; 14
7; r; 757426; 1088; 879; 93; 757425; 6
7; r; 782428; 1088; 744; 81; 782427; 7
7; r; 787557; 1088; 16; 2; 787556; 13
7; r; 793968; 1088; 378; 41; 793967; 8
7; r; 802942; 1088; 100; 12; 802941; 9
7; r; 811276; 1088; 290; 33; 811275; 5
7; r; 812558; 1088; 1041; 105; 812557; 5
7; r; 829869; 1088; 639; 70; 829868; 8
7; r; 858074; 1088; 7; 1; 858073; 9
7; r; 859356; 1088; 907; 97; 859355; 4
7; r; 867048; 1088; 414; 47; 867047; 6
7; r; 867689; 1088; 245; 27; 867688; 7
7; r; 868330; 1088; 683; 74; 868329; 4
7; r; 869612; 1088; 513; 54; 869611; 5
7; r; 878587; 1088; 123; 16; 878586; 10
7; r; 879228; 1088; 631; 67; 879227; 15
7; r; 899743; 1088; 50; 7; 899742; 9
7; r; 908078; 1088; 394; 43; 908077; 7
7; r; 913850; 1088; 746; 82; 913849; 5
7; r; 916416; 1088; 700; 77; 916415; 8
7; r; 923469; 1088; 1039; 104; 923468; 3
7; r; 940783; 1088; 606; 65; 940782; 7
7; r; 1040180; 1088; 1049; 233; 240179; 1
7; r; 1052372; 1088; 755; 83; 1052371; 5
7; r; 1056221; 1088; 809; 86; 1056220; 4
7; r; 1097304; 1088; 1071; 107; 1097303; 6
7; r; 1098587; 1088; 408; 45; 1098586; 7
7; r; 1131979; 1088; 987; 227; 331978; 1
7; r; 1549437; 1088; 1085; 236; 749436; 1
7; r; 1559052; 1088; 1018; 229; 759051; 1
7; r; 1561617; 1088; 594; 63; 1561616; 9
7; r; 1564181; 1088; 220; 24; 1564180; 10
7; r; 1611618; 1088; 749; 204; 811617; 3
7; r; 1618669; 1088; 956; 225; 818668; 1
7; r; 1625080; 1088; 666; 72; 1625079; 8
7; r; 1630209; 1088; 586; 62; 1630208; 6
7; r; 1636621; 1088; 570; 61; 1636620; 7
7; r; 1641108; 1088; 889; 94; 1641107; 9
7; r; 1652007; 1088; 757; 206; 852006; 3
7; r; 1673162; 1088; 946; 224; 873161; 3
7; r; 1685984; 1088; 505; 52; 1685983; 9
7; r; 1695602; 1088; 901; 96; 1695601; 5
7; r; 1719966; 1088; 420; 48; 1719965; 14
7; r; 1733431; 1088; 690; 197; 933430; 4
7; r; 1766767; 1088; 516; 55; 1766766; 6
7; r; 1780235; 1088; 560; 60; 1780234; 7
7; r; 1802679; 1088; 542; 58; 1802678; 6
7; r; 1831535; 1088; 490; 176; 1031534; 4
7; r; 1896353; 1088; 532; 56; 1896352; 7
7; r; 1900850; 1088; 392; 42; 1900849; 5
7; r; 2340119; 1088; 206; 21; 2340118; 12
7; r; 2355506; 1088; 558; 182; 1555505; 4
7; r; 2364480; 1088; 297; 35; 2364479; 14
7; r; 2384357; 1088; 1007; 102; 2384356; 6
7; r; 2384997; 1088; 45; 6; 2384996; 14
7; r; 2388203; 1088; 1033; 103; 2388202; 7
7; r; 2394614; 1088; 61; 9; 2394613; 7
7; r; 2411282; 1088; 633; 68; 2411281; 8
7; r; 2415769; 1088; 501; 51; 2415768; 8
7; r; 2442051; 1088; 703; 78; 2442050; 8
7; r; 2454872; 1088; 945; 223; 1654871; 7
7; r; 2457436; 1088; 339; 38; 2457435; 10
7; r; 2459359; 1088; 1042; 232; 1659358; 3
7; r; 2467051; 1088; 178; 18; 2467050; 20
7; r; 2467693; 1088; 51; 8; 2467692; 9
7; r; 2468975; 1088; 393; 162; 1668974; 5
7; r; 2480516; 1088; 620; 187; 1680515; 5
7; r; 2501668; 1088; 114; 15; 2501667; 7
7; r; 2510645; 1088; 645; 191; 1710644; 4
7; r; 2517058; 1088; 555; 181; 1717057; 5
7; r; 2606825; 1088; 847; 217; 1806824; 4
7; r; 2610672; 1088; 1001; 228; 1810671; 4
7; r; 2614522; 1088; 198; 20; 2614521; 13
7; r; 2640177; 1088; 809; 212; 1840176; 4
7; r; 2659422; 1088; 1041; 231; 1859421; 5
7; r; 2677386; 1088; 129; 17; 2677385; 8
7; r; 2684447; 1088; 829; 214; 1884446; 7
7; r; 3147584; 1088; 782; 210; 2347583; 4
7; r; 3152713; 1088; 725; 200; 2352712; 4
7; r; 3164252; 1088; 229; 144; 2364251; 6
7; r; 3164892; 1088; 306; 36; 3164891; 8
7; r; 3166815; 1088; 482; 174; 2366814; 7
7; r; 3185407; 1088; 288; 148; 2385406; 7
7; r; 3190536; 1088; 640; 190; 2390535; 6
7; r; 3191818; 1088; 501; 178; 2391817; 9
7; r; 3215537; 1088; 472; 50; 3215536; 7
7; r; 3241823; 1088; 832; 215; 2441822; 7
7; r; 3252722; 1088; 360; 158; 2452721; 6
7; r; 3275804; 1088; 217; 140; 2475803; 8
7; r; 3287984; 1088; 473; 171; 2487983; 5
7; r; 3305937; 1088; 695; 75; 3305936; 12
7; r; 3312992; 1088; 762; 208; 2512991; 8
7; r; 3325175; 1088; 758; 207; 2525174; 4
7; r; 3339921; 1088; 743; 203; 2539920; 7
7; r; 3366853; 1088; 534; 180; 2566852; 7
7; r; 3367494; 1088; 469; 170; 2567493; 7
7; r; 3374548; 1088; 212; 22; 3374547; 10
7; r; 3382880; 1088; 358; 39; 3382879; 8
7; r; 3388010; 1088; 417; 165; 2588009; 6
7; r; 3389292; 1088; 345; 156; 2589291; 6
7; r; 3425208; 1088; 446; 169; 2625207; 6
7; r; 3456634; 1088; 287; 147; 2656633; 6
7; r; 3459198; 1088; 248; 29; 3459197; 11
7; r; 3525965; 1088; 21; 3; 3525964; 11
7; r; 3944997; 1088; 711; 198; 3144996; 6
7; r; 3953974; 1088; 195; 134; 3153973; 7
7; r; 3960385; 1088; 638; 189; 3160384; 7
7; r; 3973206; 1088; 409; 164; 3173205; 8
7; r; 3973848; 1088; 210; 138; 3173847; 9
7; r; 3978335; 1088; 385; 160; 3178334; 8
7; r; 3995001; 1088; 179; 129; 3195000; 8
7; r; 3996283; 1088; 474; 172; 3196282; 9
8; r; 35920; 1088; 749; 63; 35919; 3
8; r; 43612; 1088; 590; 45; 43611; 4
8; r; 50663; 1088; 753; 64; 50662; 3
8; r; 88488; 1088; 964; 84; 88487; 8
8; r; 92336; 1088; 715; 59; 92335; 3
8; r; 100031; 1088; 575; 44; 100030; 5
8; r; 104518; 1088; 819; 67; 104517; 2
8; r; 107723; 1088; 643; 51; 107722; 5
8; r; 114136; 1088; 851; 73; 114135; 2
8; r; 135937; 1088; 846; 72; 135936; 3
8; r; 155173; 1088; 107; 7; 155172; 10
8; r; 156456; 1088; 486; 35; 156455; 6
8; r; 160943; 1088; 333; 20; 160942; 10
8; r; 166073; 1088; 967; 86; 166072; 5
8; r; 198141; 1088; 424; 29; 198140; 5
8; r; 230204; 1088; 1077; 96; 230203; 4
8; r; 231486; 1088; 951; 82; 231485; 1
8; r; 234695; 1088; 919; 78; 234694; 1
8; r; 235978; 1088; 713; 58; 235977; 4
8; r; 660705; 1088; 845; 71; 660704; 3
8; r; 688922; 1088; 1086; 97; 688921; 2
8; r; 698537; 1088; 1076; 95; 698536; 3
8; r; 699819; 1088; 15; 1; 699818; 13
8; r; 711358; 1088; 821; 69; 711357; 2
8; r; 711999; 1088; 804; 66; 711998; 5
8; r; 716489; 1088; 869; 75; 716488; 7
8; r; 717771; 1088; 718; 60; 717770; 4
8; r; 728028; 1088; 656; 53; 728027; 3
8; r; 729310; 1088; 688; 55; 729309; 3
8; r; 753031; 1088; 94; 6; 753030; 10
8; r; 763933; 1088; 183; 12; 763932; 7
8; r; 767138; 1088; 366; 23; 767137; 8
8; r; 780599; 1088; 654; 52; 780598; 4
8; r; 792139; 1088; 1066; 94; 792138; 6
8; r; 802395; 1088; 440; 31; 802394; 6
8; r; 804318; 1088; 32; 4; 804317; 10
8; r; 824188; 1088; 820; 68; 824187; 4
8; r; 863295; 1088; 172; 11; 863294; 9
8; r; 865218; 1088; 680; 54; 865217; 4
8; r; 867142; 1088; 689; 56; 867141; 7
8; r; 889583; 1088; 854; 74; 889582; 3
8; r; 901124; 1088; 9; 0; 901123; 13
8; r; 901767; 1088; 1043; 90; 901766; 6
8; r; 908178; 1088; 909; 77; 908177; 12
8; r; 910104; 1088; 624; 48; 910103; 6
8; r; 923567; 1088; 965; 85; 923566; 7
8; r; 931903; 1088; 516; 39; 931902; 5
8; r; 983199; 1088; 455; 33; 983198; 6
8; r; 990256; 1088; 405; 27; 990255; 8
8; r; 1035155; 1088; 1058; 93; 1035154; 8
8; r; 1450686; 1088; 766; 65; 1450685; 8
8; r; 1457100; 1088; 616; 47; 1457099; 6
8; r; 1502622; 1088; 355; 22; 1502621; 5
8; r; 1511597; 1088; 852; 191; 711596; 2
8; r; 1521213; 1088; 484; 34; 1521212; 5
8; r; 1526342; 1088; 989; 206; 726341; 1
8; r; 1535958; 1088; 882; 195; 735957; 2
8; r; 1556474; 1088; 976; 203; 756473; 3
8; r; 1585322; 1088; 721; 176; 785321; 5
8; r; 1604554; 1088; 889; 196; 804553; 2
8; r; 1608401; 1088; 439; 30; 1608400; 6
8; r; 1614170; 1088; 551; 43; 1614169; 5
8; r; 1623145; 1088; 821; 185; 823144; 2
8; r; 1630838; 1088; 24; 3; 1630837; 7
8; r; 1635325; 1088; 416; 28; 1635324; 6
8; r; 1648147; 1088; 643; 168; 848146; 4
8; r; 1649430; 1088; 977; 204; 849429; 3
8; r; 1652635; 1088; 1085; 210; 852634; 1
8; r; 1654558; 1088; 727; 61; 1654557; 9
8; r; 1682766; 1088; 902; 76; 1682765; 6
8; r; 1685331; 1088; 1013; 207; 885330; 3
8; r; 1691101; 1088; 835; 70; 1691100; 7
8; r; 1727003; 1088; 844; 190; 927002; 3
8; r; 1741107; 1088; 536; 42; 1741106; 7
8; r; 1746236; 1088; 146; 10; 1746235; 12
8; r; 1775090; 1088; 375; 24; 1775089; 8
8; r; 1784071; 1088; 141; 9; 1784070; 9
8; r; 1806514; 1088; 824; 186; 1006513; 2
8; r; 1828320; 1088; 855; 192; 1028319; 2
8; r; 2252688; 1088; 1035; 89; 2252687; 9
8; r; 2259740; 1088; 401; 26; 2259739; 9
8; r; 2263586; 1088; 705; 173; 1463585; 5
8; r; 2278334; 1088; 192; 13; 2278333; 9
8; r; 2280257; 1088; 490; 36; 2280256; 7
8; r; 2287308; 1088; 620; 163; 1487307; 4
8; r; 2301410; 1088; 806; 183; 1501409; 5
8; r; 2312307; 1088; 154; 109; 1512306; 9
8; r; 2330260; 1088; 250; 16; 2330259; 9
8; r; 2330901; 1088; 552; 153; 1530900; 5
8; r; 2352697; 1088; 386; 25; 2352696; 8
8; r; 2359107; 1088; 982; 205; 1559106; 3
8; r; 2367443; 1088; 735; 62; 2367442; 8
8; r; 2377700; 1088; 927; 80; 2377699; 7
8; r; 2382187; 1088; 1036; 208; 1582186; 5
8; r; 2389238; 1088; 658; 169; 1589237; 4
8; r; 2401420; 1088; 596; 46; 2401419; 9
8; r; 2404626; 1088; 300; 18; 2404625; 11
8; r; 2439884; 1088; 777; 179; 1639883; 6
8; r; 2466811; 1088; 744; 177; 1666810; 4
8; r; 2467452; 1088; 132; 8; 2467451; 11
8; r; 2483479; 1088; 938; 199; 1683478; 7
8; r; 2491172; 1088; 926; 79; 2491171; 9
8; r; 2496942; 1088; 778; 180; 1696941; 8
8; r; 2500789; 1088; 560; 154; 1700788; 4
8; r; 2505919; 1088; 394; 133; 1705918; 5
8; r; 2530285; 1088; 85; 5; 2530284; 9
8; r; 2536059; 1088; 284; 124; 1736058; 6
8; r; 2550809; 1088; 714; 175; 1750808; 4
8; r; 2582865; 1088; 962; 83; 2582864; 10
8; r; 2584148; 1088; 315; 126; 1784147; 6
8; r; 2591200; 1088; 538; 152; 1791199; 6
8; r; 2609797; 1088; 939; 200; 1809796; 5
8; r; 3055404; 1088; 928; 81; 3055403; 7
8; r; 3136185; 1088; 570; 157; 2336184; 7
8; r; 3140672; 1088; 355; 129; 2340671; 6
8; r; 3149646; 1088; 441; 32; 3149645; 8
8; r; 3158620; 1088; 244; 119; 2358619; 7
8; r; 3197085; 1088; 478; 138; 2397084; 8
8; r; 3199649; 1088; 830; 189; 2399648; 8
8; r; 3205419; 1088; 294; 125; 2405418; 6
8; r; 3232346; 1088; 536; 151; 2432345; 6
8; r; 3245813; 1088; 18; 100; 2445812; 7
8; r; 3257994; 1088; 494; 141; 2457993; 5
8; r; 3268892; 1088; 1056; 91; 3268891; 11
8; r; 3270815; 1088; 605; 161; 2470814; 8
8; r; 3275304; 1088; 329; 19; 3275303; 9
8; r; 3283638; 1088; 343; 21; 3283637; 11
8; r; 3304805; 1088; 248; 120; 2504804; 9
8; r; 3306087; 1088; 243; 15; 3306086; 10
8; r; 3309293; 1088; 386; 132; 2509292; 5
8; r; 3324038; 1088; 566; 155; 2524037; 8
8; r; 3334296; 1088; 530; 148; 2534295; 7
8; r; 3336220; 1088; 694; 57; 3336219; 9
8; r; 3358655; 1088; 349; 128; 2558654; 8
8; r; 3388791; 1088; 254; 121; 2588790; 5
8; r; 3396486; 1088; 992; 87; 3396485; 11
8; r; 3399694; 1088; 569; 156; 2599693; 6
8; r; 3405468; 1088; 513; 146; 2605467; 6
8; r; 3408033; 1088; 669; 170; 2608032; 7
8; r; 3413162; 1088; 637; 167; 2613161; 8
8; r; 3427268; 1088; 905; 197; 2627267; 7
8; r; 3859036; 1088; 374; 131; 3059035; 10
8; r; 3867371; 1088; 858; 193; 3067370; 9
8; r; 3869936; 1088; 1057; 92; 3869935; 14
8; r; 3883399; 1088; 256; 122; 3083398; 7
8; r; 3889170; 1088; 438; 135; 3089169; 8
8; r; 3891734; 1088; 137; 108; 3091733; 11
8; r; 3893016; 1088; 826; 187; 3093015; 9
8; r; 3898788; 1088; 238; 118; 3098787; 9
8; r; 3900070; 1088; 711; 174; 3100069; 6
8; r; 3924434; 1088; 53; 103; 3124433; 9
8; r; 3934691; 1088; 630; 166; 3134690; 8
8; r; 3968029; 1088; 215; 116; 3168028; 8
8; r; 3968670; 1088; 37; 101; 3168669; 12
8; r; 3973155; 1088; 699; 171; 3173154; 8
8; r; 3980847; 1088; 160; 110; 3180846; 8
8; r; 3991746; 1088; 211; 115; 3191745; 9
9; r; 37195; 1088; 954; 92; 37194; 1
9; r; 55149; 1088; 674; 59; 55148; 11
9; r; 55790; 1088; 890; 87; 55789; 1
9; r; 59637; 1088; 1013; 99; 59636; 3
9; r; 69899; 1088; 1021; 102; 69898; 1
9; r; 71823; 1088; 283; 30; 71822; 7
9; r; 98108; 1088; 849; 81; 98107; 2
9; r; 101314; 1088; 637; 58; 101313; 5
9; r; 544510; 1088; 491; 46; 544509; 5
9; r; 561833; 1088; 1045; 103; 561832; 3
9; r; 572744; 1088; 281; 29; 572743; 11
9; r; 586863; 1088; 856; 82; 586862; 4
9; r; 606107; 1088; 1087; 108; 606106; 8
9; r; 615728; 1088; 259; 25; 615727; 6
9; r; 627910; 1088; 196; 18; 627909; 9
9; r; 636246; 1088; 714; 65; 636245; 4
9; r; 656122; 1088; 952; 91; 656121; 6
9; r; 675360; 1088; 113; 12; 675359; 10
9; r; 676001; 1088; 1020; 101; 676000; 10
9; r; 689467; 1088; 619; 57; 689466; 7
9; r; 702290; 1088; 607; 56; 702289; 6
9; r; 708705; 1088; 829; 79; 708704; 7
9; r; 720247; 1088; 905; 89; 720246; 5
9; r; 731788; 1088; 549; 51; 731787; 4
9; r; 736916; 1088; 591; 54; 736915; 6
9; r; 761918; 1088; 877; 85; 761917; 4
9; r; 765767; 1088; 682; 62; 765766; 6
9; r; 767690; 1088; 683; 63; 767689; 17
9; r; 782435; 1088; 878; 86; 782434; 5
9; r; 791408; 1088; 828; 78; 791407; 10
9; r; 797818; 1088; 974; 96; 797817; 7
9; r; 801024; 1088; 347; 37; 801023; 6
9; r; 820257; 1088; 1081; 107; 820256; 3
9; r; 869626; 1088; 979; 97; 869625; 4
9; r; 892072; 1088; 1016; 100; 892071; 3
9; r; 896560; 1088; 798; 76; 896559; 6
9; r; 897842; 1088; 678; 60; 897841; 5
9; r; 904895; 1088; 180; 16; 904894; 10
9; r; 1328288; 1088; 87; 7; 1328287; 9
9; r; 1329570; 1088; 913; 190; 529569; 5
9; r; 1341113; 1088; 969; 95; 1341112; 5
9; r; 1351379; 1088; 765; 73; 1351378; 7
9; r; 1414250; 1088; 857; 182; 614249; 2
9; r; 1417455; 1088; 563; 53; 1417454; 11
9; r; 1421944; 1088; 964; 94; 1421943; 7
9; r; 1427074; 1088; 520; 50; 1427073; 6
9; r; 1427715; 1088; 154; 14; 1427714; 8
9; r; 1436053; 1088; 455; 44; 1436052; 6
9; r; 1455285; 1088; 1084; 200; 655284; 1
9; r; 1464902; 1088; 1020; 196; 664901; 3
9; r; 1468750; 1088; 698; 64; 1468749; 7
9; r; 1509145; 1088; 327; 35; 1509144; 8
9; r; 1540558; 1088; 500; 47; 1540557; 7
9; r; 1545046; 1088; 987; 195; 745045; 2
9; r; 1548892; 1088; 384; 41; 1548891; 10
9; r; 1562994; 1088; 1055; 104; 1562993; 8
9; r; 1564277; 1088; 420; 42; 1564276; 7
9; r; 1570045; 1088; 381; 40; 1570044; 7
9; r; 1571327; 1088; 103; 10; 1571326; 13
9; r; 1573249; 1088; 835; 80; 1573248; 5
9; r; 1577095; 1088; 735; 69; 1577094; 5
9; r; 1584146; 1088; 937; 90; 1584145; 4
9; r; 1600814; 1088; 322; 34; 1600813; 8
9; r; 1613634; 1088; 951; 192; 813633; 2
9; r; 1636714; 1088; 884; 186; 836713; 2
9; r; 1637996; 1088; 854; 181; 837995; 3
9; r; 1647612; 1088; 202; 19; 1647611; 13
9; r; 1692488; 1088; 208; 20; 1692487; 13
9; r; 1701464; 1088; 720; 167; 901463; 3
9; r; 1703387; 1088; 774; 74; 1703386; 6
9; r; 1704028; 1088; 444; 43; 1704027; 8
9; r; 2148500; 1088; 1072; 106; 2148499; 8
9; r; 2180568; 1088; 363; 38; 2180567; 9
9; r; 2186340; 1088; 962; 93; 2186339; 6
9; r; 2254951; 1088; 258; 24; 2254950; 7
9; r; 2260723; 1088; 794; 75; 2260722; 8
9; r; 2301765; 1088; 181; 17; 2301764; 8
9; r; 2331900; 1088; 857; 83; 2331899; 8
9; r; 2351132; 1088; 476; 149; 1551131; 6
9; r; 2355620; 1088; 650; 160; 1555619; 4
9; r; 2369723; 1088; 972; 194; 1569722; 5
9; r; 2384466; 1088; 263; 26; 2384465; 11
9; r; 2414594; 1088; 270; 28; 2414593; 10
9; r; 2419723; 1088; 95; 9; 2419722; 7
9; r; 2449852; 1088; 55; 4; 2449851; 10
9; r; 2458826; 1088; 715; 66; 2458825; 6
9; r; 2466518; 1088; 777; 174; 1666517; 5
9; r; 2484468; 1088; 1071; 199; 1684467; 5
9; r; 2487673; 1088; 515; 49; 2487672; 8
9; r; 2488314; 1088; 415; 142; 1688313; 10
9; r; 2507550; 1088; 780; 175; 1707549; 4
9; r; 2942321; 1088; 412; 141; 2142320; 7
9; r; 2945528; 1088; 494; 151; 2145527; 5
9; r; 2951943; 1088; 678; 164; 2151942; 5
9; r; 2961567; 1088; 671; 163; 2161566; 6
9; r; 2999406; 1088; 761; 72; 2999405; 9
9; r; 3011591; 1088; 65; 5; 3011590; 8
9; r; 3019930; 1088; 644; 158; 2219929; 6
9; r; 3037881; 1088; 43; 2; 3037880; 13
9; r; 3084690; 1088; 234; 123; 2284689; 10
9; r; 3092388; 1088; 516; 152; 2292387; 5
9; r; 3110339; 1088; 1062; 105; 3110338; 10
9; r; 3111621; 1088; 231; 22; 3111620; 8
9; r; 3120596; 1088; 77; 6; 3120595; 9
9; r; 3123801; 1088; 306; 32; 3123800; 10
9; r; 3135340; 1088; 748; 172; 2335339; 4
9; r; 3139827; 1088; 968; 193; 2339826; 6
9; r; 3140468; 1088; 724; 169; 2340467; 5
9; r; 3152008; 1088; 121; 117; 2352007; 7
9; r; 3157779; 1088; 910; 189; 2357778; 4
9; r; 3160346; 1088; 205; 120; 2360345; 10
9; r; 3160987; 1088; 176; 15; 3160986; 11
9; r; 3177655; 1088; 782; 176; 2377654; 5
9; r; 3190474; 1088; 473; 148; 2390473; 7
9; r; 3193680; 1088; 108; 11; 3193679; 9
9; r; 3200732; 1088; 834; 179; 2400731; 5
9; r; 3243041; 1088; 646; 159; 2443040; 5
9; r; 3246248; 1088; 235; 124; 2446247; 8
9; r; 3257148; 1088; 390; 139; 2457147; 5
9; r; 3260994; 1088; 741; 171; 2460993; 5
9; r; 3261635; 1088; 490; 150; 2461634; 5
9; r; 3269970; 1088; 799; 178; 2469969; 10
9; r; 3280868; 1088; 460; 147; 2480867; 5
9; r; 3297539; 1088; 711; 165; 2497538; 4
9; r; 3300744; 1088; 904; 188; 2500743; 8
9; r; 3725889; 1088; 422; 143; 2925888; 6
9; r; 3741942; 1088; 894; 187; 2941941; 9
9; r; 3747075; 1088; 938; 191; 2947074; 6
9; r; 3753490; 1088; 477; 45; 3753489; 8
9; r; 3757982; 1088; 728; 68; 3757981; 19
9; r; 3778520; 1088; 330; 36; 3778519; 13
9; r; 3787499; 1088; 446; 145; 2987498; 9
9; r; 3809310; 1088; 221; 121; 3009309; 6
9; r; 3809953; 1088; 761; 173; 3009952; 11
9; r; 3823424; 1088; 175; 118; 3023423; 10
9; r; 3829197; 1088; 456; 146; 3029196; 10
9; r; 3872174; 1088; 638; 157; 3072173; 7
9; r; 3889492; 1088; 562; 52; 3889491; 12
9; r; 3901034; 1088; 89; 8; 3901033; 9
9; r; 3915138; 1088; 996; 98; 3915137; 11
9; r; 3956177; 1088; 274; 127; 3156176; 12
9; r; 3965796; 1088; 310; 130; 3165795; 9
9; r; 3968361; 1088; 350; 134; 3168360; 10
9; r; 3979260; 1088; 92; 114; 3179259; 8
9; r; 3993367; 1088; 284; 128; 3193366; 10
