iter; type; time slot; d_nodes; s_nodes; pid; nslot; nhop
0; r; 14213; 1088; 281; 7; 11348; 8
0; r; 15494; 1088; 620; 10; 11563; 4
0; r; 26382; 1088; 238; 1; 26278; 9
0; r; 32145; 1088; 660; 4; 31694; 10
0; r; 33425; 1088; 340; 16; 25911; 8
0; r; 40470; 1088; 815; 43; 15493; 3
0; r; 48156; 1088; 642; 3; 47849; 5
0; r; 50077; 1088; 239; 15; 43194; 11
0; r; 51998; 1088; 697; 32; 33860; 13
0; r; 55841; 1088; 362; 33; 37314; 6
0; r; 474745; 1088; 356; 5; 473346; 6
0; r; 486926; 1088; 521; 55; 55398; 7
0; r; 492694; 1088; 300; 22; 481064; 10
0; r; 499746; 1088; 293; 11; 495317; 8
0; r; 505515; 1088; 241; 47; 478112; 9
0; r; 535634; 1088; 614; 14; 528818; 15
0; r; 565110; 1088; 566; 9; 561292; 13
0; r; 573439; 1088; 96; 45; 547364; 13
0; r; 592663; 1088; 547; 41; 567778; 9
0; r; 595867; 1088; 508; 42; 570961; 13
0; r; 601634; 1088; 366; 49; 572809; 19
0; r; 602915; 1088; 450; 34; 584309; 10
0; r; 604837; 1088; 617; 21; 593241; 15
0; r; 618295; 1088; 657; 20; 606970; 12
0; r; 633030; 1088; 79; 40; 609068; 14
0; r; 655454; 1088; 745; 8; 652513; 9
0; r; 661860; 1088; 292; 25; 648843; 17
0; r; 666986; 1088; 920; 51; 637478; 15
0; r; 674674; 1088; 968; 53; 643128; 10
0; r; 677877; 1088; 16; 39; 654016; 21
0; r; 680440; 1088; 382; 52; 649007; 12
0; r; 683002; 1088; 436; 28; 667973; 15
0; r; 684283; 1088; 646; 6; 682151; 18
0; r; 706070; 1088; 279; 50; 677178; 17
0; r; 720167; 1088; 1042; 24; 707554; 18
0; r; 805413; 1088; 808; 59; 4388; 4
0; r; 813741; 1088; 1083; 61; 10977; 1
0; r; 832310; 1088; 1052; 97; 11835; 2
0; r; 837434; 1088; 1040; 75; 27644; 3
0; r; 843198; 1088; 1076; 86; 29466; 5
0; r; 846401; 1088; 984; 93; 26552; 1
0; r; 851525; 1088; 347; 60; 48826; 9
0; r; 863055; 1088; 781; 64; 59505; 4
0; r; 1266891; 1088; 259; 111; 435215; 7
0; r; 1278430; 1088; 911; 66; 473613; 4
0; r; 1292534; 1088; 537; 89; 475592; 11
0; r; 1305996; 1088; 188; 102; 480356; 10
0; r; 1347021; 1088; 106; 63; 543487; 15
0; r; 1368811; 1088; 964; 99; 546763; 17
0; r; 1375221; 1088; 805; 81; 563135; 6
0; r; 1386757; 1088; 662; 58; 585832; 28
0; r; 1390603; 1088; 824; 103; 564603; 5
0; r; 1391885; 1088; 966; 92; 572101; 8
0; r; 1408545; 1088; 376; 105; 582006; 15
0; r; 1419439; 1088; 343; 96; 599029; 10
0; r; 1437378; 1088; 191; 68; 632040; 16
0; r; 1455959; 1088; 204; 56; 655912; 17
0; r; 1466211; 1088; 66; 90; 647904; 14
0; r; 1474539; 1088; 765; 98; 653001; 16
0; r; 1480306; 1088; 699; 104; 653957; 11
0; r; 1480947; 1088; 581; 76; 670753; 13
0; r; 1500168; 1088; 709; 88; 684317; 17
0; r; 1508497; 1088; 122; 107; 680661; 22
0; r; 1519390; 1088; 20; 71; 712942; 10
0; r; 1529003; 1088; 940; 79; 717428; 22
0; r; 1529644; 1088; 283; 100; 705332; 22
1; r; 5123; 1088; 569; 30; 5122; 6
1; r; 12167; 1088; 523; 27; 12166; 4
1; r; 27539; 1088; 791; 38; 27538; 2
1; r; 37145; 1088; 968; 49; 37144; 5
1; r; 39066; 1088; 275; 11; 39065; 8
1; r; 40987; 1088; 1050; 51; 40986; 1
1; r; 42268; 1088; 677; 32; 42267; 5
1; r; 45471; 1088; 303; 13; 45470; 11
1; r; 55719; 1088; 1032; 50; 55718; 7
1; r; 60844; 1088; 790; 37; 60843; 2
1; r; 62765; 1088; 1079; 52; 62764; 5
1; r; 65968; 1088; 107; 6; 65967; 10
1; r; 75576; 1088; 757; 35; 75575; 4
1; r; 77498; 1088; 438; 21; 77497; 9
1; r; 80701; 1088; 796; 40; 80700; 15
1; r; 81341; 1088; 481; 24; 81340; 10
1; r; 81982; 1088; 505; 25; 81981; 7
1; r; 84544; 1088; 519; 26; 84543; 4
1; r; 91591; 1088; 554; 29; 91590; 4
1; r; 96075; 1088; 960; 47; 96074; 12
1; r; 100560; 1088; 552; 28; 100559; 4
1; r; 103122; 1088; 793; 39; 103121; 12
1; r; 106966; 1088; 925; 45; 106965; 9
1; r; 119137; 1088; 272; 10; 119136; 10
1; r; 123622; 1088; 748; 34; 123621; 5
1; r; 126825; 1088; 78; 3; 126824; 10
1; r; 127466; 1088; 82; 4; 127465; 9
1; r; 128747; 1088; 899; 42; 128746; 9
1; r; 131311; 1088; 911; 43; 131310; 4
1; r; 133873; 1088; 101; 5; 133872; 10
1; r; 136436; 1088; 420; 19; 136435; 9
1; r; 147966; 1088; 239; 8; 147965; 16
1; r; 148607; 1088; 933; 46; 148606; 7
1; r; 153733; 1088; 426; 20; 153732; 8
1; r; 159499; 1088; 350; 16; 159498; 9
1; r; 165266; 1088; 448; 22; 165265; 7
1; r; 166548; 1088; 325; 15; 166547; 11
1; r; 167189; 1088; 665; 31; 167188; 8
1; r; 175519; 1088; 464; 23; 175518; 13
1; r; 178724; 1088; 68; 1; 178723; 11
1; r; 190260; 1088; 271; 9; 190259; 14
1; r; 714078; 1088; 961; 48; 714077; 28
1; r; 716000; 1088; 798; 41; 715999; 30
1; r; 733941; 1088; 320; 14; 733940; 22
1; r; 746115; 1088; 293; 12; 746114; 24
1; r; 809579; 1088; 856; 95; 9578; 4
1; r; 815345; 1088; 984; 99; 15344; 1
1; r; 825592; 1088; 848; 94; 25591; 4
1; r; 826873; 1088; 806; 89; 26872; 5
1; r; 827514; 1088; 254; 65; 27513; 6
1; r; 830716; 1088; 688; 84; 30715; 4
1; r; 846729; 1088; 754; 87; 46728; 4
1; r; 849932; 1088; 1082; 106; 49931; 1
1; r; 851212; 1088; 819; 92; 51211; 3
1; r; 855055; 1088; 808; 90; 55054; 4
1; r; 858257; 1088; 815; 91; 58256; 4
1; r; 859538; 1088; 695; 85; 59537; 12
1; r; 869147; 1088; 457; 73; 69146; 6
1; r; 883236; 1088; 1037; 102; 83235; 5
1; r; 892844; 1088; 357; 70; 92843; 9
1; r; 898609; 1088; 877; 98; 98608; 3
1; r; 904374; 1088; 861; 96; 104373; 7
1; r; 914623; 1088; 355; 69; 114622; 5
1; r; 918467; 1088; 832; 93; 118466; 9
1; r; 922951; 1088; 461; 74; 122950; 6
1; r; 925513; 1088; 641; 80; 125512; 7
1; r; 926154; 1088; 771; 88; 126153; 7
1; r; 928716; 1088; 713; 86; 128715; 3
1; r; 935121; 1088; 287; 67; 135120; 8
1; r; 937682; 1088; 110; 56; 137681; 12
1; r; 942167; 1088; 862; 97; 142166; 7
1; r; 960743; 1088; 678; 83; 160742; 6
1; r; 961384; 1088; 165; 60; 161383; 13
1; r; 966509; 1088; 20; 53; 166508; 11
1; r; 970353; 1088; 264; 66; 170352; 18
1; r; 970994; 1088; 186; 61; 170993; 15
1; r; 972275; 1088; 136; 58; 172274; 14
1; r; 978681; 1088; 206; 62; 178680; 9
1; r; 981885; 1088; 530; 77; 181884; 10
1; r; 982526; 1088; 466; 75; 182525; 11
1; r; 987012; 1088; 671; 82; 187011; 6
1; r; 990215; 1088; 562; 78; 190214; 14
1; r; 1005594; 1088; 1026; 101; 205593; 9
1; r; 1520811; 1088; 476; 76; 720810; 16
1; r; 1534910; 1088; 624; 79; 734909; 29
1; r; 1536192; 1088; 32; 54; 736191; 25
1; r; 1566958; 1088; 991; 100; 766957; 23
1; r; 1602850; 1088; 1080; 104; 802849; 25
1; r; 1620800; 1088; 380; 72; 820799; 24
2; r; 1282; 1088; 984; 49; 1281; 1
2; r; 13448; 1088; 248; 12; 13447; 8
2; r; 25615; 1088; 776; 42; 25614; 4
2; r; 33941; 1088; 460; 26; 33940; 5
2; r; 458182; 1088; 563; 30; 458181; 13
2; r; 486432; 1088; 250; 13; 486431; 8
2; r; 494779; 1088; 424; 22; 494778; 6
2; r; 536444; 1088; 1077; 55; 536443; 14
2; r; 555030; 1088; 265; 14; 555029; 12
2; r; 561437; 1088; 140; 7; 561436; 15
2; r; 587070; 1088; 282; 15; 587069; 13
2; r; 611415; 1088; 562; 29; 611414; 16
2; r; 618463; 1088; 675; 35; 618462; 13
2; r; 635121; 1088; 1016; 50; 635120; 9
2; r; 644091; 1088; 1060; 54; 644090; 13
2; r; 651138; 1088; 289; 16; 651137; 18
2; r; 658186; 1088; 759; 41; 658185; 15
2; r; 676125; 1088; 73; 1; 676124; 16
2; r; 685096; 1088; 426; 23; 685095; 22
2; r; 694707; 1088; 579; 32; 694706; 14
2; r; 695348; 1088; 163; 8; 695347; 11
2; r; 696630; 1088; 1039; 52; 696629; 6
2; r; 706243; 1088; 166; 9; 706242; 19
2; r; 724184; 1088; 413; 21; 724183; 23
2; r; 724826; 1088; 441; 25; 724825; 16
2; r; 729952; 1088; 644; 33; 729951; 15
2; r; 739568; 1088; 933; 48; 739567; 14
2; r; 756869; 1088; 750; 40; 756868; 20
2; r; 759434; 1088; 544; 28; 759433; 15
2; r; 788277; 1088; 787; 44; 788276; 21
2; r; 812623; 1088; 668; 91; 12622; 8
2; r; 819027; 1088; 959; 107; 19026; 8
2; r; 829274; 1088; 400; 79; 29273; 8
2; r; 1243372; 1088; 592; 87; 443371; 3
2; r; 1284413; 1088; 205; 69; 484412; 11
2; r; 1286336; 1088; 852; 101; 486335; 3
2; r; 1297875; 1088; 1031; 110; 497874; 9
2; r; 1322228; 1088; 817; 100; 522227; 3
2; r; 1355550; 1088; 170; 65; 555549; 12
2; r; 1357472; 1088; 125; 62; 557471; 12
2; r; 1358112; 1088; 62; 59; 558111; 11
2; r; 1379257; 1088; 87; 60; 579256; 11
2; r; 1388227; 1088; 241; 71; 588226; 12
2; r; 1394634; 1088; 48; 58; 594633; 10
2; r; 1399758; 1088; 491; 83; 599757; 7
2; r; 1401040; 1088; 306; 75; 601039; 10
2; r; 1418339; 1088; 710; 92; 618338; 16
2; r; 1436280; 1088; 752; 94; 636279; 9
2; r; 1440124; 1088; 359; 77; 640123; 18
2; r; 1443967; 1088; 1027; 109; 643966; 12
2; r; 1451658; 1088; 1059; 111; 651657; 19
2; r; 1453581; 1088; 10; 56; 653580; 17
2; r; 1459346; 1088; 143; 64; 659345; 16
2; r; 1467036; 1088; 198; 68; 667035; 15
2; r; 1472162; 1088; 746; 93; 672161; 14
2; r; 1490742; 1088; 406; 80; 690741; 19
2; r; 1497791; 1088; 968; 108; 697790; 21
2; r; 1518296; 1088; 642; 90; 718295; 14
2; r; 1520860; 1088; 304; 74; 720859; 14
2; r; 1545213; 1088; 231; 70; 745212; 19
2; r; 1555465; 1088; 249; 72; 755464; 20
2; r; 1559952; 1088; 548; 85; 759951; 16
2; r; 1592635; 1088; 777; 97; 792634; 21
2; r; 1599045; 1088; 882; 102; 799044; 18
2; r; 1607377; 1088; 906; 105; 807376; 22
3; r; 17290; 1088; 686; 38; 17289; 4
3; r; 23693; 1088; 700; 39; 23692; 7
3; r; 26255; 1088; 552; 30; 26254; 4
3; r; 33940; 1088; 949; 54; 33939; 2
3; r; 35221; 1088; 205; 12; 35220; 10
3; r; 42266; 1088; 828; 45; 42265; 6
3; r; 53155; 1088; 127; 10; 53154; 8
3; r; 55717; 1088; 850; 46; 55716; 2
3; r; 57639; 1088; 1071; 58; 57638; 4
3; r; 58280; 1088; 659; 37; 58279; 4
3; r; 59561; 1088; 210; 13; 59560; 8
3; r; 62764; 1088; 462; 24; 62763; 8
3; r; 77494; 1088; 117; 8; 77493; 11
3; r; 78135; 1088; 385; 22; 78134; 9
3; r; 79416; 1088; 758; 42; 79415; 5
3; r; 80697; 1088; 503; 28; 80696; 10
3; r; 83901; 1088; 21; 1; 83900; 17
3; r; 84542; 1088; 980; 56; 84541; 4
3; r; 85183; 1088; 618; 36; 85182; 6
3; r; 85824; 1088; 242; 14; 85823; 10
3; r; 94151; 1088; 156; 11; 94150; 7
3; r; 96072; 1088; 115; 7; 96071; 11
3; r; 100556; 1088; 266; 16; 100555; 16
3; r; 107604; 1088; 856; 47; 107603; 3
3; r; 116571; 1088; 825; 44; 116570; 10
3; r; 120415; 1088; 339; 19; 120414; 9
3; r; 128102; 1088; 1037; 57; 128101; 4
3; r; 131304; 1088; 610; 35; 131303; 7
3; r; 133865; 1088; 277; 17; 133864; 8
3; r; 142833; 1088; 589; 33; 142832; 5
3; r; 154362; 1088; 476; 26; 154361; 7
3; r; 156284; 1088; 51; 3; 156283; 10
3; r; 160129; 1088; 93; 4; 160128; 10
3; r; 163334; 1088; 103; 5; 163333; 10
3; r; 171021; 1088; 573; 32; 171020; 8
3; r; 183195; 1088; 365; 21; 183194; 9
3; r; 193448; 1088; 106; 6; 193447; 12
3; r; 604495; 1088; 554; 31; 604494; 14
3; r; 612184; 1088; 293; 18; 612183; 14
3; r; 628200; 1088; 351; 20; 628199; 12
3; r; 632684; 1088; 972; 55; 632683; 10
3; r; 639094; 1088; 7; 0; 639093; 17
3; r; 641657; 1088; 495; 27; 641656; 12
3; r; 642939; 1088; 752; 41; 642938; 14
3; r; 644861; 1088; 262; 15; 644860; 15
3; r; 660240; 1088; 473; 25; 660239; 27
3; r; 660880; 1088; 887; 49; 660879; 20
3; r; 667287; 1088; 37; 2; 667286; 22
3; r; 683944; 1088; 512; 29; 683943; 17
3; r; 685226; 1088; 930; 50; 685225; 21
3; r; 703168; 1088; 598; 34; 703167; 21
3; r; 743540; 1088; 749; 40; 743539; 22
3; r; 762122; 1088; 931; 51; 762121; 22
3; r; 774299; 1088; 865; 48; 774298; 24
3; r; 805701; 1088; 1012; 103; 5700; 2
3; r; 811465; 1088; 292; 67; 11464; 7
3; r; 813386; 1088; 720; 91; 13385; 3
3; r; 823632; 1088; 1087; 108; 23631; 1
3; r; 830676; 1088; 626; 83; 30675; 4
3; r; 846047; 1088; 640; 85; 46046; 8
3; r; 849250; 1088; 877; 97; 49249; 6
3; r; 855655; 1088; 651; 87; 55654; 5
3; r; 858857; 1088; 347; 69; 58856; 8
3; r; 859497; 1088; 262; 65; 59496; 6
3; r; 871025; 1088; 1055; 105; 71024; 1
3; r; 876148; 1088; 757; 92; 76147; 2
3; r; 879992; 1088; 462; 77; 79991; 13
3; r; 883835; 1088; 631; 84; 83834; 10
3; r; 885757; 1088; 875; 96; 85756; 5
3; r; 890881; 1088; 675; 89; 90880; 9
3; r; 892803; 1088; 1046; 104; 92802; 4
3; r; 895365; 1088; 646; 86; 95364; 5
3; r; 912020; 1088; 416; 74; 112019; 8
3; r; 915222; 1088; 1064; 107; 115221; 11
3; r; 919066; 1088; 814; 93; 119065; 3
3; r; 919707; 1088; 385; 73; 119706; 7
3; r; 923551; 1088; 1009; 102; 123550; 3
3; r; 926753; 1088; 275; 66; 126752; 10
3; r; 927394; 1088; 479; 78; 127393; 7
3; r; 928675; 1088; 674; 88; 128674; 5
3; r; 929316; 1088; 354; 70; 129315; 8
3; r; 932521; 1088; 194; 64; 132520; 9
3; r; 934444; 1088; 114; 61; 134443; 9
3; r; 940210; 1088; 909; 100; 140209; 7
3; r; 944054; 1088; 430; 75; 144053; 9
3; r; 947898; 1088; 13; 59; 147897; 12
3; r; 957507; 1088; 895; 99; 157506; 8
3; r; 962632; 1088; 858; 95; 162631; 10
3; r; 966476; 1088; 378; 72; 166475; 9
3; r; 971601; 1088; 175; 63; 171600; 11
3; r; 979289; 1088; 123; 62; 179288; 15
3; r; 1443238; 1088; 598; 82; 643237; 22
3; r; 1476560; 1088; 299; 68; 676559; 18
3; r; 1486174; 1088; 374; 71; 686173; 22
3; r; 1504758; 1088; 30; 60; 704757; 18
3; r; 1506679; 1088; 586; 81; 706678; 26
3; r; 1518214; 1088; 460; 76; 718213; 22
3; r; 1526546; 1088; 551; 80; 726545; 16
3; r; 1536802; 1088; 857; 94; 736801; 18
4; r; 7684; 1088; 889; 49; 7683; 3
4; r; 23053; 1088; 1053; 58; 23052; 4
4; r; 27536; 1088; 145; 7; 27535; 11
4; r; 44827; 1088; 955; 51; 44826; 2
4; r; 49309; 1088; 793; 43; 49308; 9
4; r; 51230; 1088; 1018; 56; 51229; 2
4; r; 52511; 1088; 796; 44; 52510; 9
4; r; 64679; 1088; 153; 9; 64678; 8
4; r; 65960; 1088; 537; 31; 65959; 9
4; r; 67241; 1088; 824; 45; 67240; 5
4; r; 69803; 1088; 691; 38; 69802; 3
4; r; 75567; 1088; 502; 29; 75566; 11
4; r; 76207; 1088; 422; 21; 76206; 6
4; r; 79410; 1088; 849; 46; 79409; 3
4; r; 81332; 1088; 620; 37; 81331; 7
4; r; 81973; 1088; 554; 34; 81972; 4
4; r; 85176; 1088; 1040; 57; 85175; 5
4; r; 93501; 1088; 938; 50; 93500; 4
4; r; 97984; 1088; 976; 52; 97983; 6
4; r; 101186; 1088; 1003; 54; 101185; 6
4; r; 105030; 1088; 1009; 55; 105029; 6
4; r; 108234; 1088; 335; 19; 108233; 10
4; r; 110155; 1088; 779; 42; 110154; 6
4; r; 114640; 1088; 589; 35; 114639; 4
4; r; 117203; 1088; 489; 28; 117202; 6
4; r; 127452; 1088; 611; 36; 127451; 5
4; r; 130655; 1088; 750; 41; 130654; 6
4; r; 135138; 1088; 147; 8; 135137; 9
4; r; 137059; 1088; 463; 24; 137058; 10
4; r; 146027; 1088; 154; 10; 146026; 8
4; r; 147309; 1088; 57; 2; 147308; 8
4; r; 156278; 1088; 471; 26; 156277; 10
4; r; 156919; 1088; 468; 25; 156918; 8
4; r; 158200; 1088; 504; 30; 158199; 9
4; r; 159482; 1088; 434; 23; 159481; 11
4; r; 164607; 1088; 410; 20; 164606; 12
4; r; 166528; 1088; 547; 33; 166527; 7
4; r; 178700; 1088; 100; 5; 178699; 13
4; r; 179341; 1088; 297; 17; 179340; 11
4; r; 187027; 1088; 304; 18; 187026; 9
4; r; 190232; 1088; 85; 4; 190231; 11
4; r; 204968; 1088; 70; 3; 204967; 13
4; r; 212657; 1088; 205; 14; 212656; 11
4; r; 215221; 1088; 201; 13; 215220; 14
4; r; 246637; 1088; 241; 15; 246636; 9
4; r; 669503; 1088; 199; 12; 669502; 22
4; r; 675268; 1088; 112; 6; 675267; 15
4; r; 686158; 1088; 36; 1; 686157; 20
4; r; 687439; 1088; 855; 47; 687438; 21
4; r; 688080; 1088; 29; 0; 688079; 15
4; r; 689361; 1088; 172; 11; 689360; 16
4; r; 736777; 1088; 484; 27; 736776; 20
4; r; 770736; 1088; 296; 16; 770735; 25
4; r; 789961; 1088; 860; 48; 789960; 21
4; r; 802136; 1088; 918; 109; 2135; 2
4; r; 829029; 1088; 824; 105; 29028; 2
4; r; 837995; 1088; 247; 73; 37994; 9
4; r; 847602; 1088; 476; 84; 47601; 8
4; r; 856570; 1088; 922; 110; 56569; 1
4; r; 858492; 1088; 870; 107; 58491; 9
4; r; 862335; 1088; 576; 90; 62334; 7
4; r; 866819; 1088; 210; 69; 66818; 9
4; r; 868100; 1088; 948; 114; 68099; 2
4; r; 870662; 1088; 560; 88; 70661; 5
4; r; 871943; 1088; 952; 115; 71942; 1
4; r; 876426; 1088; 943; 113; 76425; 4
4; r; 878348; 1088; 587; 92; 78347; 7
4; r; 879629; 1088; 464; 81; 79628; 12
4; r; 882191; 1088; 369; 78; 82190; 8
4; r; 887955; 1088; 753; 103; 87954; 2
4; r; 890517; 1088; 585; 91; 90516; 8
4; r; 891158; 1088; 915; 108; 91157; 2
4; r; 893720; 1088; 732; 99; 93719; 7
4; r; 896282; 1088; 932; 112; 96281; 7
4; r; 898205; 1088; 684; 96; 98204; 4
4; r; 903329; 1088; 544; 86; 103328; 6
4; r; 907813; 1088; 297; 74; 107812; 10
4; r; 918704; 1088; 106; 63; 118703; 9
4; r; 920626; 1088; 738; 100; 120625; 8
4; r; 921266; 1088; 475; 83; 121265; 7
4; r; 926391; 1088; 173; 66; 126390; 12
4; r; 928313; 1088; 88; 62; 128312; 7
4; r; 930875; 1088; 310; 77; 130874; 9
4; r; 936639; 1088; 992; 117; 136638; 8
4; r; 941765; 1088; 307; 76; 141764; 11
4; r; 947530; 1088; 570; 89; 147529; 8
4; r; 948811; 1088; 629; 94; 148810; 8
4; r; 952656; 1088; 8; 59; 152655; 12
4; r; 955220; 1088; 25; 60; 155219; 9
4; r; 959705; 1088; 681; 95; 159704; 4
4; r; 969316; 1088; 246; 72; 169315; 10
4; r; 980848; 1088; 154; 64; 180847; 7
4; r; 984692; 1088; 825; 106; 184691; 11
4; r; 985333; 1088; 155; 65; 185332; 10
4; r; 985974; 1088; 234; 71; 185973; 13
4; r; 991101; 1088; 759; 104; 191100; 10
4; r; 991742; 1088; 929; 111; 191741; 9
4; r; 1001994; 1088; 298; 75; 201993; 12
4; r; 1003275; 1088; 232; 70; 203274; 13
4; r; 1014812; 1088; 705; 97; 214811; 9
4; r; 1468002; 1088; 555; 87; 668001; 11
4; r; 1470564; 1088; 745; 101; 670563; 17
4; r; 1480173; 1088; 752; 102; 680172; 18
4; r; 1487860; 1088; 619; 93; 687859; 12
4; r; 1490422; 1088; 415; 80; 690421; 15
4; r; 1514774; 1088; 177; 67; 714773; 13
4; r; 1521824; 1088; 474; 82; 721823; 18
4; r; 1560273; 1088; 957; 116; 760272; 28
5; r; 6405; 1088; 395; 14; 6404; 6
5; r; 13449; 1088; 701; 35; 13448; 7
5; r; 16651; 1088; 994; 49; 16650; 7
5; r; 17932; 1088; 262; 11; 17931; 6
5; r; 20495; 1088; 109; 6; 20494; 8
5; r; 26898; 1088; 812; 38; 26897; 4
5; r; 36505; 1088; 888; 42; 36504; 1
5; r; 38426; 1088; 557; 30; 38425; 4
5; r; 48031; 1088; 913; 45; 48030; 2
5; r; 51873; 1088; 989; 48; 51872; 1
5; r; 53795; 1088; 715; 36; 53794; 4
5; r; 57638; 1088; 1037; 51; 57637; 5
5; r; 60839; 1088; 20; 0; 60838; 11
5; r; 62120; 1088; 921; 46; 62119; 1
5; r; 65322; 1088; 433; 19; 65321; 14
5; r; 83256; 1088; 1041; 52; 83255; 3
5; r; 85818; 1088; 623; 32; 85817; 4
5; r; 87739; 1088; 552; 29; 87738; 4
5; r; 89659; 1088; 932; 47; 89658; 7
5; r; 94784; 1088; 674; 33; 94783; 6
5; r; 96706; 1088; 909; 44; 96705; 3
5; r; 109518; 1088; 355; 12; 109517; 6
5; r; 110799; 1088; 436; 20; 110798; 14
5; r; 117205; 1088; 446; 22; 117204; 5
5; r; 121690; 1088; 722; 37; 121689; 7
5; r; 122971; 1088; 46; 3; 122970; 15
5; r; 124252; 1088; 529; 28; 124251; 11
5; r; 131938; 1088; 390; 13; 131937; 8
5; r; 134501; 1088; 503; 27; 134500; 11
5; r; 135782; 1088; 419; 16; 135781; 5
5; r; 137063; 1088; 841; 40; 137062; 4
5; r; 146672; 1088; 1023; 50; 146671; 8
5; r; 147312; 1088; 123; 8; 147311; 9
5; r; 147953; 1088; 882; 41; 147952; 3
5; r; 153079; 1088; 406; 15; 153078; 9
5; r; 162047; 1088; 675; 34; 162046; 6
5; r; 165250; 1088; 1048; 53; 165249; 7
5; r; 176785; 1088; 617; 31; 176784; 6
5; r; 181272; 1088; 1063; 55; 181271; 7
5; r; 183193; 1088; 196; 10; 183192; 8
5; r; 187038; 1088; 429; 18; 187037; 12
5; r; 189601; 1088; 26; 1; 189600; 14
5; r; 192805; 1088; 185; 9; 192804; 8
5; r; 193446; 1088; 68; 4; 193445; 11
5; r; 208825; 1088; 442; 21; 208824; 10
5; r; 215874; 1088; 826; 39; 215873; 9
5; r; 730528; 1088; 480; 26; 730527; 21
5; r; 733734; 1088; 900; 43; 733733; 31
5; r; 736298; 1088; 423; 17; 736297; 30
5; r; 737581; 1088; 42; 2; 737580; 22
5; r; 738222; 1088; 475; 25; 738221; 13
5; r; 773477; 1088; 448; 23; 773476; 23
5; r; 821536; 1088; 1042; 107; 21535; 5
5; r; 829222; 1088; 203; 67; 29221; 10
5; r; 831784; 1088; 791; 91; 31783; 5
5; r; 834987; 1088; 598; 85; 34986; 8
5; r; 835628; 1088; 883; 98; 35627; 2
5; r; 843954; 1088; 915; 100; 43953; 2
5; r; 846516; 1088; 911; 99; 46515; 3
5; r; 851001; 1088; 795; 92; 51000; 8
5; r; 853563; 1088; 997; 104; 53562; 10
5; r; 864450; 1088; 1036; 106; 64449; 5
5; r; 874058; 1088; 570; 82; 74057; 9
5; r; 875980; 1088; 790; 90; 75979; 3
5; r; 880465; 1088; 105; 64; 80464; 12
5; r; 882387; 1088; 949; 102; 82386; 3
5; r; 883668; 1088; 752; 88; 83667; 3
5; r; 884949; 1088; 39; 57; 84948; 10
5; r; 891354; 1088; 562; 80; 91353; 10
5; r; 893917; 1088; 863; 96; 93916; 7
5; r; 912493; 1088; 827; 95; 112492; 12
5; r; 913134; 1088; 484; 76; 113133; 8
5; r; 920181; 1088; 754; 89; 120180; 4
5; r; 923385; 1088; 1033; 105; 123384; 6
5; r; 924026; 1088; 202; 66; 124025; 10
5; r; 924666; 1088; 78; 60; 124665; 14
5; r; 932353; 1088; 806; 94; 132352; 6
5; r; 932993; 1088; 529; 78; 132992; 8
5; r; 938759; 1088; 800; 93; 138758; 6
5; r; 939399; 1088; 930; 101; 139398; 6
5; r; 941321; 1088; 961; 103; 141320; 8
5; r; 943243; 1088; 204; 68; 143242; 11
5; r; 947729; 1088; 324; 72; 147728; 6
5; r; 949010; 1088; 1; 56; 149009; 16
5; r; 954135; 1088; 458; 75; 154134; 8
5; r; 965027; 1088; 533; 79; 165026; 8
5; r; 971434; 1088; 391; 74; 171433; 7
5; r; 977200; 1088; 140; 65; 177199; 10
5; r; 978481; 1088; 563; 81; 178480; 14
5; r; 981684; 1088; 232; 69; 181683; 10
5; r; 996422; 1088; 498; 77; 196421; 13
5; r; 1000908; 1088; 627; 87; 200907; 14
5; r; 1007957; 1088; 379; 73; 207956; 12
5; r; 1012444; 1088; 98; 62; 212443; 16
5; r; 1013726; 1088; 85; 61; 213725; 10
5; r; 1022700; 1088; 603; 86; 222699; 14
5; r; 1039374; 1088; 574; 83; 239373; 9
5; r; 1556744; 1088; 591; 84; 553765; 19
6; r; 19210; 1088; 734; 34; 19209; 10
6; r; 21131; 1088; 896; 42; 21130; 6
6; r; 30097; 1088; 1082; 52; 30096; 1
6; r; 37141; 1088; 690; 31; 37140; 3
6; r; 39703; 1088; 759; 36; 39702; 13
6; r; 43545; 1088; 520; 25; 43544; 4
6; r; 47388; 1088; 983; 45; 47387; 2
6; r; 51872; 1088; 422; 21; 51871; 6
6; r; 55074; 1088; 897; 43; 55073; 6
6; r; 56355; 1088; 469; 22; 56354; 8
6; r; 73010; 1088; 407; 19; 73009; 8
6; r; 74291; 1088; 747; 35; 74290; 6
6; r; 75572; 1088; 289; 15; 75571; 7
6; r; 85180; 1088; 373; 18; 85179; 7
6; r; 85820; 1088; 708; 33; 85819; 7
6; r; 89023; 1088; 1040; 50; 89022; 4
6; r; 89663; 1088; 699; 32; 89662; 7
6; r; 92225; 1088; 413; 20; 92224; 7
6; r; 100551; 1088; 1032; 48; 100550; 9
6; r; 103113; 1088; 18; 1; 103112; 14
6; r; 106316; 1088; 1034; 49; 106315; 6
6; r; 107597; 1088; 647; 29; 107596; 5
6; r; 109519; 1088; 190; 10; 109518; 12
6; r; 116565; 1088; 191; 11; 116564; 9
6; r; 119768; 1088; 933; 44; 119767; 8
6; r; 128737; 1088; 535; 26; 128736; 7
6; r; 129378; 1088; 991; 46; 129377; 8
6; r; 130659; 1088; 841; 41; 130658; 7
6; r; 133862; 1088; 772; 39; 133861; 6
6; r; 141549; 1088; 223; 13; 141548; 8
6; r; 147955; 1088; 493; 23; 147954; 8
6; r; 156284; 1088; 612; 27; 156283; 6
6; r; 158847; 1088; 337; 16; 158846; 10
6; r; 161410; 1088; 131; 7; 161409; 8
6; r; 162051; 1088; 763; 38; 162050; 9
6; r; 171021; 1088; 1029; 47; 171020; 6
6; r; 177429; 1088; 10; 0; 177428; 13
6; r; 185119; 1088; 1064; 51; 185118; 9
6; r; 190887; 1088; 519; 24; 190886; 10
6; r; 192169; 1088; 54; 5; 192168; 11
6; r; 226173; 1088; 48; 4; 226172; 13
6; r; 685148; 1088; 667; 30; 685147; 17
6; r; 706935; 1088; 357; 17; 706934; 18
6; r; 711422; 1088; 158; 9; 711421; 19
6; r; 743465; 1088; 230; 14; 743464; 23
6; r; 747952; 1088; 192; 12; 747951; 24
6; r; 752439; 1088; 68; 6; 752438; 21
6; r; 805637; 1088; 1085; 102; 5636; 1
6; r; 822927; 1088; 1021; 97; 22926; 1
6; r; 824207; 1088; 713; 80; 24206; 3
6; r; 833814; 1088; 397; 69; 33813; 9
6; r; 848545; 1088; 879; 90; 48544; 4
6; r; 849185; 1088; 773; 82; 49184; 5
6; r; 849826; 1088; 1077; 101; 49825; 6
6; r; 854950; 1088; 906; 94; 54949; 6
6; r; 856231; 1088; 951; 96; 56230; 1
6; r; 857512; 1088; 869; 88; 57511; 6
6; r; 859434; 1088; 824; 84; 59433; 4
6; r; 860075; 1088; 792; 83; 60074; 10
6; r; 865199; 1088; 756; 81; 65198; 3
6; r; 870963; 1088; 691; 79; 70962; 4
6; r; 873525; 1088; 1037; 99; 73524; 5
6; r; 879929; 1088; 433; 71; 79928; 9
6; r; 881850; 1088; 941; 95; 81849; 5
6; r; 883131; 1088; 622; 75; 83130; 6
6; r; 883772; 1088; 889; 91; 83771; 1
6; r; 887615; 1088; 535; 73; 87614; 11
6; r; 893380; 1088; 878; 89; 93379; 7
6; r; 895942; 1088; 644; 78; 95941; 9
6; r; 897864; 1088; 141; 55; 97863; 14
6; r; 907474; 1088; 828; 85; 107473; 11
6; r; 909395; 1088; 861; 87; 109394; 12
6; r; 910676; 1088; 836; 86; 110675; 7
6; r; 911316; 1088; 517; 72; 111315; 6
6; r; 915802; 1088; 183; 59; 115801; 7
6; r; 917724; 1088; 352; 66; 117723; 6
6; r; 920286; 1088; 307; 65; 120285; 11
6; r; 929255; 1088; 1033; 98; 129254; 10
6; r; 933738; 1088; 431; 70; 133737; 11
6; r; 936301; 1088; 29; 54; 136300; 13
6; r; 944629; 1088; 385; 67; 144628; 8
6; r; 953598; 1088; 904; 93; 153597; 10
6; r; 956802; 1088; 635; 77; 156801; 9
6; r; 958083; 1088; 901; 92; 158082; 10
6; r; 961286; 1088; 589; 74; 161285; 6
6; r; 966412; 1088; 299; 64; 166411; 10
6; r; 967693; 1088; 181; 58; 167692; 10
6; r; 972819; 1088; 396; 68; 172818; 13
6; r; 976022; 1088; 275; 62; 176021; 8
6; r; 984352; 1088; 4; 53; 184351; 13
6; r; 1003576; 1088; 148; 56; 203575; 8
6; r; 1005499; 1088; 194; 60; 205498; 12
6; r; 1501172; 1088; 1058; 100; 539591; 14
6; r; 1544109; 1088; 293; 63; 744108; 24
6; r; 1549235; 1088; 226; 61; 583644; 22
7; r; 1283; 1088; 1083; 43; 1282; 1
7; r; 10888; 1088; 832; 30; 10887; 8
7; r; 11529; 1088; 490; 17; 11528; 4
7; r; 14091; 1088; 1078; 42; 14090; 2
7; r; 18574; 1088; 975; 39; 18573; 3
7; r; 451355; 1088; 798; 29; 451354; 6
7; r; 456492; 1088; 986; 40; 456491; 1
7; r; 486639; 1088; 180; 4; 486638; 9
7; r; 500745; 1088; 925; 34; 500744; 11
7; r; 551397; 1088; 255; 8; 551396; 13
7; r; 562296; 1088; 121; 2; 562295; 13
7; r; 562936; 1088; 603; 21; 562935; 8
7; r; 578318; 1088; 877; 32; 578317; 17
7; r; 582803; 1088; 962; 37; 582802; 18
7; r; 603949; 1088; 182; 5; 603948; 15
7; r; 612281; 1088; 153; 3; 612280; 19
7; r; 628941; 1088; 1075; 41; 628940; 22
7; r; 633429; 1088; 686; 23; 633428; 21
7; r; 662909; 1088; 297; 10; 662908; 22
7; r; 671880; 1088; 597; 20; 671879; 17
7; r; 694959; 1088; 309; 12; 694958; 20
7; r; 719969; 1088; 47; 0; 719968; 21
7; r; 804631; 1088; 480; 63; 4630; 5
7; r; 809114; 1088; 458; 61; 9113; 5
7; r; 820001; 1088; 698; 73; 20000; 6
7; r; 1247951; 1088; 706; 74; 447950; 5
7; r; 1251802; 1088; 894; 83; 451801; 11
7; r; 1256936; 1088; 816; 78; 456935; 2
7; r; 1323614; 1088; 1037; 86; 523613; 6
7; r; 1333229; 1088; 259; 52; 533228; 8
7; r; 1346049; 1088; 120; 45; 546048; 15
7; r; 1385780; 1088; 151; 47; 585779; 12
7; r; 1396030; 1088; 786; 76; 596029; 10
7; r; 1403718; 1088; 1068; 88; 603717; 16
7; r; 1406922; 1088; 35; 44; 606921; 20
7; r; 1422942; 1088; 384; 57; 622941; 13
7; r; 1431913; 1088; 430; 59; 631912; 20
7; r; 1437038; 1088; 545; 67; 637037; 17
7; r; 1443445; 1088; 654; 71; 643444; 15
7; r; 1446009; 1088; 402; 58; 646008; 16
8; r; 16016; 1088; 953; 42; 16015; 1
8; r; 19858; 1088; 681; 32; 19857; 6
8; r; 24981; 1088; 706; 34; 24980; 7
8; r; 26902; 1088; 922; 40; 26901; 1
8; r; 28183; 1088; 801; 38; 28182; 7
8; r; 30745; 1088; 512; 24; 30744; 6
8; r; 37789; 1088; 441; 21; 37788; 10
8; r; 47395; 1088; 130; 5; 47394; 7
8; r; 54442; 1088; 981; 44; 54441; 2
8; r; 59567; 1088; 777; 36; 59566; 4
8; r; 60208; 1088; 1081; 48; 60207; 3
8; r; 68535; 1088; 530; 26; 68534; 10
8; r; 74941; 1088; 360; 16; 74940; 7
8; r; 83268; 1088; 88; 4; 83267; 10
8; r; 89033; 1088; 461; 23; 89032; 7
8; r; 93516; 1088; 678; 31; 93515; 5
8; r; 96078; 1088; 63; 2; 96077; 11
8; r; 99282; 1088; 411; 18; 99281; 8
8; r; 100563; 1088; 942; 41; 100562; 5
8; r; 105686; 1088; 343; 15; 105685; 5
8; r; 106967; 1088; 214; 10; 106966; 14
8; r; 110168; 1088; 84; 3; 110167; 11
8; r; 110809; 1088; 1079; 47; 110808; 7
8; r; 122340; 1088; 676; 30; 122339; 7
8; r; 125542; 1088; 156; 7; 125541; 10
8; r; 131307; 1088; 408; 17; 131306; 8
8; r; 135790; 1088; 873; 39; 135789; 7
8; r; 136431; 1088; 426; 20; 136430; 9
8; r; 137713; 1088; 567; 27; 137712; 8
8; r; 141557; 1088; 704; 33; 141556; 11
8; r; 142198; 1088; 37; 1; 142197; 16
8; r; 147325; 1088; 668; 29; 147324; 11
8; r; 149248; 1088; 664; 28; 149247; 9
8; r; 153092; 1088; 528; 25; 153091; 13
8; r; 172317; 1088; 320; 12; 172316; 7
8; r; 191551; 1088; 1040; 45; 191550; 9
8; r; 729058; 1088; 338; 14; 729057; 26
8; r; 730340; 1088; 798; 37; 730339; 21
8; r; 730981; 1088; 335; 13; 730980; 22
8; r; 802781; 1088; 686; 87; 2780; 3
8; r; 810465; 1088; 690; 88; 10464; 4
8; r; 812387; 1088; 425; 19; 812386; 36
8; r; 830961; 1088; 343; 66; 30960; 9
8; r; 832882; 1088; 494; 76; 32881; 6
8; r; 838006; 1088; 759; 89; 38005; 11
8; r; 839928; 1088; 190; 61; 39927; 9
8; r; 847613; 1088; 941; 95; 47612; 3
8; r; 851456; 1088; 656; 84; 51455; 4
8; r; 854017; 1088; 383; 69; 54016; 7
8; r; 857860; 1088; 1018; 99; 57859; 1
8; r; 866828; 1088; 661; 85; 66827; 10
8; r; 878359; 1088; 1033; 100; 78358; 7
8; r; 879640; 1088; 101; 57; 79639; 14
8; r; 882202; 1088; 379; 68; 82201; 7
8; r; 883483; 1088; 64; 56; 83482; 9
8; r; 885405; 1088; 311; 65; 85404; 11
8; r; 888608; 1088; 575; 79; 88607; 6
8; r; 891171; 1088; 772; 91; 91170; 7
8; r; 891812; 1088; 46; 53; 91811; 9
8; r; 898858; 1088; 787; 92; 98857; 4
8; r; 900140; 1088; 363; 67; 100139; 9
8; r; 907187; 1088; 618; 82; 107186; 4
8; r; 910390; 1088; 588; 80; 110389; 5
8; r; 912312; 1088; 958; 96; 112311; 11
8; r; 924484; 1088; 22; 51; 124483; 13
8; r; 925125; 1088; 767; 90; 125124; 7
8; r; 934735; 1088; 293; 64; 134734; 8
8; r; 936016; 1088; 436; 75; 136015; 11
8; r; 941783; 1088; 427; 71; 141782; 11
8; r; 944986; 1088; 433; 73; 144985; 13
8; r; 946267; 1088; 9; 49; 146266; 10
8; r; 948830; 1088; 16; 50; 148829; 9
8; r; 952674; 1088; 54; 55; 152673; 9
8; r; 962925; 1088; 631; 83; 162924; 10
8; r; 964206; 1088; 430; 72; 164205; 12
8; r; 965488; 1088; 434; 74; 165487; 11
8; r; 969973; 1088; 529; 77; 169972; 15
8; r; 970614; 1088; 861; 94; 170613; 8
8; r; 972536; 1088; 826; 93; 172535; 11
8; r; 973177; 1088; 41; 52; 173176; 9
8; r; 977021; 1088; 565; 78; 177020; 10
8; r; 977662; 1088; 598; 81; 177661; 9
8; r; 981506; 1088; 109; 58; 181505; 12
8; r; 1000094; 1088; 206; 62; 200093; 12
8; r; 1004580; 1088; 666; 86; 204579; 10
8; r; 1005220; 1088; 169; 60; 205219; 15
8; r; 1020606; 1088; 122; 59; 220605; 11
8; r; 1542829; 1088; 261; 63; 742828; 35
8; r; 1569110; 1088; 51; 54; 769109; 33
9; r; 12170; 1088; 689; 28; 12169; 3
9; r; 14091; 1088; 453; 16; 14090; 6
9; r; 15372; 1088; 994; 41; 15371; 7
9; r; 17293; 1088; 669; 25; 17292; 6
9; r; 26259; 1088; 1055; 44; 26258; 1
9; r; 30742; 1088; 976; 40; 30741; 6
9; r; 40990; 1088; 1087; 46; 40989; 2
9; r; 43551; 1088; 651; 24; 43550; 6
9; r; 46113; 1088; 1048; 43; 46112; 2
9; r; 49956; 1088; 851; 35; 49955; 2
9; r; 56362; 1088; 247; 9; 56361; 11
9; r; 65970; 1088; 785; 32; 65969; 5
9; r; 79423; 1088; 224; 8; 79422; 11
9; r; 94154; 1088; 790; 33; 94153; 3
9; r; 98638; 1088; 946; 38; 98637; 2
9; r; 99919; 1088; 16; 1; 99918; 11
9; r; 103122; 1088; 423; 14; 103121; 7
9; r; 103762; 1088; 1013; 42; 103761; 3
9; r; 105684; 1088; 873; 36; 105683; 6
9; r; 113370; 1088; 457; 17; 113369; 6
9; r; 115933; 1088; 268; 11; 115932; 11
9; r; 126182; 1088; 533; 20; 126181; 8
9; r; 127464; 1088; 84; 4; 127463; 10
9; r; 136433; 1088; 805; 34; 136432; 8
9; r; 138995; 1088; 498; 18; 138994; 10
9; r; 151807; 1088; 552; 21; 151806; 5
9; r; 152447; 1088; 677; 26; 152446; 6
9; r; 155010; 1088; 134; 6; 155009; 14
9; r; 156932; 1088; 1059; 45; 156931; 9
9; r; 161416; 1088; 305; 13; 161415; 9
9; r; 163338; 1088; 161; 7; 163337; 8
9; r; 166541; 1088; 679; 27; 166540; 7
9; r; 169745; 1088; 57; 2; 169744; 10
9; r; 170386; 1088; 765; 29; 170385; 9
9; r; 174871; 1088; 11; 0; 174870; 11
9; r; 181921; 1088; 501; 19; 181920; 10
9; r; 187047; 1088; 65; 3; 187046; 16
9; r; 224291; 1088; 567; 22; 224290; 12
9; r; 660458; 1088; 886; 37; 660457; 29
9; r; 676481; 1088; 774; 30; 676480; 13
9; r; 680968; 1088; 778; 31; 680967; 23
9; r; 727117; 1088; 113; 5; 727116; 24
9; r; 746354; 1088; 445; 15; 746353; 23
9; r; 817504; 1088; 881; 95; 17503; 3
9; r; 820066; 1088; 989; 98; 20065; 1
9; r; 825189; 1088; 722; 87; 25188; 8
9; r; 840560; 1088; 380; 68; 40559; 6
9; r; 841841; 1088; 332; 66; 41840; 11
9; r; 850167; 1088; 1051; 105; 50166; 1
9; r; 857212; 1088; 1045; 104; 57211; 3
9; r; 857852; 1088; 581; 77; 57851; 6
9; r; 864257; 1088; 738; 89; 64256; 5
9; r; 864898; 1088; 4; 47; 64897; 13
9; r; 866819; 1088; 196; 58; 66818; 10
9; r; 877067; 1088; 981; 97; 77066; 3
9; r; 878349; 1088; 254; 61; 78348; 6
9; r; 878990; 1088; 704; 86; 78989; 6
9; r; 882192; 1088; 608; 78; 82191; 10
9; r; 887957; 1088; 166; 57; 87956; 14
9; r; 891160; 1088; 1017; 101; 91159; 1
9; r; 893722; 1088; 851; 94; 93721; 3
9; r; 895004; 1088; 797; 92; 95003; 8
9; r; 897566; 1088; 458; 71; 97565; 6
9; r; 898207; 1088; 690; 82; 98206; 3
9; r; 903973; 1088; 749; 91; 103972; 5
9; r; 906536; 1088; 258; 62; 106535; 7
9; r; 919991; 1088; 59; 52; 119990; 9
9; r; 925115; 1088; 219; 59; 125114; 7
9; r; 929600; 1088; 998; 100; 129599; 6
9; r; 932803; 1088; 691; 83; 132802; 4
9; r; 935366; 1088; 533; 73; 135365; 11
9; r; 936647; 1088; 434; 70; 136646; 11
9; r; 937288; 1088; 1026; 102; 137287; 8
9; r; 952022; 1088; 51; 51; 152021; 8
9; r; 956507; 1088; 619; 79; 156506; 5
9; r; 960992; 1088; 112; 54; 160991; 7
9; r; 961633; 1088; 697; 84; 161632; 12
9; r; 970602; 1088; 551; 74; 170601; 7
9; r; 975729; 1088; 992; 99; 175728; 11
9; r; 976370; 1088; 144; 55; 176369; 10
9; r; 985339; 1088; 20; 48; 185338; 10
9; r; 990464; 1088; 733; 88; 190463; 11
9; r; 995588; 1088; 339; 67; 195587; 9
9; r; 1003278; 1088; 24; 49; 203277; 11
9; r; 1003918; 1088; 571; 75; 203917; 9
9; r; 1016735; 1088; 631; 80; 216734; 10
9; r; 1018016; 1088; 504; 72; 218015; 14
9; r; 1023785; 1088; 294; 63; 223784; 10
9; r; 1026349; 1088; 231; 60; 226348; 13
9; r; 1046856; 1088; 805; 93; 246855; 17
9; r; 1051343; 1088; 577; 76; 251342; 8
9; r; 1051985; 1088; 639; 81; 251984; 9
9; r; 1482290; 1088; 35; 50; 682289; 17
9; r; 1509200; 1088; 155; 56; 709199; 17
9; r; 1563015; 1088; 1040; 103; 763014; 21
