iter; type; time slot; d_nodes; s_nodes; pid; nslot; nhop
0; r; 14869; 1088; 637; 1; 14265; 6
0; r; 34751; 1088; 123; 2; 34080; 8
0; r; 39882; 1088; 1020; 100; 22358; 1
0; r; 41805; 1088; 658; 142; 17087; 3
0; r; 59116; 1088; 954; 159; 31281; 1
0; r; 96947; 1088; 1086; 112; 76347; 1
0; r; 98872; 1088; 821; 76; 86058; 2
0; r; 100154; 1088; 950; 118; 78935; 2
0; r; 106565; 1088; 1082; 99; 89319; 1
0; r; 111052; 1088; 717; 108; 91353; 4
0; r; 112334; 1088; 290; 5; 110777; 6
0; r; 131567; 1088; 1014; 17; 128246; 2
0; r; 153368; 1088; 1053; 22; 148967; 1
0; r; 171959; 1088; 1049; 147; 146516; 1
0; r; 176448; 1088; 782; 156; 148916; 3
0; r; 189275; 1088; 415; 13; 186903; 6
0; r; 197616; 1088; 681; 122; 175549; 3
0; r; 200825; 1088; 718; 40; 193054; 4
0; r; 204032; 1088; 1016; 143; 179070; 1
0; r; 207241; 1088; 1023; 127; 184641; 6
0; r; 722689; 1088; 585; 30; 717104; 5
0; r; 726534; 1088; 536; 33; 720288; 11
0; r; 738074; 1088; 709; 71; 725539; 7
0; r; 745126; 1088; 591; 34; 738750; 7
0; r; 746409; 1088; 744; 31; 740719; 7
0; r; 753461; 1088; 1018; 144; 728498; 4
0; r; 762440; 1088; 806; 98; 745241; 5
0; r; 763722; 1088; 967; 42; 755633; 4
0; r; 766286; 1088; 629; 67; 754475; 9
0; r; 768209; 1088; 610; 66; 756407; 7
0; r; 775902; 1088; 887; 57; 765373; 3
0; r; 793209; 1088; 1011; 89; 777973; 3
0; r; 803465; 1088; 743; 176; 772695; 5
0; r; 804106; 1088; 682; 21; 799786; 7
0; r; 808593; 1088; 848; 126; 786154; 3
0; r; 811798; 1088; 542; 157; 784103; 6
0; r; 823336; 1088; 779; 18; 819452; 4
0; r; 848336; 1088; 347; 63; 837019; 6
0; r; 893857; 1088; 813; 163; 865348; 5
0; r; 897704; 1088; 520; 178; 866647; 8
0; r; 915015; 1088; 843; 187; 487477; 7
0; r; 929767; 1088; 745; 73; 917196; 18
0; r; 961188; 1088; 339; 72; 948629; 6
0; r; 975936; 1088; 519; 36; 969132; 5
0; r; 984273; 1088; 486; 138; 960019; 6
0; r; 1522297; 1088; 888; 213; 717519; 2
0; r; 1548584; 1088; 387; 16; 1545525; 7
0; r; 1553712; 1088; 458; 64; 1542335; 8
0; r; 1558199; 1088; 972; 180; 1526082; 5
0; r; 1565892; 1088; 300; 7; 1564285; 11
0; r; 1573583; 1088; 214; 77; 1560754; 13
0; r; 1578712; 1088; 906; 60; 1567652; 6
0; r; 1587046; 1088; 1086; 297; 766446; 1
0; r; 1601148; 1088; 1037; 173; 1571594; 3
0; r; 1606275; 1088; 535; 121; 1584262; 8
0; r; 1633842; 1088; 1021; 337; 801434; 1
0; r; 1635765; 1088; 1073; 124; 1613377; 4
0; r; 1651152; 1088; 131; 15; 1648340; 8
0; r; 1662693; 1088; 468; 11; 1660568; 8
0; r; 1665257; 1088; 573; 102; 1646614; 9
0; r; 1680004; 1088; 505; 109; 1659549; 7
0; r; 1681287; 1088; 933; 32; 1675107; 14
0; r; 1694748; 1088; 811; 331; 864679; 3
0; r; 1706928; 1088; 452; 50; 1697642; 5
0; r; 1719751; 1088; 820; 201; 917393; 3
0; r; 1722956; 1088; 586; 54; 1712839; 7
0; r; 1774254; 1088; 971; 115; 1753315; 5
0; r; 1806961; 1088; 772; 104; 1787915; 6
0; r; 1816582; 1088; 797; 19; 1812602; 6
0; r; 1819148; 1088; 207; 96; 1802155; 10
0; r; 1899355; 1088; 749; 155; 1871858; 4
0; r; 2324706; 1088; 868; 69; 2312625; 8
0; r; 2352276; 1088; 908; 137; 2328213; 7
0; r; 2355481; 1088; 327; 75; 2342695; 7
0; r; 2375993; 1088; 74; 90; 2360660; 8
0; r; 2377915; 1088; 481; 174; 2347902; 5
0; r; 2414456; 1088; 700; 79; 2401409; 10
0; r; 2429201; 1088; 454; 170; 2400081; 5
0; r; 2455482; 1088; 451; 59; 2444659; 9
0; r; 2456764; 1088; 30; 78; 2443828; 12
0; r; 2472152; 1088; 250; 93; 2455808; 6
0; r; 2475998; 1088; 824; 243; 1664881; 2
0; r; 2487539; 1088; 937; 24; 2482544; 5
0; r; 2525367; 1088; 144; 172; 2495914; 7
0; r; 2559997; 1088; 162; 148; 2533780; 8
0; r; 2593984; 1088; 393; 184; 2561392; 5
0; r; 3126025; 1088; 483; 58; 3115484; 8
0; r; 3164487; 1088; 405; 136; 3140586; 7
0; r; 3177949; 1088; 592; 83; 3164494; 6
0; r; 3186283; 1088; 739; 299; 2365251; 5
0; r; 3201667; 1088; 97; 81; 3188366; 6
0; r; 3202308; 1088; 940; 257; 2388681; 4
0; r; 3205513; 1088; 656; 206; 2402056; 3
0; r; 3210641; 1088; 909; 276; 2393859; 4
0; r; 3216410; 1088; 695; 135; 3192519; 8
0; r; 3217051; 1088; 444; 28; 3211595; 6
0; r; 3227307; 1088; 32; 169; 3198317; 8
0; r; 3231154; 1088; 420; 182; 3198867; 6
0; r; 3233718; 1088; 73; 103; 3214848; 8
0; r; 3244615; 1088; 751; 291; 2424905; 3
0; r; 3246538; 1088; 449; 134; 3222847; 7
0; r; 3250385; 1088; 946; 227; 2442517; 4
0; r; 3294619; 1088; 831; 68; 3282770; 6
0; r; 3299109; 1088; 590; 123; 3276775; 7
0; r; 3321547; 1088; 272; 86; 3306682; 10
0; r; 3343985; 1088; 1009; 91; 3328305; 8
0; r; 3365149; 1088; 511; 119; 3343845; 8
0; r; 3402341; 1088; 255; 29; 3396770; 6
0; r; 3415167; 1088; 769; 111; 3394589; 7
0; r; 3462636; 1088; 67; 139; 3438297; 11
0; r; 3930444; 1088; 893; 145; 3905449; 8
0; r; 3940701; 1088; 917; 14; 3938050; 8
0; r; 3999039; 1088; 541; 154; 3971833; 6
1; r; 10267; 1088; 780; 102; 10266; 4
1; r; 25654; 1088; 547; 71; 25653; 7
1; r; 47458; 1088; 1005; 136; 47457; 4
1; r; 48099; 1088; 824; 112; 48098; 2
1; r; 51945; 1088; 256; 36; 51944; 5
1; r; 65411; 1088; 1053; 148; 65410; 1
1; r; 66694; 1088; 348; 49; 66693; 8
1; r; 67335; 1088; 807; 109; 67334; 6
1; r; 97472; 1088; 753; 98; 97471; 3
1; r; 133374; 1088; 779; 101; 133373; 6
1; r; 556281; 1088; 953; 130; 556280; 1
1; r; 560770; 1088; 548; 72; 560769; 8
1; r; 567832; 1088; 1080; 150; 567831; 3
1; r; 576172; 1088; 581; 75; 576171; 5
1; r; 599905; 1088; 1047; 147; 599904; 2
1; r; 602469; 1088; 820; 111; 602468; 2
1; r; 615301; 1088; 752; 97; 615300; 2
1; r; 621070; 1088; 325; 46; 621069; 6
1; r; 623635; 1088; 761; 99; 623634; 16
1; r; 640307; 1088; 852; 116; 640306; 5
1; r; 659543; 1088; 523; 67; 659542; 4
1; r; 660184; 1088; 550; 73; 660183; 4
1; r; 699943; 1088; 846; 115; 699942; 3
1; r; 703149; 1088; 720; 91; 703148; 3
1; r; 728156; 1088; 853; 117; 728155; 3
1; r; 735208; 1088; 914; 124; 735207; 3
1; r; 745465; 1088; 787; 105; 745464; 3
1; r; 749312; 1088; 151; 23; 749311; 8
1; r; 752517; 1088; 572; 74; 752516; 8
1; r; 758286; 1088; 1039; 145; 758285; 6
1; r; 763415; 1088; 716; 90; 763414; 6
1; r; 770466; 1088; 1001; 135; 770465; 4
1; r; 771753; 1088; 986; 133; 771752; 6
1; r; 772394; 1088; 908; 123; 772393; 4
1; r; 777521; 1088; 627; 82; 777520; 8
1; r; 789061; 1088; 613; 80; 789060; 6
1; r; 790984; 1088; 357; 51; 790983; 5
1; r; 796112; 1088; 1045; 146; 796111; 4
1; r; 820473; 1088; 790; 106; 820472; 3
1; r; 833293; 1088; 699; 87; 833292; 8
1; r; 833934; 1088; 87; 10; 833933; 11
1; r; 842267; 1088; 1014; 139; 842266; 3
1; r; 859580; 1088; 487; 62; 859579; 5
1; r; 863426; 1088; 832; 114; 863425; 6
1; r; 894200; 1088; 782; 104; 894199; 4
1; r; 897406; 1088; 939; 129; 897405; 4
1; r; 898688; 1088; 733; 94; 898687; 7
1; r; 914716; 1088; 329; 47; 914715; 6
1; r; 921126; 1088; 1036; 144; 921125; 5
1; r; 1370525; 1088; 899; 122; 1370524; 7
1; r; 1383997; 1088; 935; 126; 1383996; 7
1; r; 1392976; 1088; 41; 3; 1392975; 11
1; r; 1428248; 1088; 625; 81; 1428247; 4
1; r; 1458386; 1088; 502; 64; 1458385; 9
1; r; 1459668; 1088; 1053; 295; 659667; 1
1; r; 1461591; 1088; 921; 276; 661590; 1
1; r; 1473132; 1088; 463; 60; 1473131; 10
1; r; 1483390; 1088; 88; 11; 1483389; 7
1; r; 1507755; 1088; 317; 44; 1507754; 6
1; r; 1523141; 1088; 95; 12; 1523140; 8
1; r; 1548144; 1088; 320; 45; 1548143; 6
1; r; 1566096; 1088; 952; 280; 766095; 1
1; r; 1570583; 1088; 781; 103; 1570582; 4
1; r; 1581482; 1088; 863; 119; 1581481; 8
1; r; 1585329; 1088; 380; 54; 1585328; 5
1; r; 1589816; 1088; 855; 265; 789815; 2
1; r; 1594943; 1088; 776; 100; 1594942; 6
1; r; 1598148; 1088; 1052; 294; 798147; 1
1; r; 1607765; 1088; 379; 53; 1607764; 7
1; r; 1611611; 1088; 277; 41; 1611610; 6
1; r; 1643663; 1088; 750; 96; 1643662; 5
1; r; 1656484; 1088; 960; 131; 1656483; 8
1; r; 1659048; 1088; 703; 88; 1659047; 7
1; r; 1671227; 1088; 1031; 142; 1671226; 7
1; r; 1693665; 1088; 60; 7; 1693664; 7
1; r; 1708411; 1088; 936; 127; 1708410; 6
1; r; 1710975; 1088; 360; 52; 1710974; 5
1; r; 1712898; 1088; 744; 95; 1712897; 4
1; r; 1718026; 1088; 1086; 300; 918025; 1
1; r; 1719309; 1088; 885; 270; 919308; 2
1; r; 1723156; 1088; 726; 92; 1723155; 10
1; r; 1727644; 1088; 804; 108; 1727643; 4
1; r; 1738542; 1088; 515; 66; 1738541; 5
1; r; 1741748; 1088; 846; 264; 941747; 3
1; r; 1744313; 1088; 588; 227; 944312; 5
1; r; 2199250; 1088; 1055; 296; 1399249; 2
1; r; 2228741; 1088; 718; 252; 1428740; 4
1; r; 2230024; 1088; 660; 85; 2230023; 9
1; r; 2232591; 1088; 354; 50; 2232590; 6
1; r; 2233232; 1088; 926; 125; 2233231; 8
1; r; 2267862; 1088; 535; 69; 2267861; 8
1; r; 2270426; 1088; 880; 269; 1470425; 3
1; r; 2296071; 1088; 649; 239; 1496070; 3
1; r; 2301842; 1088; 592; 77; 2301841; 10
1; r; 2370434; 1088; 96; 13; 2370433; 9
1; r; 2384540; 1088; 1034; 143; 2384539; 6
1; r; 2387745; 1088; 920; 275; 1587744; 3
1; r; 2419153; 1088; 811; 110; 2419152; 5
1; r; 2456337; 1088; 979; 284; 1656336; 3
1; r; 2467876; 1088; 459; 203; 1667875; 4
1; r; 2484549; 1088; 117; 18; 2484548; 9
1; r; 2528150; 1088; 195; 31; 2528149; 8
1; r; 2948875; 1088; 58; 6; 2948874; 12
1; r; 3004677; 1088; 602; 78; 3004676; 8
1; r; 3016219; 1088; 751; 258; 2216218; 4
1; r; 3025197; 1088; 168; 29; 3025196; 12
1; r; 3047001; 1088; 710; 89; 3047000; 6
1; r; 3047642; 1088; 297; 42; 3047641; 9
1; r; 3063032; 1088; 154; 24; 3063031; 7
1; r; 3065597; 1088; 681; 245; 2265596; 3
1; r; 3066879; 1088; 114; 16; 3066878; 10
1; r; 3072007; 1088; 652; 240; 2272006; 3
1; r; 3077135; 1088; 911; 272; 2277134; 5
1; r; 3156633; 1088; 1057; 149; 3156632; 9
1; r; 3183559; 1088; 617; 234; 2383558; 4
1; r; 3184841; 1088; 156; 26; 3184840; 7
1; r; 3191252; 1088; 393; 55; 3191251; 7
1; r; 3198304; 1088; 230; 33; 3198303; 7
1; r; 3199586; 1088; 345; 48; 3199585; 7
1; r; 3229075; 1088; 938; 128; 3229074; 6
1; r; 3252793; 1088; 55; 4; 3252792; 8
1; r; 3256640; 1088; 524; 214; 2456639; 5
1; r; 3259846; 1088; 581; 226; 2459845; 7
1; r; 3268180; 1088; 248; 34; 3268179; 10
1; r; 3270745; 1088; 405; 57; 3270744; 7
1; r; 3273950; 1088; 590; 229; 2473949; 3
1; r; 3279719; 1088; 1041; 292; 2479718; 4
1; r; 3300231; 1088; 691; 247; 2500230; 5
1; r; 3304077; 1088; 549; 218; 2504076; 5
1; r; 3337420; 1088; 778; 261; 2537419; 5
1; r; 3340625; 1088; 362; 191; 2540624; 7
1; r; 3343832; 1088; 379; 193; 2543831; 7
1; r; 3755195; 1088; 833; 263; 2955194; 5
1; r; 3780209; 1088; 891; 121; 3780208; 9
1; r; 3801379; 1088; 260; 37; 3801378; 10
1; r; 3823183; 1088; 396; 56; 3823182; 9
1; r; 3831517; 1088; 1070; 299; 3031516; 5
1; r; 3874480; 1088; 62; 8; 3874479; 9
1; r; 3878969; 1088; 913; 273; 3078968; 6
1; r; 3901409; 1088; 928; 278; 3101408; 6
1; r; 3929617; 1088; 545; 217; 3129616; 6
1; r; 3948208; 1088; 608; 79; 3948207; 10
1; r; 3953979; 1088; 268; 39; 3953978; 12
1; r; 3961031; 1088; 571; 223; 3161030; 7
1; r; 3971290; 1088; 1045; 293; 3171289; 6
1; r; 3971931; 1088; 613; 233; 3171930; 6
1; r; 3981546; 1088; 634; 83; 3981545; 9
1; r; 3989241; 1088; 1005; 288; 3189240; 5
1; r; 3990523; 1088; 56; 5; 3990522; 9
1; r; 3994370; 1088; 619; 235; 3194369; 5
1; r; 3996935; 1088; 254; 35; 3996934; 8
2; r; 5131; 1088; 983; 145; 5130; 2
2; r; 11547; 1088; 984; 146; 11546; 1
2; r; 46179; 1088; 815; 124; 46178; 4
2; r; 58359; 1088; 978; 144; 58358; 3
2; r; 67331; 1088; 985; 147; 67330; 1
2; r; 91695; 1088; 506; 79; 91694; 8
2; r; 101953; 1088; 922; 137; 101952; 1
2; r; 127605; 1088; 687; 108; 127604; 3
2; r; 130170; 1088; 1005; 149; 130169; 4
2; r; 151331; 1088; 591; 92; 151330; 4
2; r; 191088; 1088; 1037; 151; 191087; 6
2; r; 192370; 1088; 914; 136; 192369; 2
2; r; 198141; 1088; 225; 33; 198140; 6
2; r; 221872; 1088; 1086; 154; 221871; 1
2; r; 223796; 1088; 1083; 153; 223795; 1
2; r; 280887; 1088; 941; 140; 280886; 4
2; r; 727806; 1088; 587; 91; 727805; 7
2; r; 753451; 1088; 756; 114; 753450; 5
2; r; 757298; 1088; 306; 46; 757297; 8
2; r; 793195; 1088; 655; 101; 793194; 4
2; r; 796400; 1088; 745; 113; 796399; 6
2; r; 813067; 1088; 494; 75; 813066; 5
2; r; 818839; 1088; 491; 74; 818838; 6
2; r; 826530; 1088; 278; 40; 826529; 6
2; r; 837426; 1088; 878; 134; 837425; 3
2; r; 842556; 1088; 145; 21; 842555; 10
2; r; 846403; 1088; 950; 141; 846402; 4
2; r; 850250; 1088; 280; 41; 850249; 9
2; r; 863710; 1088; 654; 100; 863709; 5
2; r; 873330; 1088; 675; 106; 873329; 9
2; r; 875253; 1088; 49; 9; 875252; 13
2; r; 877177; 1088; 733; 112; 877176; 7
2; r; 907309; 1088; 852; 130; 907308; 3
2; r; 962449; 1088; 570; 87; 962448; 9
2; r; 969501; 1088; 362; 55; 969500; 6
2; r; 970142; 1088; 780; 118; 970141; 4
2; r; 986817; 1088; 373; 56; 986816; 8
2; r; 1007342; 1088; 398; 61; 1007341; 8
2; r; 1024015; 1088; 817; 125; 1024014; 4
2; r; 1064418; 1088; 141; 19; 1064417; 13
2; r; 1073397; 1088; 648; 99; 1073396; 5
2; r; 1521565; 1088; 921; 294; 721564; 1
2; r; 1527977; 1088; 511; 80; 1527976; 5
2; r; 1536309; 1088; 248; 37; 1536308; 8
2; r; 1536950; 1088; 888; 135; 1536949; 4
2; r; 1538873; 1088; 717; 264; 738872; 3
2; r; 1547212; 1088; 1; 0; 1547211; 13
2; r; 1567084; 1088; 1081; 327; 767083; 2
2; r; 1580544; 1088; 938; 139; 1580543; 7
2; r; 1581826; 1088; 685; 257; 781825; 3
2; r; 1595927; 1088; 962; 142; 1595926; 7
2; r; 1600414; 1088; 838; 129; 1600413; 6
2; r; 1610672; 1088; 616; 95; 1610671; 6
2; r; 1636312; 1088; 1030; 150; 1636311; 8
2; r; 1638236; 1088; 516; 81; 1638235; 5
2; r; 1649135; 1088; 722; 267; 849134; 3
2; r; 1656189; 1088; 581; 89; 1656188; 6
2; r; 1659395; 1088; 847; 283; 859394; 2
2; r; 1680554; 1088; 1047; 321; 880553; 2
2; r; 1689529; 1088; 106; 18; 1689528; 8
2; r; 1713254; 1088; 586; 90; 1713253; 5
2; r; 1721590; 1088; 75; 13; 1721589; 10
2; r; 1733770; 1088; 240; 35; 1733769; 7
2; r; 1742747; 1088; 995; 148; 1742746; 7
2; r; 1752366; 1088; 988; 307; 952365; 3
2; r; 1757497; 1088; 483; 73; 1757496; 7
2; r; 1760704; 1088; 168; 26; 1760703; 9
2; r; 1782507; 1088; 393; 59; 1782506; 6
2; r; 1828694; 1088; 782; 276; 1028693; 3
2; r; 1858195; 1088; 455; 71; 1858194; 6
2; r; 1893486; 1088; 809; 123; 1893485; 6
2; r; 1914023; 1088; 732; 111; 1914022; 8
2; r; 2321597; 1088; 824; 279; 1521596; 2
2; r; 2330571; 1088; 976; 304; 1530570; 4
2; r; 2357495; 1088; 690; 258; 1557494; 3
2; r; 2376086; 1088; 327; 49; 2376085; 15
2; r; 2378009; 1088; 926; 138; 2378008; 10
2; r; 2381213; 1088; 772; 274; 1581212; 5
2; r; 2403652; 1088; 793; 119; 2403651; 9
2; r; 2420319; 1088; 826; 126; 2420318; 15
2; r; 2426089; 1088; 1019; 312; 1626088; 2
2; r; 2438268; 1088; 848; 284; 1638267; 3
2; r; 2451734; 1088; 250; 38; 2451733; 7
2; r; 2486352; 1088; 303; 44; 2486351; 8
2; r; 2519054; 1088; 499; 76; 2519053; 8
2; r; 2560740; 1088; 568; 86; 2560739; 6
2; r; 2574204; 1088; 543; 83; 2574203; 5
2; r; 2579977; 1088; 1040; 319; 1779976; 4
2; r; 2582543; 1088; 801; 120; 2582542; 6
2; r; 2587671; 1088; 91; 16; 2587670; 8
2; r; 2589595; 1088; 863; 131; 2589594; 12
2; r; 2612037; 1088; 283; 43; 2612036; 6
2; r; 2686447; 1088; 422; 65; 2686446; 8
2; r; 3120360; 1088; 281; 42; 3120359; 9
2; r; 3153051; 1088; 526; 82; 3153050; 7
2; r; 3154333; 1088; 840; 281; 2354332; 4
2; r; 3155615; 1088; 10; 4; 3155614; 9
2; r; 3187024; 1088; 552; 242; 2387023; 4
2; r; 3195358; 1088; 712; 262; 2395357; 4
2; r; 3204974; 1088; 852; 285; 2404973; 3
2; r; 3207539; 1088; 401; 63; 3207538; 9
2; r; 3215872; 1088; 670; 104; 3215871; 7
2; r; 3222283; 1088; 1014; 311; 2422282; 3
2; r; 3226129; 1088; 435; 67; 3226128; 8
2; r; 3258182; 1088; 476; 232; 2458181; 5
2; r; 3277417; 1088; 890; 289; 2477416; 4
2; r; 3283827; 1088; 390; 58; 3283826; 8
2; r; 3306906; 1088; 155; 24; 3306905; 8
2; r; 3312035; 1088; 313; 48; 3312034; 9
2; r; 3335123; 1088; 342; 52; 3335122; 9
2; r; 3353714; 1088; 604; 247; 2553713; 5
2; r; 3375520; 1088; 422; 222; 2575519; 5
2; r; 3406938; 1088; 453; 228; 2606937; 5
2; r; 3413995; 1088; 828; 127; 3413994; 9
2; r; 3441579; 1088; 215; 196; 2641578; 7
2; r; 3458257; 1088; 830; 128; 3458256; 7
2; r; 3478796; 1088; 1077; 325; 2678795; 3
2; r; 3505761; 1088; 716; 263; 2705760; 4
2; r; 3512178; 1088; 46; 7; 3512177; 8
2; r; 3925981; 1088; 669; 103; 3925980; 7
2; r; 3941368; 1088; 694; 109; 3941367; 9
2; r; 3947136; 1088; 479; 233; 3147135; 6
2; r; 3954828; 1088; 1009; 310; 3154827; 5
2; r; 3957393; 1088; 460; 229; 3157392; 7
2; r; 3960598; 1088; 438; 68; 3960597; 8
2; r; 3962521; 1088; 489; 235; 3162520; 6
2; r; 3963802; 1088; 711; 261; 3163801; 5
2; r; 3965084; 1088; 142; 20; 3965083; 10
3; r; 23104; 1088; 816; 120; 23103; 2
3; r; 28876; 1088; 942; 148; 28875; 4
3; r; 47466; 1088; 1046; 160; 47465; 2
3; r; 56442; 1088; 978; 152; 56441; 3
3; r; 58365; 1088; 586; 84; 58364; 6
3; r; 59647; 1088; 688; 104; 59646; 3
3; r; 60288; 1088; 775; 118; 60287; 4
3; r; 71828; 1088; 920; 138; 71827; 1
3; r; 92340; 1088; 645; 94; 92339; 4
3; r; 505154; 1088; 923; 139; 505153; 1
3; r; 566142; 1088; 882; 133; 566141; 3
3; r; 571272; 1088; 885; 134; 571271; 3
3; r; 575119; 1088; 680; 102; 575118; 4
3; r; 576402; 1088; 511; 74; 576401; 6
3; r; 583457; 1088; 851; 128; 583456; 3
3; r; 597564; 1088; 318; 49; 597563; 7
3; r; 599487; 1088; 659; 96; 599486; 3
3; r; 600770; 1088; 718; 109; 600769; 4
3; r; 601411; 1088; 1016; 158; 601410; 5
3; r; 612955; 1088; 57; 8; 612954; 10
3; r; 641181; 1088; 908; 135; 641180; 5
3; r; 665553; 1088; 489; 70; 665552; 9
3; r; 684791; 1088; 880; 132; 684790; 2
3; r; 688637; 1088; 819; 121; 688636; 2
3; r; 707873; 1088; 731; 111; 707872; 8
3; r; 711079; 1088; 386; 58; 711078; 6
3; r; 746338; 1088; 444; 66; 746337; 9
3; r; 764288; 1088; 1013; 157; 764287; 2
3; r; 778391; 1088; 824; 123; 778390; 3
3; r; 780956; 1088; 484; 69; 780955; 5
3; r; 783519; 1088; 287; 41; 783518; 5
3; r; 791213; 1088; 909; 136; 791212; 5
3; r; 795700; 1088; 681; 103; 795699; 3
3; r; 841214; 1088; 986; 154; 841213; 2
3; r; 848266; 1088; 624; 91; 848265; 3
3; r; 875196; 1088; 712; 107; 875195; 4
3; r; 1305908; 1088; 1083; 321; 505907; 1
3; r; 1309758; 1088; 987; 312; 509757; 1
3; r; 1325165; 1088; 951; 149; 1325164; 5
3; r; 1339287; 1088; 715; 108; 1339286; 5
3; r; 1346345; 1088; 639; 93; 1346344; 7
3; r; 1364942; 1088; 940; 147; 1364941; 6
3; r; 1377125; 1088; 767; 116; 1377124; 7
3; r; 1377766; 1088; 584; 83; 1377765; 16
3; r; 1389307; 1088; 648; 95; 1389306; 7
3; r; 1392513; 1088; 915; 137; 1392512; 5
3; r; 1407265; 1088; 925; 140; 1407264; 8
3; r; 1407906; 1088; 513; 75; 1407905; 5
3; r; 1428424; 1088; 1069; 163; 1428423; 7
3; r; 1447666; 1088; 734; 112; 1447665; 8
3; r; 1448948; 1088; 671; 101; 1448947; 6
3; r; 1459204; 1088; 889; 298; 659203; 1
3; r; 1461127; 1088; 837; 125; 1461126; 6
3; r; 1470745; 1088; 851; 291; 670744; 2
3; r; 1472668; 1088; 613; 89; 1472667; 4
3; r; 1480360; 1088; 756; 113; 1480359; 4
3; r; 1492542; 1088; 1077; 164; 1492541; 3
3; r; 1496392; 1088; 939; 146; 1496391; 7
3; r; 1525243; 1088; 691; 105; 1525242; 7
3; r; 1536782; 1088; 890; 299; 736781; 1
3; r; 1569477; 1088; 1051; 320; 769476; 1
3; r; 1585505; 1088; 334; 52; 1585504; 10
3; r; 1593197; 1088; 326; 51; 1593196; 5
3; r; 1598966; 1088; 841; 126; 1598965; 4
3; r; 1608581; 1088; 1012; 317; 808580; 3
3; r; 1611145; 1088; 820; 287; 811144; 2
3; r; 1612427; 1088; 1021; 318; 812426; 3
3; r; 1638713; 1088; 1011; 156; 1638712; 6
3; r; 1654739; 1088; 823; 122; 1654738; 4
3; r; 1672050; 1088; 189; 26; 1672049; 10
3; r; 1680385; 1088; 186; 25; 1680384; 8
3; r; 1697696; 1088; 612; 88; 1697695; 5
3; r; 2136395; 1088; 142; 18; 2136394; 10
3; r; 2137678; 1088; 428; 64; 2137677; 5
3; r; 2140246; 1088; 296; 44; 2140245; 5
3; r; 2148584; 1088; 928; 142; 2148583; 7
3; r; 2159486; 1088; 490; 71; 2159485; 8
3; r; 2161409; 1088; 535; 78; 2161408; 8
3; r; 2172952; 1088; 619; 90; 2172951; 8
3; r; 2183855; 1088; 563; 80; 2183854; 6
3; r; 2202453; 1088; 594; 86; 2202452; 10
3; r; 2224901; 1088; 830; 124; 2224900; 6
3; r; 2231954; 1088; 668; 100; 2231953; 8
3; r; 2247983; 1088; 787; 281; 1447982; 3
3; r; 2280683; 1088; 211; 29; 2280682; 8
3; r; 2291583; 1088; 955; 150; 2291582; 7
3; r; 2313382; 1088; 412; 61; 2313381; 6
3; r; 2315305; 1088; 650; 260; 1515304; 3
3; r; 2317229; 1088; 164; 21; 2317228; 7
3; r; 2319152; 1088; 324; 50; 2319151; 6
3; r; 2342876; 1088; 185; 24; 2342875; 7
3; r; 2353777; 1088; 379; 57; 2353776; 7
3; r; 2354418; 1088; 442; 65; 2354417; 6
3; r; 2359544; 1088; 918; 304; 1559543; 3
3; r; 2365956; 1088; 763; 114; 2365955; 8
3; r; 2373648; 1088; 408; 60; 2373647; 6
3; r; 2374289; 1088; 666; 99; 2374288; 8
3; r; 2392879; 1088; 1019; 159; 2392878; 6
3; r; 2394161; 1088; 719; 271; 1594160; 3
3; r; 2408264; 1088; 768; 117; 2408263; 6
3; r; 2432627; 1088; 126; 17; 2432626; 10
3; r; 2441601; 1088; 887; 297; 1641600; 2
3; r; 2444165; 1088; 1084; 322; 1644164; 2
3; r; 2445447; 1088; 627; 92; 2445446; 9
3; r; 2458269; 1088; 617; 252; 1658268; 4
3; r; 2466605; 1088; 345; 54; 2466604; 7
3; r; 2474941; 1088; 58; 9; 2474940; 8
3; r; 2907623; 1088; 466; 67; 2907622; 7
3; r; 2915961; 1088; 253; 33; 2915960; 6
3; r; 2921092; 1088; 664; 98; 2921091; 9
3; r; 2937126; 1088; 279; 39; 2937125; 7
3; r; 2957649; 1088; 350; 55; 2957648; 11
3; r; 2973685; 1088; 748; 275; 2173684; 4
3; r; 3001264; 1088; 873; 296; 2201263; 4
3; r; 3006393; 1088; 938; 305; 2206392; 4
3; r; 3014088; 1088; 779; 278; 2214087; 4
3; r; 3028842; 1088; 290; 42; 3028841; 7
3; r; 3037820; 1088; 878; 131; 3037819; 5
3; r; 3060257; 1088; 214; 30; 3060256; 7
3; r; 3065385; 1088; 155; 19; 3065384; 8
3; r; 3079493; 1088; 675; 263; 2279492; 5
3; r; 3083981; 1088; 196; 27; 3083980; 7
3; r; 3107060; 1088; 275; 36; 3107059; 8
3; r; 3130779; 1088; 869; 294; 2330778; 5
3; r; 3133345; 1088; 85; 12; 3133344; 10
3; r; 3166683; 1088; 687; 267; 2366682; 5
3; r; 3170530; 1088; 456; 229; 2370529; 4
3; r; 3176301; 1088; 620; 253; 2376300; 4
3; r; 3192973; 1088; 625; 254; 2392972; 4
3; r; 3203869; 1088; 744; 274; 2403868; 4
3; r; 3215408; 1088; 868; 130; 3215407; 7
3; r; 3219254; 1088; 866; 129; 3219253; 6
3; r; 3246175; 1088; 1080; 165; 3246174; 7
3; r; 3253867; 1088; 950; 308; 2453866; 4
3; r; 3706752; 1088; 542; 243; 2906751; 6
3; r; 3709323; 1088; 834; 288; 2909322; 6
3; r; 3722799; 1088; 162; 20; 3722798; 10
3; r; 3742048; 1088; 1004; 316; 2942047; 5
3; r; 3743972; 1088; 1001; 155; 3743971; 17
3; r; 3748463; 1088; 522; 240; 2948462; 5
3; r; 3776678; 1088; 461; 231; 2976677; 5
3; r; 3792714; 1088; 679; 264; 2992713; 5
3; r; 3800408; 1088; 932; 144; 3800407; 10
3; r; 3807461; 1088; 612; 251; 3007460; 5
3; r; 3809384; 1088; 281; 40; 3809383; 7
3; r; 3810666; 1088; 697; 106; 3810665; 9
3; r; 3837602; 1088; 81; 11; 3837601; 7
3; r; 3849786; 1088; 609; 250; 3049785; 5
3; r; 3861325; 1088; 770; 277; 3061324; 6
3; r; 3868376; 1088; 276; 37; 3868375; 8
3; r; 3869017; 1088; 51; 5; 3869016; 11
3; r; 3886329; 1088; 459; 230; 3086328; 6
3; r; 3896590; 1088; 729; 110; 3896589; 8
3; r; 3926724; 1088; 785; 280; 3126723; 4
3; r; 3932494; 1088; 809; 285; 3132493; 5
3; r; 3972878; 1088; 836; 289; 3172877; 5
3; r; 3979289; 1088; 192; 197; 3179288; 6
3; r; 3990829; 1088; 807; 284; 3190828; 5
3; r; 3993393; 1088; 427; 224; 3193392; 5
3; r; 3997880; 1088; 643; 258; 3197879; 5
4; r; 1; 1088; 1087; 152; 0; 1
4; r; 21160; 1088; 852; 116; 21159; 2
4; r; 33343; 1088; 558; 80; 33342; 5
4; r; 48088; 1088; 1083; 151; 48087; 1
4; r; 72447; 1088; 781; 108; 72446; 3
4; r; 75011; 1088; 659; 91; 75010; 4
4; r; 91683; 1088; 952; 132; 91682; 1
4; r; 105788; 1088; 828; 114; 105787; 8
4; r; 109635; 1088; 1049; 144; 109634; 2
4; r; 128227; 1088; 458; 69; 128226; 6
4; r; 130153; 1088; 444; 67; 130152; 6
4; r; 134000; 1088; 747; 104; 133999; 3
4; r; 141056; 1088; 1074; 148; 141055; 4
4; r; 172476; 1088; 755; 106; 172475; 2
4; r; 181454; 1088; 650; 90; 181453; 4
4; r; 192997; 1088; 549; 79; 192996; 5
4; r; 643350; 1088; 937; 128; 643349; 7
4; r; 680548; 1088; 1055; 145; 680547; 8
4; r; 722227; 1088; 725; 102; 722226; 2
4; r; 724792; 1088; 856; 117; 724791; 2
4; r; 731203; 1088; 998; 138; 731202; 6
4; r; 740179; 1088; 42; 3; 740178; 11
4; r; 751719; 1088; 980; 137; 751718; 3
4; r; 753643; 1088; 888; 121; 753642; 2
4; r; 767749; 1088; 319; 47; 767748; 6
4; r; 779928; 1088; 245; 39; 779927; 7
4; r; 781851; 1088; 1076; 149; 781850; 3
4; r; 797880; 1088; 170; 22; 797879; 12
4; r; 799803; 1088; 646; 89; 799802; 5
4; r; 810703; 1088; 431; 63; 810702; 9
4; r; 820962; 1088; 585; 82; 820961; 5
4; r; 839553; 1088; 617; 88; 839552; 6
4; r; 867123; 1088; 876; 119; 867122; 5
4; r; 870331; 1088; 202; 33; 870330; 9
4; r; 880587; 1088; 688; 97; 880586; 3
4; r; 883151; 1088; 353; 52; 883150; 5
4; r; 897254; 1088; 903; 123; 897253; 5
4; r; 904946; 1088; 668; 93; 904945; 7
4; r; 908151; 1088; 850; 115; 908150; 4
4; r; 924179; 1088; 1035; 141; 924178; 4
4; r; 962007; 1088; 904; 124; 962006; 4
4; r; 988296; 1088; 366; 54; 988295; 10
4; r; 1433181; 1088; 1084; 335; 633180; 2
4; r; 1448576; 1088; 950; 131; 1448575; 6
4; r; 1462681; 1088; 778; 107; 1462680; 4
4; r; 1469733; 1088; 922; 312; 669732; 1
4; r; 1475505; 1088; 1036; 142; 1475504; 6
4; r; 1484483; 1088; 678; 96; 1484482; 4
4; r; 1509489; 1088; 1043; 143; 1509488; 5
4; r; 1513976; 1088; 487; 74; 1513975; 5
4; r; 1517825; 1088; 193; 28; 1517824; 8
4; r; 1538983; 1088; 1019; 330; 738982; 1
4; r; 1542191; 1088; 1011; 328; 742190; 3
4; r; 1551805; 1088; 387; 55; 1551804; 6
4; r; 1556292; 1088; 812; 111; 1556291; 5
4; r; 1564626; 1088; 153; 18; 1564625; 8
4; r; 1567831; 1088; 707; 100; 1567830; 5
4; r; 1580011; 1088; 421; 61; 1580010; 5
4; r; 1581934; 1088; 856; 304; 781933; 2
4; r; 1607576; 1088; 227; 36; 1607575; 5
4; r; 1612704; 1088; 78; 8; 1612703; 11
4; r; 1619115; 1088; 1054; 332; 819114; 1
4; r; 1630012; 1088; 956; 318; 830011; 2
4; r; 1630653; 1088; 696; 99; 1630652; 11
4; r; 1632576; 1088; 886; 306; 832575; 2
4; r; 1633859; 1088; 911; 126; 1633858; 5
4; r; 1644758; 1088; 939; 129; 1644757; 5
4; r; 1660785; 1088; 969; 135; 1660784; 6
4; r; 1672325; 1088; 879; 120; 1672324; 9
4; r; 1675530; 1088; 677; 95; 1675529; 7
4; r; 1693481; 1088; 749; 105; 1693480; 4
4; r; 1694122; 1088; 985; 322; 894121; 2
4; r; 1709508; 1088; 664; 92; 1709507; 9
4; r; 1740925; 1088; 84; 9; 1740924; 11
4; r; 1762092; 1088; 869; 118; 1762091; 7
4; r; 1762733; 1088; 709; 101; 1762732; 5
4; r; 1765940; 1088; 423; 62; 1765939; 7
4; r; 1775562; 1088; 851; 302; 975561; 2
4; r; 1789670; 1088; 606; 87; 1789669; 7
4; r; 1799287; 1088; 756; 288; 999286; 2
4; r; 2236305; 1088; 519; 77; 2236304; 9
4; r; 2247848; 1088; 408; 58; 2247847; 11
4; r; 2259386; 1088; 956; 133; 2259385; 6
4; r; 2272849; 1088; 943; 130; 2272848; 5
4; r; 2315164; 1088; 401; 57; 2315163; 10
4; r; 2326705; 1088; 855; 303; 1526704; 2
4; r; 2330552; 1088; 1013; 329; 1530551; 2
4; r; 2352991; 1088; 43; 4; 2352990; 9
4; r; 2372221; 1088; 989; 324; 1572220; 3
4; r; 2377349; 1088; 591; 258; 1577348; 4
4; r; 2380554; 1088; 988; 323; 1580553; 2
4; r; 2381195; 1088; 1069; 147; 2381194; 10
4; r; 2393374; 1088; 506; 76; 2393373; 6
4; r; 2394015; 1088; 450; 237; 1594014; 4
4; r; 2413248; 1088; 109; 11; 2413247; 10
4; r; 2416455; 1088; 450; 68; 2416454; 6
4; r; 2424790; 1088; 973; 321; 1624789; 4
4; r; 2425431; 1088; 615; 264; 1625430; 4
4; r; 2449150; 1088; 113; 13; 2449149; 11
4; r; 2457484; 1088; 350; 50; 2457483; 8
4; r; 2467101; 1088; 900; 122; 2467100; 7
4; r; 2469666; 1088; 351; 51; 2469665; 9
4; r; 2485693; 1088; 786; 294; 1685692; 4
4; r; 2486334; 1088; 1059; 146; 2486333; 6
4; r; 2508775; 1088; 780; 293; 1708774; 3
4; r; 2510699; 1088; 188; 26; 2510698; 8
4; r; 2516468; 1088; 409; 59; 2516467; 7
4; r; 2522237; 1088; 718; 287; 1722236; 3
4; r; 2523521; 1088; 179; 24; 2523520; 9
4; r; 2557500; 1088; 198; 30; 2557499; 12
4; r; 2569041; 1088; 219; 34; 2569040; 7
4; r; 2583794; 1088; 190; 27; 2583793; 7
4; r; 2588282; 1088; 735; 103; 2588281; 6
4; r; 2604959; 1088; 1031; 140; 2604958; 6
4; r; 2608805; 1088; 484; 243; 1808804; 4
4; r; 3034817; 1088; 915; 311; 2234816; 3
4; r; 3041231; 1088; 1003; 327; 2241230; 4
4; r; 3086116; 1088; 596; 85; 3086115; 9
4; r; 3088038; 1088; 148; 17; 3088037; 8
4; r; 3116251; 1088; 136; 16; 3116250; 11
4; r; 3135484; 1088; 162; 20; 3135483; 10
4; r; 3162414; 1088; 642; 268; 2362413; 5
4; r; 3175878; 1088; 590; 257; 2375877; 4
4; r; 3211776; 1088; 359; 220; 2411775; 6
4; r; 3215622; 1088; 776; 292; 2415621; 4
4; r; 3234852; 1088; 677; 276; 2434851; 4
4; r; 3249593; 1088; 714; 285; 2449592; 5
4; r; 3277158; 1088; 775; 291; 2477157; 5
4; r; 3281646; 1088; 283; 42; 3281645; 8
4; r; 3313699; 1088; 426; 230; 2513698; 4
4; r; 3323316; 1088; 800; 110; 3323315; 7
4; r; 3332292; 1088; 938; 317; 2532291; 4
4; r; 3334216; 1088; 578; 255; 2534215; 4
4; r; 3339985; 1088; 496; 75; 3339984; 9
4; r; 3352170; 1088; 712; 283; 2552169; 4
4; r; 3361785; 1088; 478; 73; 3361784; 7
4; r; 3379738; 1088; 695; 98; 3379737; 9
4; r; 3381661; 1088; 797; 109; 3381660; 7
4; r; 3398972; 1088; 843; 301; 2598971; 4
4; r; 3821713; 1088; 641; 267; 3021712; 4
4; r; 3856972; 1088; 706; 279; 3056971; 4
4; r; 3886461; 1088; 415; 60; 3886460; 8
4; r; 3887102; 1088; 240; 38; 3887101; 9
4; r; 3891590; 1088; 277; 41; 3891589; 8
4; r; 3893513; 1088; 257; 40; 3893512; 8
4; r; 3913388; 1088; 535; 78; 3913387; 7
4; r; 3914029; 1088; 934; 316; 3114028; 6
4; r; 3934541; 1088; 405; 227; 3134540; 6
4; r; 3951210; 1088; 25; 0; 3951209; 8
4; r; 3996086; 1088; 708; 280; 3196085; 5
4; r; 3998650; 1088; 603; 86; 3998649; 7
5; r; 37835; 1088; 1013; 163; 37834; 5
5; r; 48091; 1088; 936; 148; 48090; 4
5; r; 51936; 1088; 755; 120; 51935; 2
5; r; 75665; 1088; 853; 140; 75664; 2
5; r; 84639; 1088; 748; 119; 84638; 3
5; r; 100030; 1088; 582; 89; 100029; 5
5; r; 123111; 1088; 890; 144; 123110; 1
5; r; 130163; 1088; 778; 125; 130162; 4
5; r; 167991; 1088; 1014; 164; 167990; 2
5; r; 170556; 1088; 822; 137; 170555; 3
5; r; 187868; 1088; 782; 126; 187867; 3
5; r; 207105; 1088; 791; 128; 207104; 2
5; r; 214160; 1088; 848; 139; 214159; 3
5; r; 220577; 1088; 957; 153; 220576; 9
5; r; 234687; 1088; 954; 152; 234686; 1
5; r; 261630; 1088; 1064; 167; 261629; 8
5; r; 274459; 1088; 524; 78; 274458; 4
5; r; 289226; 1088; 728; 113; 289225; 9
5; r; 305272; 1088; 712; 110; 305271; 5
5; r; 329030; 1088; 711; 109; 329029; 4
5; r; 343813; 1088; 816; 136; 343812; 3
5; r; 789882; 1088; 1083; 170; 789881; 6
5; r; 795651; 1088; 910; 147; 795650; 4
5; r; 796933; 1088; 1047; 166; 796932; 5
5; r; 807191; 1088; 245; 36; 807190; 11
5; r; 811679; 1088; 857; 141; 811678; 4
5; r; 813602; 1088; 620; 96; 813601; 3
5; r; 823859; 1088; 810; 134; 823858; 4
5; r; 842450; 1088; 568; 87; 842449; 7
5; r; 845655; 1088; 691; 106; 845654; 2
5; r; 847578; 1088; 1079; 169; 847577; 3
5; r; 848220; 1088; 1033; 165; 848219; 10
5; r; 858476; 1088; 758; 121; 858475; 3
5; r; 859758; 1088; 690; 105; 859757; 8
5; r; 876428; 1088; 658; 100; 876427; 4
5; r; 896306; 1088; 467; 66; 896305; 8
5; r; 929644; 1088; 815; 135; 929643; 3
5; r; 958496; 1088; 456; 61; 958495; 5
5; r; 968113; 1088; 784; 127; 968112; 3
5; r; 970678; 1088; 422; 58; 970677; 8
5; r; 990557; 1088; 746; 118; 990556; 5
5; r; 1029677; 1088; 350; 48; 1029676; 7
5; r; 1084845; 1088; 765; 123; 1084844; 7
5; r; 1091904; 1088; 688; 104; 1091903; 13
5; r; 1102175; 1088; 648; 99; 1102174; 5
5; r; 1112444; 1088; 560; 85; 1112443; 7
5; r; 1116936; 1088; 487; 70; 1116935; 4
5; r; 1132372; 1088; 484; 68; 1132371; 5
5; r; 1147793; 1088; 1052; 335; 347792; 1
5; r; 1152944; 1088; 1019; 332; 352943; 1
5; r; 1174816; 1088; 994; 159; 1174815; 12
5; r; 1579001; 1088; 227; 34; 1579000; 8
5; r; 1580924; 1088; 742; 116; 1580923; 5
5; r; 1582847; 1088; 982; 157; 1582846; 7
5; r; 1587975; 1088; 1082; 341; 787974; 2
5; r; 1621949; 1088; 559; 84; 1621948; 5
5; r; 1630923; 1088; 527; 79; 1630922; 6
5; r; 1637334; 1088; 163; 24; 1637333; 8
5; r; 1639898; 1088; 580; 88; 1639897; 5
5; r; 1650795; 1088; 690; 279; 850794; 3
5; r; 1658486; 1088; 903; 146; 1658485; 5
5; r; 1666181; 1088; 938; 150; 1666180; 4
5; r; 1673873; 1088; 716; 111; 1673872; 5
5; r; 1675155; 1088; 966; 156; 1675154; 5
5; r; 1675797; 1088; 752; 292; 875796; 2
5; r; 1679644; 1088; 138; 18; 1679643; 9
5; r; 1680285; 1088; 744; 117; 1680284; 4
5; r; 1702722; 1088; 615; 95; 1702721; 5
5; r; 1704005; 1088; 951; 151; 1704004; 8
5; r; 1716187; 1088; 852; 308; 916186; 2
5; r; 1718112; 1088; 62; 7; 1718111; 9
5; r; 1723240; 1088; 90; 11; 1723239; 14
5; r; 1746324; 1088; 647; 98; 1746323; 6
5; r; 1785438; 1088; 853; 309; 985437; 2
5; r; 1788643; 1088; 388; 53; 1788642; 5
5; r; 1804034; 1088; 486; 69; 1804033; 4
5; r; 1807883; 1088; 919; 315; 1007882; 2
5; r; 1813655; 1088; 1017; 331; 1013654; 2
5; r; 1816219; 1088; 343; 47; 1816218; 9
5; r; 1818783; 1088; 948; 322; 1018782; 3
5; r; 1824555; 1088; 792; 129; 1824554; 9
5; r; 1835455; 1088; 980; 328; 1035454; 3
5; r; 1849567; 1088; 317; 41; 1849566; 6
5; r; 1891911; 1088; 958; 154; 1891910; 9
5; r; 1924647; 1088; 508; 74; 1924646; 6
5; r; 1927856; 1088; 397; 54; 1927855; 11
5; r; 1961283; 1088; 871; 142; 1961282; 6
5; r; 2385218; 1088; 633; 97; 2385217; 8
5; r; 2389064; 1088; 720; 112; 2389063; 6
5; r; 2390346; 1088; 512; 76; 2390345; 6
5; r; 2407653; 1088; 1078; 340; 1607652; 2
5; r; 2423680; 1088; 520; 77; 2423679; 6
5; r; 2424321; 1088; 767; 124; 2424320; 6
5; r; 2425603; 1088; 537; 82; 2425602; 7
5; r; 2426885; 1088; 458; 62; 2426884; 5
5; r; 2444833; 1088; 901; 145; 2444832; 8
5; r; 2447397; 1088; 814; 298; 1647396; 3
5; r; 2476888; 1088; 795; 130; 2476887; 8
5; r; 2507020; 1088; 536; 81; 2507019; 6
5; r; 2508302; 1088; 153; 23; 2508301; 7
5; r; 2537793; 1088; 729; 114; 2537792; 8
5; r; 2553186; 1088; 762; 122; 2553185; 7
5; r; 2560237; 1088; 182; 26; 2560236; 7
5; r; 2564083; 1088; 409; 56; 2564082; 7
5; r; 2606399; 1088; 845; 306; 1806398; 3
5; r; 2624361; 1088; 802; 133; 2624360; 6
5; r; 2632697; 1088; 145; 20; 2632696; 9
5; r; 2678258; 1088; 821; 301; 1878257; 2
5; r; 2770723; 1088; 820; 300; 1970722; 3
5; r; 3214987; 1088; 735; 115; 3214986; 7
5; r; 3216269; 1088; 331; 45; 3216268; 11
5; r; 3229732; 1088; 776; 294; 2429731; 4
5; r; 3231013; 1088; 796; 131; 3231012; 7
5; r; 3244478; 1088; 510; 75; 3244477; 6
5; r; 3254094; 1088; 842; 305; 2454093; 5
5; r; 3273970; 1088; 917; 314; 2473969; 3
5; r; 3282302; 1088; 189; 29; 3282301; 7
5; r; 3297690; 1088; 329; 44; 3297689; 7
5; r; 3305382; 1088; 187; 28; 3305381; 8
5; r; 3317562; 1088; 111; 15; 3317561; 8
5; r; 3370138; 1088; 471; 67; 3370137; 6
5; r; 3376550; 1088; 921; 316; 2576549; 4
5; r; 3390017; 1088; 115; 16; 3390016; 8
5; r; 3391301; 1088; 531; 80; 3391300; 8
5; r; 3402204; 1088; 688; 278; 2602203; 5
5; r; 3411182; 1088; 102; 13; 3411181; 10
5; r; 3417594; 1088; 326; 43; 3417593; 7
5; r; 3429780; 1088; 995; 160; 3429779; 14
5; r; 3441325; 1088; 108; 14; 3441324; 9
5; r; 3451590; 1088; 462; 63; 3451589; 7
5; r; 3461852; 1088; 653; 275; 2661851; 3
5; r; 3467632; 1088; 973; 326; 2667631; 4
5; r; 3487517; 1088; 142; 19; 3487516; 8
5; r; 3518324; 1088; 425; 237; 2718323; 5
5; r; 3565915; 1088; 2; 0; 3565914; 12
5; r; 3568486; 1088; 455; 242; 2768485; 5
5; r; 3574278; 1088; 778; 295; 2774277; 5
5; r; 3994833; 1088; 195; 31; 3994832; 11
6; r; 5144; 1088; 881; 139; 5143; 3
6; r; 33998; 1088; 941; 147; 33997; 7
6; r; 35921; 1088; 190; 38; 35920; 7
6; r; 42973; 1088; 1082; 169; 42972; 1
6; r; 50028; 1088; 922; 144; 50027; 1
6; r; 67983; 1088; 809; 131; 67982; 4
6; r; 94908; 1088; 985; 158; 94907; 1
6; r; 100036; 1088; 817; 132; 100035; 3
6; r; 110296; 1088; 376; 67; 110295; 6
6; r; 529870; 1088; 58; 15; 529869; 10
6; r; 531794; 1088; 1087; 171; 531793; 2
6; r; 532435; 1088; 1050; 165; 532434; 2
6; r; 574129; 1088; 1083; 170; 574128; 1
6; r; 579903; 1088; 525; 89; 579902; 5
6; r; 581185; 1088; 689; 110; 581184; 3
6; r; 630572; 1088; 692; 112; 630571; 8
6; r; 640835; 1088; 1017; 161; 640834; 11
6; r; 650453; 1088; 607; 101; 650452; 7
6; r; 654942; 1088; 956; 150; 654941; 1
6; r; 668405; 1088; 612; 102; 668404; 9
6; r; 669046; 1088; 103; 23; 669045; 12
6; r; 678664; 1088; 960; 152; 678663; 7
6; r; 692130; 1088; 969; 156; 692129; 6
6; r; 694053; 1088; 711; 116; 694052; 6
6; r; 703670; 1088; 589; 95; 703669; 3
6; r; 707515; 1088; 47; 9; 707514; 10
6; r; 719054; 1088; 770; 126; 719053; 7
6; r; 722902; 1088; 499; 82; 722901; 9
6; r; 744056; 1088; 931; 146; 744055; 6
6; r; 764571; 1088; 212; 41; 764570; 7
6; r; 765852; 1088; 559; 93; 765851; 4
6; r; 769698; 1088; 680; 108; 769697; 4
6; r; 778030; 1088; 857; 137; 778029; 5
6; r; 792133; 1088; 786; 128; 792132; 3
6; r; 796623; 1088; 600; 98; 796622; 7
6; r; 798546; 1088; 124; 27; 798545; 8
6; r; 799828; 1088; 836; 135; 799827; 7
6; r; 803033; 1088; 422; 72; 803032; 6
6; r; 804315; 1088; 784; 127; 804314; 3
6; r; 827397; 1088; 685; 109; 827396; 4
6; r; 839576; 1088; 590; 96; 839575; 4
6; r; 860735; 1088; 802; 130; 860734; 6
6; r; 879969; 1088; 1054; 166; 879968; 2
6; r; 888944; 1088; 819; 133; 888943; 4
6; r; 903693; 1088; 753; 123; 903692; 4
6; r; 910103; 1088; 253; 46; 910102; 10
6; r; 1351084; 1088; 549; 92; 1351083; 5
6; r; 1373546; 1088; 698; 114; 1373545; 9
6; r; 1382520; 1088; 1082; 327; 582519; 1
6; r; 1388933; 1088; 690; 111; 1388932; 5
6; r; 1412661; 1088; 951; 308; 612660; 1
6; r; 1424847; 1088; 942; 148; 1424846; 4
6; r; 1447291; 1088; 1050; 317; 647290; 1
6; r; 1449856; 1088; 455; 76; 1449855; 6
6; r; 1466526; 1088; 154; 33; 1466525; 7
6; r; 1489606; 1088; 907; 143; 1489605; 5
6; r; 1496658; 1088; 1083; 328; 696657; 1
6; r; 1500504; 1088; 700; 115; 1500503; 9
6; r; 1567815; 1088; 965; 154; 1567814; 6
6; r; 1594739; 1088; 314; 58; 1594738; 7
6; r; 1599227; 1088; 460; 77; 1599226; 5
6; r; 1604355; 1088; 1054; 318; 804354; 1
6; r; 1616536; 1088; 760; 125; 1616535; 8
6; r; 1617177; 1088; 1086; 329; 817176; 1
6; r; 1624228; 1088; 523; 88; 1624227; 4
6; r; 1665902; 1088; 656; 106; 1665901; 5
6; r; 1669107; 1088; 679; 107; 1669106; 4
6; r; 1678724; 1088; 292; 55; 1678723; 6
6; r; 1688338; 1088; 444; 75; 1688337; 7
6; r; 1704364; 1088; 493; 81; 1704363; 5
6; r; 1719114; 1088; 724; 118; 1719113; 9
6; r; 2148811; 1088; 405; 69; 2148810; 6
6; r; 2150093; 1088; 714; 117; 2150092; 5
6; r; 2163568; 1088; 1043; 163; 2163567; 6
6; r; 2193066; 1088; 286; 52; 2193065; 7
6; r; 2198836; 1088; 183; 37; 2198835; 8
6; r; 2215504; 1088; 114; 26; 2215503; 7
6; r; 2216146; 1088; 959; 151; 2216145; 11
6; r; 2219351; 1088; 887; 302; 1419350; 2
6; r; 2220636; 1088; 857; 295; 1420635; 3
6; r; 2241150; 1088; 539; 90; 2241149; 9
6; r; 2254618; 1088; 175; 35; 2254617; 8
6; r; 2266800; 1088; 602; 99; 2266799; 7
6; r; 2267441; 1088; 73; 20; 2267440; 9
6; r; 2268723; 1088; 234; 44; 2268722; 10
6; r; 2289881; 1088; 943; 307; 1489880; 3
6; r; 2321942; 1088; 722; 276; 1521941; 4
6; r; 2341178; 1088; 927; 145; 2341177; 7
6; r; 2348872; 1088; 95; 21; 2348871; 8
6; r; 2359128; 1088; 971; 311; 1559127; 4
6; r; 2386694; 1088; 884; 301; 1586693; 2
6; r; 2391822; 1088; 972; 157; 2391821; 4
6; r; 2408489; 1088; 819; 289; 1608488; 2
6; r; 2425155; 1088; 814; 288; 1625154; 3
6; r; 2432847; 1088; 482; 80; 2432846; 7
6; r; 2446308; 1088; 180; 36; 2446307; 8
6; r; 2466823; 1088; 968; 155; 2466822; 6
6; r; 2475798; 1088; 438; 73; 2475797; 8
6; r; 2477080; 1088; 507; 86; 2477079; 12
6; r; 2489260; 1088; 591; 260; 1689259; 3
6; r; 2491825; 1088; 416; 71; 2491824; 7
6; r; 2504004; 1088; 349; 61; 2504003; 7
6; r; 2514260; 1088; 853; 294; 1714259; 2
6; r; 2948065; 1088; 362; 63; 2948064; 6
6; r; 2958967; 1088; 1005; 160; 2958966; 6
6; r; 2992957; 1088; 1073; 324; 2192956; 4
6; r; 3023729; 1088; 1063; 167; 3023728; 9
6; r; 3055786; 1088; 308; 57; 3055785; 7
6; r; 3071174; 1088; 860; 138; 3071173; 8
6; r; 3073738; 1088; 127; 28; 3073737; 10
6; r; 3089764; 1088; 555; 253; 2289763; 4
6; r; 3111566; 1088; 573; 256; 2311565; 6
6; r; 3126950; 1088; 289; 54; 3126949; 7
6; r; 3162849; 1088; 578; 257; 2362848; 5
6; r; 3166054; 1088; 487; 240; 2366053; 4
6; r; 3182081; 1088; 13; 2; 3182080; 9
6; r; 3185928; 1088; 27; 4; 3185927; 10
6; r; 3188492; 1088; 32; 5; 3188491; 8
6; r; 3209006; 1088; 891; 140; 3209005; 11
6; r; 3211570; 1088; 806; 285; 2411569; 5
6; r; 3217339; 1088; 571; 94; 3217338; 9
6; r; 3219903; 1088; 627; 104; 3219902; 7
6; r; 3230159; 1088; 1035; 162; 3230158; 7
6; r; 3235929; 1088; 357; 220; 2435928; 5
6; r; 3276317; 1088; 501; 83; 3276316; 9
6; r; 3279523; 1088; 616; 103; 3279522; 9
6; r; 3295554; 1088; 731; 120; 3295553; 7
6; r; 3297477; 1088; 197; 39; 3297476; 8
6; r; 3307094; 1088; 811; 287; 2507093; 5
6; r; 3732808; 1088; 245; 45; 3732807; 8
6; r; 3734095; 1088; 288; 53; 3734094; 7
6; r; 3806571; 1088; 754; 280; 3006570; 5
6; r; 3860428; 1088; 648; 266; 3060427; 5
6; r; 3909793; 1088; 1077; 325; 3109792; 4
6; r; 3915564; 1088; 454; 235; 3115563; 5
6; r; 3916204; 1088; 304; 56; 3916203; 9
6; r; 3918768; 1088; 694; 113; 3918767; 10
6; r; 3929027; 1088; 540; 91; 3929026; 9
6; r; 3935438; 1088; 148; 196; 3135437; 7
6; r; 3945054; 1088; 558; 254; 3145053; 4
6; r; 3963005; 1088; 643; 265; 3163004; 6
6; r; 3964287; 1088; 709; 274; 3164286; 5
6; r; 3969416; 1088; 792; 129; 3969415; 9
6; r; 3995056; 1088; 606; 100; 3995055; 6
7; r; 1933; 1088; 719; 105; 1932; 2
7; r; 53871; 1088; 950; 140; 53870; 2
7; r; 55794; 1088; 785; 116; 55793; 3
7; r; 71830; 1088; 389; 56; 71829; 7
7; r; 82729; 1088; 913; 135; 82728; 2
7; r; 96195; 1088; 987; 145; 96194; 1
7; r; 101323; 1088; 521; 80; 101322; 5
7; r; 104530; 1088; 853; 123; 104529; 2
7; r; 117354; 1088; 6; 1; 117353; 11
7; r; 125690; 1088; 779; 115; 125689; 3
7; r; 135309; 1088; 805; 119; 135308; 5
7; r; 155829; 1088; 953; 141; 155828; 1
7; r; 158394; 1088; 658; 101; 158393; 3
7; r; 166735; 1088; 647; 97; 166734; 3
7; r; 171863; 1088; 923; 136; 171862; 1
7; r; 192383; 1088; 983; 144; 192382; 2
7; r; 194949; 1088; 884; 131; 194948; 2
7; r; 235358; 1088; 1080; 163; 235357; 2
7; r; 640689; 1088; 686; 103; 640688; 5
7; r; 643252; 1088; 361; 52; 643251; 9
7; r; 655433; 1088; 873; 128; 655432; 4
7; r; 684289; 1088; 141; 19; 684288; 11
7; r; 684930; 1088; 1054; 156; 684929; 2
7; r; 696470; 1088; 293; 42; 696469; 5
7; r; 725319; 1088; 866; 125; 725318; 9
7; r; 731089; 1088; 575; 90; 731088; 5
7; r; 741349; 1088; 185; 25; 741348; 7
7; r; 745837; 1088; 996; 146; 745836; 6
7; r; 752891; 1088; 424; 61; 752890; 5
7; r; 761865; 1088; 360; 51; 761864; 6
7; r; 764432; 1088; 8; 2; 764431; 11
7; r; 767638; 1088; 1014; 149; 767637; 8
7; r; 772766; 1088; 395; 57; 772765; 5
7; r; 777894; 1088; 741; 109; 777893; 5
7; r; 801613; 1088; 108; 16; 801612; 12
7; r; 813153; 1088; 924; 137; 813152; 7
7; r; 825332; 1088; 219; 30; 825331; 9
7; r; 836230; 1088; 549; 85; 836229; 4
7; r; 853539; 1088; 787; 117; 853538; 3
7; r; 859951; 1088; 868; 126; 859950; 6
7; r; 870850; 1088; 910; 134; 870849; 4
7; r; 890089; 1088; 450; 66; 890088; 5
7; r; 896503; 1088; 973; 143; 896502; 3
7; r; 904836; 1088; 1070; 160; 904835; 5
7; r; 928554; 1088; 1047; 154; 928553; 8
7; r; 1020273; 1088; 778; 114; 1020272; 4
7; r; 1035031; 1088; 614; 94; 1035030; 4
7; r; 1447039; 1088; 1087; 322; 647038; 1
7; r; 1462427; 1088; 776; 113; 1462426; 4
7; r; 1472043; 1088; 531; 82; 1472042; 9
7; r; 1486789; 1088; 875; 129; 1486788; 5
7; r; 1511793; 1088; 510; 78; 1511792; 6
7; r; 1515640; 1088; 9; 3; 1515639; 11
7; r; 1518845; 1088; 457; 67; 1518844; 5
7; r; 1533592; 1088; 632; 95; 1533591; 8
7; r; 1534233; 1088; 258; 36; 1534232; 8
7; r; 1541285; 1088; 278; 40; 1541284; 7
7; r; 1547055; 1088; 412; 60; 1547054; 6
7; r; 1552825; 1088; 720; 265; 752824; 3
7; r; 1556673; 1088; 1073; 162; 1556672; 7
7; r; 1564366; 1088; 653; 99; 1564365; 6
7; r; 1567571; 1088; 751; 110; 1567570; 6
7; r; 1579755; 1088; 905; 133; 1579754; 7
7; r; 1588088; 1088; 740; 108; 1588087; 6
7; r; 1593216; 1088; 554; 86; 1593215; 6
7; r; 1596421; 1088; 836; 121; 1596420; 6
7; r; 1604755; 1088; 888; 295; 804754; 2
7; r; 1609883; 1088; 890; 296; 809882; 1
7; r; 1645139; 1088; 818; 286; 845138; 2
7; r; 1660528; 1088; 717; 104; 1660527; 8
7; r; 1661169; 1088; 1054; 316; 861168; 1
7; r; 1671428; 1088; 1061; 158; 1671427; 7
7; r; 1677841; 1088; 448; 65; 1677840; 6
7; r; 1679123; 1088; 1072; 161; 1679122; 5
7; r; 1686815; 1088; 131; 18; 1686814; 9
7; r; 1707969; 1088; 649; 98; 1707968; 8
7; r; 1714380; 1088; 849; 293; 914379; 2
7; r; 1724639; 1088; 153; 22; 1724638; 8
7; r; 1731694; 1088; 603; 93; 1731693; 5
7; r; 1768878; 1088; 51; 10; 1768877; 9
7; r; 1783631; 1088; 1007; 148; 1783630; 6
7; r; 1803505; 1088; 208; 29; 1803504; 10
7; r; 1808637; 1088; 468; 70; 1808636; 8
7; r; 1820181; 1088; 288; 41; 1820180; 8
7; r; 1828522; 1088; 880; 294; 1028521; 3
7; r; 1830446; 1088; 787; 281; 1030445; 2
7; r; 2239915; 1088; 308; 46; 2239914; 10
7; r; 2288010; 1088; 557; 237; 1488009; 3
7; r; 2301470; 1088; 922; 300; 1501469; 2
7; r; 2317498; 1088; 555; 87; 2317497; 6
7; r; 2342506; 1088; 821; 288; 1542505; 4
7; r; 2354044; 1088; 799; 118; 2354043; 8
7; r; 2370070; 1088; 739; 107; 2370069; 5
7; r; 2391868; 1088; 1069; 159; 2391867; 5
7; r; 2400842; 1088; 39; 7; 2400841; 11
7; r; 2409176; 1088; 364; 53; 2409175; 9
7; r; 2417509; 1088; 782; 279; 1617508; 3
7; r; 2425201; 1088; 788; 282; 1625200; 2
7; r; 2430972; 1088; 583; 91; 2430971; 5
7; r; 2436100; 1088; 193; 28; 2436099; 11
7; r; 2438664; 1088; 92; 14; 2438663; 8
7; r; 2446357; 1088; 841; 122; 2446356; 6
7; r; 2501493; 1088; 641; 96; 2501492; 6
7; r; 2527785; 1088; 869; 127; 2527784; 5
7; r; 2538043; 1088; 725; 267; 1738042; 3
7; r; 2584206; 1088; 860; 124; 2584205; 8
7; r; 2600877; 1088; 21; 4; 2600876; 10
7; r; 2612420; 1088; 719; 264; 1812419; 3
7; r; 2632304; 1088; 386; 55; 2632303; 6
7; r; 2633586; 1088; 811; 120; 2633585; 5
7; r; 3065089; 1088; 568; 88; 3065088; 7
7; r; 3068299; 1088; 918; 299; 2268298; 3
7; r; 3079841; 1088; 721; 266; 2279840; 3
7; r; 3118305; 1088; 1; 0; 3118304; 11
7; r; 3126639; 1088; 930; 138; 3126638; 6
7; r; 3137535; 1088; 328; 49; 3137534; 9
7; r; 3147150; 1088; 305; 45; 3147149; 10
7; r; 3204843; 1088; 1001; 147; 3204842; 7
7; r; 3215739; 1088; 474; 71; 3215738; 7
7; r; 3217663; 1088; 960; 142; 3217662; 6
7; r; 3237536; 1088; 459; 218; 2437535; 6
7; r; 3242023; 1088; 477; 72; 3242022; 6
7; r; 3245228; 1088; 774; 276; 2445227; 4
7; r; 3249074; 1088; 407; 59; 3249073; 7
7; r; 3249714; 1088; 1034; 153; 3249713; 6
7; r; 3267025; 1088; 646; 255; 2467024; 7
7; r; 3270230; 1088; 1010; 311; 2470229; 4
7; r; 3285616; 1088; 501; 77; 3285615; 7
7; r; 3293310; 1088; 820; 287; 2493309; 3
7; r; 3299720; 1088; 524; 81; 3299719; 8
7; r; 3338833; 1088; 974; 306; 2538832; 4
7; r; 3349091; 1088; 311; 47; 3349090; 6
7; r; 3354221; 1088; 260; 37; 3354220; 7
7; r; 3356786; 1088; 1009; 310; 2556785; 4
7; r; 3376663; 1088; 464; 68; 3376662; 11
7; r; 3402313; 1088; 609; 248; 2602312; 6
7; r; 3417707; 1088; 354; 206; 2617706; 4
7; r; 3430535; 1088; 1029; 152; 3430534; 8
7; r; 3434386; 1088; 811; 285; 2634385; 4
7; r; 3856689; 1088; 186; 26; 3856688; 10
7; r; 3866306; 1088; 142; 20; 3866305; 11
7; r; 3871435; 1088; 384; 212; 3071434; 5
7; r; 3873358; 1088; 1064; 319; 3073357; 5
7; r; 3883616; 1088; 284; 200; 3083615; 6
7; r; 3902855; 1088; 516; 79; 3902854; 12
7; r; 3916958; 1088; 1042; 315; 3116957; 5
7; r; 3938757; 1088; 74; 12; 3938756; 11
7; r; 3941321; 1088; 746; 270; 3141320; 4
7; r; 3944526; 1088; 1029; 312; 3144525; 6
7; r; 3951578; 1088; 157; 23; 3951577; 10
7; r; 3969528; 1088; 748; 271; 3169527; 5
7; r; 3993249; 1088; 473; 223; 3193248; 6
8; r; 2; 1088; 955; 144; 1; 1
8; r; 1930; 1088; 1084; 168; 1929; 1
8; r; 28854; 1088; 646; 101; 28853; 5
8; r; 45522; 1088; 854; 130; 45521; 2
8; r; 51291; 1088; 852; 129; 51290; 2
8; r; 65401; 1088; 522; 85; 65400; 5
8; r; 73095; 1088; 987; 151; 73094; 1
8; r; 103231; 1088; 758; 119; 103230; 2
8; r; 128231; 1088; 856; 131; 128230; 2
8; r; 147466; 1088; 910; 137; 147465; 3
8; r; 179528; 1088; 382; 57; 179527; 6
8; r; 197488; 1088; 655; 103; 197487; 4
8; r; 244309; 1088; 589; 95; 244308; 3
8; r; 246873; 1088; 714; 114; 246872; 4
8; r; 248156; 1088; 1018; 157; 248155; 1
8; r; 265478; 1088; 932; 141; 265477; 7
8; r; 267402; 1088; 583; 94; 267401; 4
8; r; 282801; 1088; 667; 106; 282800; 7
8; r; 283442; 1088; 1007; 154; 283441; 3
8; r; 726126; 1088; 872; 134; 726125; 4
8; r; 734460; 1088; 625; 98; 734459; 3
8; r; 737666; 1088; 549; 89; 737665; 4
8; r; 738307; 1088; 499; 77; 738306; 8
8; r; 738948; 1088; 770; 122; 738947; 9
8; r; 746642; 1088; 1072; 164; 746641; 3
8; r; 751773; 1088; 379; 56; 751772; 7
8; r; 753055; 1088; 518; 83; 753054; 4
8; r; 768445; 1088; 817; 127; 768444; 4
8; r; 772932; 1088; 1012; 155; 772931; 3
8; r; 774214; 1088; 520; 84; 774213; 5
8; r; 778701; 1088; 909; 136; 778700; 4
8; r; 785753; 1088; 720; 115; 785752; 4
8; r; 793446; 1088; 868; 133; 793445; 6
8; r; 794728; 1088; 127; 18; 794727; 11
8; r; 802420; 1088; 102; 16; 802419; 11
8; r; 822290; 1088; 1014; 156; 822289; 3
8; r; 828700; 1088; 1074; 166; 828699; 3
8; r; 839600; 1088; 916; 138; 839599; 7
8; r; 860118; 1088; 921; 139; 860117; 5
8; r; 883840; 1088; 952; 143; 883839; 6
8; r; 890892; 1088; 351; 54; 890891; 6
8; r; 891533; 1088; 1073; 165; 891532; 12
8; r; 910771; 1088; 426; 64; 910770; 5
8; r; 920388; 1088; 692; 111; 920387; 5
8; r; 922954; 1088; 419; 62; 922953; 10
8; r; 956295; 1088; 504; 79; 956294; 7
8; r; 967196; 1088; 1029; 159; 967195; 6
8; r; 984517; 1088; 1077; 167; 984516; 4
8; r; 1021712; 1088; 804; 126; 1021711; 5
8; r; 1026205; 1088; 689; 110; 1026204; 4
8; r; 1039676; 1088; 930; 140; 1039675; 6
8; r; 1049299; 1088; 1042; 161; 1049298; 4
8; r; 1073671; 1088; 1017; 321; 273670; 1
8; r; 1502625; 1088; 489; 74; 1502624; 5
8; r; 1506471; 1088; 920; 311; 706470; 2
8; r; 1509035; 1088; 774; 123; 1509034; 5
8; r; 1510318; 1088; 946; 314; 710317; 3
8; r; 1550700; 1088; 657; 104; 1550699; 4
8; r; 1577627; 1088; 481; 73; 1577626; 6
8; r; 1585963; 1088; 580; 93; 1585962; 5
8; r; 1597502; 1088; 954; 315; 797501; 1
8; r; 1601349; 1088; 1084; 330; 801348; 1
8; r; 1607759; 1088; 358; 55; 1607758; 8
8; r; 1631479; 1088; 636; 100; 1631478; 11
8; r; 1662252; 1088; 658; 105; 1662251; 6
8; r; 1663534; 1088; 460; 70; 1663533; 5
8; r; 1696874; 1088; 327; 50; 1696873; 6
8; r; 1702002; 1088; 1022; 322; 902001; 1
8; r; 1712261; 1088; 1044; 326; 912260; 2
8; r; 1716749; 1088; 959; 145; 1716748; 8
8; r; 1725085; 1088; 257; 38; 1725084; 8
8; r; 1727010; 1088; 493; 75; 1727009; 4
8; r; 1773827; 1088; 948; 142; 1773826; 4
8; r; 1775109; 1088; 17; 3; 1775108; 8
8; r; 1788573; 1088; 788; 293; 988572; 2
8; r; 1793701; 1088; 455; 69; 1793700; 5
8; r; 1814220; 1088; 916; 310; 1014219; 2
8; r; 1818711; 1088; 328; 51; 1818710; 7
8; r; 1819352; 1088; 978; 317; 1019351; 2
8; r; 1837310; 1088; 921; 312; 1037309; 3
8; r; 1847570; 1088; 575; 92; 1847569; 6
8; r; 1878363; 1088; 541; 86; 1878362; 7
8; r; 2294875; 1088; 424; 63; 2294874; 6
8; r; 2303849; 1088; 282; 42; 2303848; 6
8; r; 2321157; 1088; 437; 66; 2321156; 8
8; r; 2338465; 1088; 669; 108; 2338464; 8
8; r; 2395516; 1088; 574; 91; 2395515; 6
8; r; 2407697; 1088; 783; 292; 1607696; 2
8; r; 2424363; 1088; 851; 305; 1624362; 2
8; r; 2426927; 1088; 326; 49; 2426926; 6
8; r; 2435903; 1088; 324; 48; 2435902; 7
8; r; 2459623; 1088; 252; 37; 2459622; 7
8; r; 2464753; 1088; 84; 13; 2464752; 8
8; r; 2475650; 1088; 301; 44; 2475649; 8
8; r; 2491678; 1088; 820; 300; 1691677; 3
8; r; 2517322; 1088; 1081; 329; 1717321; 2
8; r; 2520527; 1088; 684; 109; 2520526; 6
8; r; 2525657; 1088; 511; 82; 2525656; 5
8; r; 2530146; 1088; 801; 125; 2530145; 7
8; r; 2530787; 1088; 741; 118; 2530786; 5
8; r; 2532070; 1088; 187; 27; 2532069; 7
8; r; 2541047; 1088; 622; 97; 2541046; 6
8; r; 2542329; 1088; 807; 295; 1742328; 4
8; r; 2585928; 1088; 860; 132; 2585927; 7
8; r; 2589775; 1088; 813; 299; 1789774; 3
8; r; 2643008; 1088; 977; 150; 2643007; 7
8; r; 2646215; 1088; 476; 72; 2646214; 7
8; r; 2655837; 1088; 998; 153; 2655836; 6
8; r; 2660325; 1088; 735; 117; 2660324; 9
8; r; 2664817; 1088; 297; 43; 2664816; 9
8; r; 2668670; 1088; 962; 146; 2668669; 7
8; r; 2669312; 1088; 1035; 160; 2669311; 5
8; r; 2671238; 1088; 782; 291; 1871237; 4
8; r; 2680214; 1088; 155; 22; 2680213; 6
8; r; 3094371; 1088; 142; 20; 3094370; 9
8; r; 3111041; 1088; 611; 96; 3111040; 6
8; r; 3114886; 1088; 1051; 327; 2314885; 4
8; r; 3137968; 1088; 462; 71; 3137967; 9
8; r; 3189901; 1088; 811; 297; 2389900; 3
8; r; 3196953; 1088; 78; 12; 3196952; 7
8; r; 3204644; 1088; 37; 6; 3204643; 10
8; r; 3217465; 1088; 406; 61; 3217464; 10
8; r; 3224518; 1088; 341; 52; 3224517; 8
8; r; 3225159; 1088; 449; 68; 3225158; 7
8; r; 3232852; 1088; 649; 273; 2432851; 4
8; r; 3243751; 1088; 316; 47; 3243750; 8
8; r; 3244392; 1088; 44; 7; 3244391; 10
8; r; 3251444; 1088; 853; 306; 2451443; 3
8; r; 3261700; 1088; 682; 278; 2461699; 4
8; r; 3264908; 1088; 545; 88; 3264907; 7
8; r; 3284142; 1088; 546; 256; 2484141; 5
8; r; 3295684; 1088; 544; 87; 3295683; 7
8; r; 3297607; 1088; 515; 244; 2497606; 4
8; r; 3311712; 1088; 716; 283; 2511711; 4
8; r; 3319405; 1088; 580; 261; 2519404; 4
8; r; 3322611; 1088; 315; 46; 3322610; 8
8; r; 3352105; 1088; 392; 59; 3352104; 7
8; r; 3364927; 1088; 804; 294; 2564926; 5
8; r; 3373263; 1088; 797; 124; 3373262; 11
8; r; 3413026; 1088; 838; 128; 3413025; 7
8; r; 3414950; 1088; 139; 19; 3414949; 9
8; r; 3415591; 1088; 618; 265; 2615590; 4
8; r; 3429699; 1088; 643; 271; 2629698; 4
8; r; 3439322; 1088; 1040; 325; 2639321; 4
8; r; 3446376; 1088; 690; 280; 2646375; 4
8; r; 3480379; 1088; 547; 257; 2680378; 5
8; r; 3906924; 1088; 522; 247; 3106923; 5
8; r; 3910771; 1088; 625; 266; 3110770; 4
8; r; 3912053; 1088; 197; 193; 3112052; 5
8; r; 3925519; 1088; 428; 229; 3125518; 4
8; r; 3928725; 1088; 421; 228; 3128724; 5
8; r; 3983854; 1088; 966; 149; 3983853; 7
8; r; 3992828; 1088; 914; 309; 3192827; 5
9; r; 3851; 1088; 1087; 190; 3850; 1
9; r; 12828; 1088; 1045; 187; 12827; 3
9; r; 42333; 1088; 1013; 178; 42332; 6
9; r; 47462; 1088; 909; 163; 47461; 4
9; r; 53232; 1088; 956; 168; 53231; 1
9; r; 54514; 1088; 711; 137; 54513; 4
9; r; 66693; 1088; 986; 173; 66692; 1
9; r; 89137; 1088; 689; 131; 89136; 3
9; r; 102605; 1088; 719; 139; 102604; 3
9; r; 126324; 1088; 1021; 181; 126323; 1
9; r; 142993; 1088; 1005; 177; 142992; 5
9; r; 143634; 1088; 806; 151; 143633; 8
9; r; 145557; 1088; 857; 157; 145556; 2
9; r; 161588; 1088; 819; 153; 161587; 2
9; r; 184029; 1088; 808; 152; 184028; 5
9; r; 218021; 1088; 750; 143; 218020; 4
9; r; 629601; 1088; 1084; 189; 629600; 2
9; r; 652682; 1088; 938; 166; 652681; 6
9; r; 655246; 1088; 449; 93; 655245; 6
9; r; 655887; 1088; 954; 167; 655886; 3
9; r; 684104; 1088; 823; 154; 684103; 2
9; r; 696925; 1088; 20; 2; 696924; 8
9; r; 707183; 1088; 708; 136; 707182; 5
9; r; 712314; 1088; 1047; 188; 712313; 6
9; r; 719367; 1088; 555; 113; 719366; 6
9; r; 720008; 1088; 109; 26; 720007; 10
9; r; 770655; 1088; 1003; 176; 770654; 4
9; r; 777066; 1088; 589; 121; 777065; 4
9; r; 780912; 1088; 647; 124; 780911; 4
9; r; 788605; 1088; 1015; 179; 788604; 3
9; r; 790528; 1088; 929; 164; 790527; 10
9; r; 791169; 1088; 492; 98; 791168; 13
9; r; 799502; 1088; 86; 19; 799501; 12
9; r; 812322; 1088; 716; 138; 812321; 3
9; r; 835401; 1088; 563; 116; 835400; 9
9; r; 838609; 1088; 966; 170; 838608; 7
9; r; 839250; 1088; 874; 161; 839249; 4
9; r; 852713; 1088; 846; 155; 852712; 4
9; r; 855278; 1088; 785; 147; 855277; 3
9; r; 867460; 1088; 530; 104; 867459; 10
9; r; 894391; 1088; 323; 75; 894390; 8
9; r; 906571; 1088; 1026; 182; 906570; 6
9; r; 916828; 1088; 183; 44; 916827; 7
9; r; 927726; 1088; 848; 156; 927725; 4
9; r; 934136; 1088; 389; 85; 934135; 5
9; r; 940547; 1088; 350; 79; 940546; 6
9; r; 943111; 1088; 973; 171; 943110; 3
9; r; 981580; 1088; 862; 159; 981579; 7
9; r; 993125; 1088; 184; 45; 993124; 7
9; r; 1004667; 1088; 791; 148; 1004666; 4
9; r; 1432869; 1088; 765; 145; 1432868; 9
9; r; 1454021; 1088; 560; 114; 1454020; 4
9; r; 1455944; 1088; 1083; 353; 655943; 1
9; r; 1481585; 1088; 974; 172; 1481584; 4
9; r; 1500818; 1088; 889; 325; 700817; 1
9; r; 1502741; 1088; 407; 88; 1502740; 7
9; r; 1523892; 1088; 352; 80; 1523891; 7
9; r; 1530946; 1088; 284; 68; 1530945; 7
9; r; 1542484; 1088; 545; 111; 1542483; 8
9; r; 1543125; 1088; 922; 328; 743124; 1
9; r; 1552100; 1088; 873; 160; 1552099; 5
9; r; 1611079; 1088; 823; 317; 811078; 2
9; r; 1611720; 1088; 848; 320; 811719; 3
9; r; 1621338; 1088; 1036; 185; 1621337; 4
9; r; 1626466; 1088; 173; 42; 1626465; 9
9; r; 1643131; 1088; 270; 66; 1643130; 8
9; r; 1643772; 1088; 127; 31; 1643771; 9
9; r; 1645054; 1088; 587; 120; 1645053; 4
9; r; 1668136; 1088; 505; 100; 1668135; 8
9; r; 1691862; 1088; 1041; 186; 1691861; 4
9; r; 1696990; 1088; 858; 158; 1696989; 8
9; r; 1701478; 1088; 674; 129; 1701477; 6
9; r; 1729043; 1088; 218; 51; 1729042; 8
9; r; 1750848; 1088; 904; 162; 1750847; 7
9; r; 1755978; 1088; 105; 23; 1755977; 12
9; r; 1759185; 1088; 496; 99; 1759184; 9
9; r; 1778419; 1088; 1031; 183; 1778418; 5
9; r; 1782266; 1088; 1022; 345; 982265; 1
9; r; 1788040; 1088; 521; 103; 1788039; 6
9; r; 1797657; 1088; 224; 54; 1797656; 7
9; r; 1816897; 1088; 543; 110; 1816896; 6
9; r; 2238361; 1088; 788; 313; 1438360; 3
9; r; 2240927; 1088; 382; 84; 2240926; 5
9; r; 2247980; 1088; 755; 306; 1447979; 3
9; r; 2272343; 1088; 533; 106; 2272342; 9
9; r; 2294788; 1088; 307; 72; 2294787; 8
9; r; 2295429; 1088; 690; 296; 1495428; 3
9; r; 2297353; 1088; 736; 140; 2297352; 6
9; r; 2302482; 1088; 982; 338; 1502481; 3
9; r; 2304405; 1088; 474; 95; 2304404; 7
9; r; 2326200; 1088; 318; 73; 2326199; 8
9; r; 2348636; 1088; 1013; 344; 1548635; 3
9; r; 2362737; 1088; 742; 141; 2362736; 6
9; r; 2369147; 1088; 534; 107; 2369146; 9
9; r; 2388379; 1088; 265; 63; 2388378; 11
9; r; 2399917; 1088; 226; 56; 2399916; 8
9; r; 2408889; 1088; 567; 117; 2408888; 8
9; r; 2416581; 1088; 946; 333; 1616580; 4
9; r; 2424914; 1088; 586; 119; 2424913; 5
9; r; 2431965; 1088; 1048; 349; 1631964; 3
9; r; 2467871; 1088; 711; 300; 1667870; 4
9; r; 2474922; 1088; 130; 32; 2474921; 7
9; r; 2476204; 1088; 377; 83; 2476203; 7
9; r; 2490310; 1088; 1032; 184; 2490309; 7
9; r; 2496725; 1088; 846; 319; 1696724; 4
9; r; 2521086; 1088; 748; 142; 2521085; 7
9; r; 2533266; 1088; 650; 125; 2533265; 6
9; r; 2536473; 1088; 78; 17; 2536472; 9
9; r; 2565327; 1088; 768; 146; 2565326; 6
9; r; 2568533; 1088; 950; 334; 1768532; 3
9; r; 2570456; 1088; 87; 20; 2570455; 8
9; r; 2571739; 1088; 936; 165; 2571738; 7
9; r; 2574304; 1088; 1077; 352; 1774303; 2
9; r; 2578152; 1088; 266; 64; 2578151; 11
9; r; 2620485; 1088; 696; 132; 2620484; 9
9; r; 3058832; 1088; 332; 76; 3058831; 7
9; r; 3099873; 1088; 779; 310; 2299872; 4
9; r; 3102437; 1088; 552; 112; 3102436; 7
9; r; 3114618; 1088; 751; 304; 2314617; 3
9; r; 3115900; 1088; 63; 13; 3115899; 10
9; r; 3125515; 1088; 440; 92; 3125514; 7
9; r; 3133209; 1088; 876; 323; 2333208; 3
9; r; 3142183; 1088; 616; 287; 2342182; 4
9; r; 3146670; 1088; 320; 74; 3146669; 7
9; r; 3157569; 1088; 177; 43; 3157568; 10
9; r; 3183211; 1088; 553; 280; 2383210; 5
9; r; 3183852; 1088; 874; 321; 2383851; 4
9; r; 3190904; 1088; 83; 18; 3190903; 8
9; r; 3220394; 1088; 139; 34; 3220393; 9
9; r; 3230009; 1088; 325; 241; 2430008; 5
9; r; 3251166; 1088; 1069; 351; 2451165; 4
9; r; 3259501; 1088; 666; 127; 3259500; 7
9; r; 3279374; 1088; 221; 52; 3279373; 7
9; r; 3281298; 1088; 701; 135; 3281297; 7
9; r; 3330668; 1088; 246; 59; 3330667; 8
9; r; 3335797; 1088; 570; 118; 3335796; 6
9; r; 3343490; 1088; 112; 27; 3343489; 9
9; r; 3350548; 1088; 1009; 343; 2550547; 4
9; r; 3383255; 1088; 491; 269; 2583254; 4
9; r; 3413398; 1088; 1044; 348; 2613397; 4
9; r; 3910209; 1088; 373; 82; 3910208; 8
9; r; 3917261; 1088; 41; 9; 3917260; 8
9; r; 3946750; 1088; 69; 15; 3946749; 10
9; r; 3967904; 1088; 222; 53; 3967903; 7
9; r; 3986494; 1088; 118; 29; 3986493; 8
