iter; type; time slot; d_nodes; s_nodes; pid; nslot; nhop
0; r; 7341; 1088; 1037; 1; 6831; 7
0; r; 21427; 1088; 1014; 44; 13188; 2
0; r; 23987; 1088; 623; 81; 6308; 6
0; r; 25268; 1088; 1045; 61; 12185; 2
0; r; 29110; 1088; 1018; 98; 7381; 1
0; r; 34232; 1088; 919; 6; 32205; 1
0; r; 37434; 1088; 841; 2; 36380; 5
0; r; 43838; 1088; 553; 132; 15495; 4
0; r; 48320; 1088; 276; 32; 41574; 10
0; r; 49600; 1088; 321; 23; 44605; 7
0; r; 50881; 1088; 100; 15; 47407; 15
0; r; 57923; 1088; 881; 25; 52372; 3
0; r; 61125; 1088; 1054; 117; 35152; 1
0; r; 63686; 1088; 1079; 135; 34765; 3
0; r; 73931; 1088; 810; 109; 50023; 7
0; r; 84176; 1088; 255; 42; 76041; 6
0; r; 87378; 1088; 805; 34; 80467; 9
0; r; 102106; 1088; 646; 5; 100429; 13
0; r; 107229; 1088; 214; 19; 103042; 12
0; r; 121317; 1088; 884; 26; 115489; 4
0; r; 124519; 1088; 885; 78; 108247; 5
0; r; 127720; 1088; 416; 38; 119798; 11
0; r; 128360; 1088; 459; 126; 100877; 7
0; r; 129001; 1088; 513; 27; 123113; 7
0; r; 130282; 1088; 480; 87; 110635; 9
0; r; 131563; 1088; 1035; 73; 116474; 5
0; r; 132203; 1088; 1059; 64; 118785; 9
0; r; 133484; 1088; 348; 60; 120620; 10
0; r; 136686; 1088; 452; 102; 114400; 8
0; r; 141810; 1088; 427; 37; 134324; 10
0; r; 146293; 1088; 980; 56; 134283; 4
0; r; 149495; 1088; 943; 18; 145591; 12
0; r; 150776; 1088; 397; 16; 147204; 14
0; r; 152057; 1088; 148; 116; 126176; 8
0; r; 153338; 1088; 242; 79; 136647; 12
0; r; 155259; 1088; 915; 125; 127803; 6
0; r; 157180; 1088; 773; 40; 149117; 5
0; r; 158461; 1088; 914; 58; 145792; 5
0; r; 171269; 1088; 542; 91; 150858; 8
0; r; 172550; 1088; 656; 65; 159121; 9
0; r; 181517; 1088; 602; 17; 177630; 11
0; r; 189203; 1088; 519; 148; 156577; 9
0; r; 192406; 1088; 158; 46; 183391; 9
0; r; 197529; 1088; 161; 57; 184910; 15
0; r; 203294; 1088; 409; 89; 183338; 12
0; r; 207136; 1088; 750; 103; 184810; 8
0; r; 209698; 1088; 246; 77; 193493; 9
0; r; 210979; 1088; 286; 75; 195134; 11
0; r; 211620; 1088; 607; 133; 183112; 11
0; r; 212901; 1088; 184; 134; 184046; 10
0; r; 619711; 1088; 874; 154; 193779; 13
0; r; 623554; 1088; 72; 131; 595274; 14
0; r; 626116; 1088; 408; 55; 614585; 15
0; r; 631240; 1088; 292; 12; 628228; 10
0; r; 634443; 1088; 347; 151; 213367; 21
0; r; 637004; 1088; 59; 159; 205917; 17
0; r; 638285; 1088; 478; 72; 623458; 15
0; r; 651092; 1088; 157; 137; 621987; 13
0; r; 652373; 1088; 111; 96; 630833; 13
0; r; 656857; 1088; 911; 43; 648626; 13
0; r; 658778; 1088; 137; 67; 644930; 18
0; r; 660059; 1088; 527; 71; 645503; 16
0; r; 664542; 1088; 1058; 114; 639577; 21
0; r; 667104; 1088; 169; 106; 643478; 17
0; r; 676071; 1088; 183; 110; 651670; 14
0; r; 683116; 1088; 457; 83; 665025; 15
0; r; 690162; 1088; 251; 45; 681283; 14
0; r; 690802; 1088; 954; 153; 268346; 13
0; r; 706812; 1088; 606; 155; 279543; 20
0; r; 708093; 1088; 555; 157; 278771; 14
0; r; 718340; 1088; 12; 160; 285690; 16
0; r; 724745; 1088; 1064; 107; 701077; 14
0; r; 727307; 1088; 1065; 129; 699324; 10
0; r; 731790; 1088; 3; 88; 712015; 17
0; r; 733071; 1088; 467; 63; 719849; 19
0; r; 741397; 1088; 769; 100; 719613; 22
0; r; 743959; 1088; 498; 86; 725273; 10
0; r; 745880; 1088; 765; 70; 731714; 18
0; r; 749082; 1088; 740; 82; 731180; 27
0; r; 756127; 1088; 844; 158; 326172; 15
0; r; 758048; 1088; 318; 138; 728916; 19
0; r; 761250; 1088; 525; 31; 754573; 20
0; r; 770854; 1088; 742; 143; 739638; 15
0; r; 772135; 1088; 24; 130; 743961; 16
0; r; 775978; 1088; 198; 41; 767853; 14
0; r; 780462; 1088; 267; 85; 761941; 15
0; r; 781743; 1088; 367; 51; 771537; 20
0; r; 783024; 1088; 266; 74; 767508; 23
0; r; 784305; 1088; 461; 108; 760472; 20
0; r; 785586; 1088; 803; 97; 763932; 17
0; r; 797753; 1088; 217; 50; 787684; 20
0; r; 800315; 1088; 50; 115; 775282; 14
0; r; 807360; 1088; 811; 54; 796329; 20
0; r; 808000; 1088; 435; 36; 800660; 17
0; r; 812484; 1088; 149; 142; 782408; 27
0; r; 827214; 1088; 208; 123; 799886; 23
0; r; 829776; 1088; 36; 47; 820395; 19
0; r; 831057; 1088; 1040; 95; 809752; 20
0; r; 832338; 1088; 518; 24; 827311; 18
0; r; 833619; 1088; 130; 152; 411611; 20
0; r; 840024; 1088; 420; 112; 815460; 15
0; r; 842585; 1088; 695; 69; 828530; 18
0; r; 845787; 1088; 751; 122; 818830; 18
0; r; 846428; 1088; 1084; 227; 32673; 1
0; r; 847709; 1088; 263; 145; 815832; 22
0; r; 849630; 1088; 754; 196; 42975; 3
0; r; 861798; 1088; 603; 119; 835592; 14
0; r; 863719; 1088; 298; 62; 850604; 23
0; r; 865000; 1088; 715; 162; 64346; 4
0; r; 866281; 1088; 557; 183; 62308; 5
0; r; 869483; 1088; 10; 11; 866775; 19
0; r; 870123; 1088; 1072; 21; 865466; 19
0; r; 877809; 1088; 789; 136; 848710; 14
0; r; 881652; 1088; 852; 304; 52392; 2
0; r; 886135; 1088; 125; 173; 83775; 7
0; r; 896383; 1088; 657; 172; 94138; 3
0; r; 897024; 1088; 810; 281; 73116; 4
0; r; 899585; 1088; 383; 214; 88649; 6
0; r; 900866; 1088; 959; 93; 879774; 29
0; r; 902147; 1088; 687; 164; 101467; 3
0; r; 905349; 1088; 655; 316; 73610; 3
0; r; 906630; 1088; 699; 187; 101586; 6
0; r; 908551; 1088; 151; 94; 887278; 24
0; r; 912394; 1088; 311; 121; 885781; 19
0; r; 917518; 1088; 321; 186; 112523; 7
0; r; 920720; 1088; 656; 223; 107291; 6
0; r; 922001; 1088; 1046; 194; 115754; 4
0; r; 925204; 1088; 21; 14; 921766; 24
0; r; 928407; 1088; 478; 232; 113580; 6
0; r; 930969; 1088; 558; 220; 118166; 5
0; r; 931610; 1088; 845; 309; 100991; 5
0; r; 932250; 1088; 747; 265; 111126; 3
0; r; 934172; 1088; 880; 171; 132075; 6
0; r; 939936; 1088; 938; 273; 117221; 5
0; r; 943139; 1088; 1079; 302; 114218; 2
0; r; 943779; 1088; 807; 286; 119027; 8
0; r; 946342; 1088; 488; 211; 136262; 6
0; r; 947623; 1088; 883; 195; 141221; 6
0; r; 950185; 1088; 843; 298; 121848; 5
0; r; 955309; 1088; 479; 163; 154637; 6
0; r; 962355; 1088; 798; 237; 146278; 8
0; r; 964276; 1088; 158; 207; 155261; 10
0; r; 965557; 1088; 809; 270; 142928; 5
0; r; 971962; 1088; 620; 306; 142108; 6
0; r; 975165; 1088; 467; 222; 161943; 9
0; r; 982851; 1088; 343; 192; 176881; 10
0; r; 984132; 1088; 87; 254; 164451; 11
0; r; 987334; 1088; 811; 217; 176303; 9
0; r; 998864; 1088; 384; 238; 182510; 9
0; r; 1000145; 1088; 1012; 284; 175658; 5
0; r; 1007832; 1088; 859; 242; 190702; 11
0; r; 1010394; 1088; 773; 202; 202331; 10
0; r; 1012316; 1088; 551; 318; 180027; 5
0; r; 1416661; 1088; 403; 269; 594681; 13
0; r; 1421785; 1088; 512; 191; 615907; 13
0; r; 1425628; 1088; 232; 255; 605843; 15
0; r; 1430752; 1088; 495; 307; 600487; 11
0; r; 1432673; 1088; 356; 274; 609783; 10
0; r; 1440359; 1088; 970; 203; 632025; 12
0; r; 1445483; 1088; 564; 252; 626508; 11
0; r; 1448685; 1088; 415; 167; 647765; 13
0; r; 1449966; 1088; 342; 169; 648468; 14
0; r; 1456371; 1088; 217; 210; 646302; 17
0; r; 1459573; 1088; 82; 201; 651692; 19
0; r; 1462135; 1088; 647; 257; 642020; 14
0; r; 1464697; 1088; 207; 124; 1437253; 26
0; r; 1465978; 1088; 798; 76; 1449901; 31
0; r; 1473023; 1088; 307; 268; 651109; 9
0; r; 1475585; 1088; 237; 147; 1443381; 24
0; r; 1476225; 1088; 223; 228; 662313; 11
0; r; 1483910; 1088; 652; 287; 659113; 9
0; r; 1484551; 1088; 93; 267; 662702; 15
0; r; 1489674; 1088; 390; 174; 687301; 14
0; r; 1492876; 1088; 794; 178; 689556; 15
0; r; 1494157; 1088; 373; 277; 670908; 15
0; r; 1499281; 1088; 23; 310; 668330; 12
0; r; 1500562; 1088; 173; 225; 686963; 14
0; r; 1502483; 1088; 550; 241; 685841; 17
0; r; 1503764; 1088; 68; 101; 1481634; 33
0; r; 1505045; 1088; 670; 283; 680749; 11
0; r; 1507607; 1088; 265; 84; 1489400; 35
0; r; 1517213; 1088; 296; 295; 689984; 17
0; r; 1524898; 1088; 272; 311; 693649; 17
0; r; 1527460; 1088; 169; 278; 703834; 15
0; r; 1529381; 1088; 913; 208; 719679; 19
0; r; 1530662; 1088; 234; 197; 723943; 21
0; r; 1532583; 1088; 339; 179; 729214; 13
0; r; 1533864; 1088; 399; 213; 722965; 14
0; r; 1540269; 1088; 174; 13; 1536964; 26
0; r; 1553719; 1088; 338; 280; 729968; 13
0; r; 1555000; 1088; 974; 314; 723487; 21
0; r; 1556921; 1088; 1065; 297; 728938; 14
0; r; 1558842; 1088; 660; 313; 727334; 15
0; r; 1562044; 1088; 64; 219; 749915; 11
0; r; 1564606; 1088; 840; 209; 754834; 19
0; r; 1565246; 1088; 575; 260; 744690; 13
0; r; 1565887; 1088; 918; 308; 735295; 10
0; r; 1567808; 1088; 895; 253; 748575; 16
0; r; 1570370; 1088; 944; 248; 752275; 24
0; r; 1587021; 1088; 238; 319; 754343; 16
0; r; 1591503; 1088; 25; 175; 788537; 14
0; r; 1593424; 1088; 346; 303; 764476; 16
0; r; 1595345; 1088; 753; 226; 781731; 10
0; r; 1597267; 1088; 592; 315; 765654; 15
0; r; 1598548; 1088; 571; 290; 772366; 13
0; r; 1600469; 1088; 236; 249; 781849; 19
0; r; 1601110; 1088; 775; 200; 793248; 23
0; r; 1602391; 1088; 600; 230; 788121; 12
0; r; 1604953; 1088; 493; 264; 783870; 14
0; r; 1611357; 1088; 71; 193; 805297; 19
0; r; 1612638; 1088; 601; 243; 795386; 18
0; r; 1613278; 1088; 177; 234; 798325; 18
0; r; 1615840; 1088; 28; 301; 787060; 15
0; r; 1621605; 1088; 371; 216; 810581; 17
0; r; 1622886; 1088; 410; 215; 811899; 15
0; r; 1625448; 1088; 505; 166; 824700; 18
0; r; 1627369; 1088; 235; 224; 813830; 17
0; r; 1628010; 1088; 171; 266; 806389; 13
0; r; 1639539; 1088; 1061; 292; 813037; 13
0; r; 1642101; 1088; 933; 282; 818020; 13
0; r; 1656831; 1088; 37; 293; 830220; 18
0; r; 1660034; 1088; 1069; 244; 842760; 15
0; r; 1662596; 1088; 250; 245; 844980; 18
0; r; 1667720; 1088; 5; 181; 863854; 14
0; r; 1670282; 1088; 167; 182; 866327; 18
0; r; 1674766; 1088; 1026; 299; 846366; 13
0; r; 1677968; 1088; 108; 236; 862259; 16
0; r; 1679249; 1088; 487; 198; 872387; 19
0; r; 1683092; 1088; 1072; 185; 878435; 11
0; r; 1686295; 1088; 298; 221; 873180; 14
0; r; 1688216; 1088; 0; 276; 865093; 16
0; r; 1692059; 1088; 332; 312; 860791; 17
0; r; 1695261; 1088; 726; 259; 874993; 15
0; r; 1702307; 1088; 42; 296; 874419; 15
0; r; 1709353; 1088; 335; 285; 884708; 18
0; r; 1714475; 1088; 96; 240; 897842; 19
0; r; 1715116; 1088; 563; 176; 911928; 18
0; r; 1717038; 1088; 971; 235; 901657; 9
0; r; 1720240; 1088; 249; 246; 902409; 21
0; r; 1722162; 1088; 215; 250; 903474; 17
0; r; 1726005; 1088; 58; 206; 916998; 20
0; r; 1731131; 1088; 702; 258; 910912; 14
0; r; 1736255; 1088; 174; 177; 932950; 24
0; r; 1737536; 1088; 966; 262; 916612; 18
0; r; 1743302; 1088; 294; 272; 920664; 14
0; r; 1747787; 1088; 1062; 231; 933204; 21
0; r; 1749709; 1088; 275; 205; 940717; 21
0; r; 1750990; 1088; 793; 180; 947302; 23
0; r; 1751631; 1088; 263; 317; 919754; 22
0; r; 1753554; 1088; 633; 275; 930639; 19
0; r; 1754836; 1088; 799; 247; 936747; 18
0; r; 1758039; 1088; 165; 165; 957337; 23
0; r; 1759962; 1088; 40; 305; 930531; 21
0; r; 1766368; 1088; 170; 256; 946528; 17
0; r; 1771495; 1088; 241; 239; 954968; 25
0; r; 1772136; 1088; 667; 170; 970373; 23
0; r; 1789438; 1088; 360; 204; 980516; 20
0; r; 2217139; 1088; 907; 251; 1398241; 24
0; r; 2225466; 1088; 713; 288; 1400576; 23
0; r; 2238277; 1088; 743; 294; 1411222; 32
0; r; 2253012; 1088; 832; 218; 1195519; 17
1; r; 641; 1088; 789; 117; 640; 2
1; r; 7043; 1088; 909; 131; 7042; 4
1; r; 16647; 1088; 64; 9; 16646; 9
1; r; 19848; 1088; 576; 89; 19847; 6
1; r; 32013; 1088; 894; 129; 32012; 13
1; r; 38416; 1088; 1075; 161; 38415; 5
1; r; 39697; 1088; 941; 135; 39696; 3
1; r; 42258; 1088; 482; 72; 42257; 5
1; r; 46740; 1088; 1084; 163; 46739; 1
1; r; 49941; 1088; 1002; 147; 49940; 5
1; r; 51862; 1088; 920; 133; 51861; 1
1; r; 53783; 1088; 699; 105; 53782; 9
1; r; 56985; 1088; 1040; 156; 56984; 9
1; r; 62747; 1088; 817; 118; 62746; 3
1; r; 65309; 1088; 1049; 158; 65308; 1
1; r; 66590; 1088; 1054; 159; 66589; 1
1; r; 85801; 1088; 725; 108; 85800; 5
1; r; 92205; 1088; 854; 122; 92204; 3
1; r; 92845; 1088; 228; 40; 92844; 8
1; r; 94126; 1088; 757; 114; 94125; 3
1; r; 103091; 1088; 1022; 150; 103090; 2
1; r; 103731; 1088; 843; 121; 103730; 7
1; r; 110776; 1088; 659; 96; 110775; 5
1; r; 114619; 1088; 692; 103; 114618; 6
1; r; 115900; 1088; 652; 94; 115899; 6
1; r; 118462; 1088; 653; 95; 118461; 3
1; r; 120383; 1088; 481; 71; 120382; 8
1; r; 125507; 1088; 543; 82; 125506; 9
1; r; 127428; 1088; 387; 61; 127427; 6
1; r; 128709; 1088; 625; 92; 128708; 8
1; r; 138316; 1088; 891; 128; 138315; 11
1; r; 141518; 1088; 469; 69; 141517; 13
1; r; 142799; 1088; 1037; 155; 142798; 3
1; r; 144720; 1088; 744; 112; 144719; 5
1; r; 154967; 1088; 866; 126; 154966; 7
1; r; 156248; 1088; 758; 115; 156247; 7
1; r; 159450; 1088; 833; 119; 159449; 14
1; r; 160091; 1088; 408; 64; 160090; 13
1; r; 161372; 1088; 197; 33; 161371; 16
1; r; 167136; 1088; 460; 67; 167135; 10
1; r; 168417; 1088; 684; 99; 168416; 8
1; r; 169057; 1088; 973; 142; 169056; 8
1; r; 170338; 1088; 355; 57; 170337; 7
1; r; 172260; 1088; 767; 116; 172259; 12
1; r; 175463; 1088; 1028; 152; 175462; 13
1; r; 178665; 1088; 13; 2; 178664; 13
1; r; 187631; 1088; 700; 106; 187630; 9
1; r; 188272; 1088; 755; 113; 188271; 9
1; r; 190834; 1088; 1007; 148; 190833; 14
1; r; 195318; 1088; 266; 42; 195317; 16
1; r; 195959; 1088; 538; 79; 195958; 11
1; r; 198521; 1088; 841; 120; 198520; 8
1; r; 199161; 1088; 346; 55; 199160; 11
1; r; 203005; 1088; 542; 81; 203004; 14
1; r; 211331; 1088; 93; 14; 211330; 13
1; r; 213253; 1088; 927; 134; 213252; 11
1; r; 219019; 1088; 179; 28; 219018; 15
1; r; 224784; 1088; 43; 6; 224783; 14
1; r; 227346; 1088; 182; 29; 227345; 13
1; r; 233111; 1088; 342; 54; 233110; 14
1; r; 234392; 1088; 598; 91; 234391; 9
1; r; 238235; 1088; 82; 12; 238234; 17
1; r; 239516; 1088; 229; 41; 239515; 12
1; r; 242079; 1088; 862; 125; 242078; 10
1; r; 244001; 1088; 203; 34; 244000; 14
1; r; 245923; 1088; 858; 123; 245922; 13
1; r; 246564; 1088; 160; 26; 246563; 7
1; r; 247845; 1088; 958; 141; 247844; 10
1; r; 249766; 1088; 95; 15; 249765; 11
1; r; 256171; 1088; 135; 22; 256170; 14
1; r; 256812; 1088; 662; 97; 256811; 18
1; r; 262578; 1088; 349; 56; 262577; 13
1; r; 263859; 1088; 1023; 151; 263858; 14
1; r; 268343; 1088; 665; 98; 268342; 14
1; r; 276031; 1088; 314; 51; 276030; 14
1; r; 283077; 1088; 150; 23; 283076; 22
1; r; 284359; 1088; 689; 102; 284358; 12
1; r; 284999; 1088; 376; 59; 284998; 14
1; r; 286922; 1088; 401; 62; 286921; 15
1; r; 291405; 1088; 974; 143; 291404; 13
1; r; 292687; 1088; 109; 17; 292686; 15
1; r; 696523; 1088; 76; 11; 696522; 17
1; r; 704208; 1088; 402; 63; 704207; 16
1; r; 708050; 1088; 918; 132; 708049; 19
1; r; 715094; 1088; 688; 101; 715093; 16
1; r; 716375; 1088; 120; 20; 716374; 22
1; r; 718296; 1088; 1036; 154; 718295; 18
1; r; 720218; 1088; 285; 46; 720217; 20
1; r; 724060; 1088; 1020; 149; 724059; 15
1; r; 725341; 1088; 523; 77; 725340; 16
1; r; 730464; 1088; 560; 83; 730463; 25
1; r; 738149; 1088; 573; 88; 738148; 24
1; r; 745833; 1088; 564; 84; 745832; 20
1; r; 756719; 1088; 410; 65; 756718; 19
1; r; 757359; 1088; 730; 110; 757358; 20
1; r; 757999; 1088; 221; 38; 757998; 15
1; r; 765044; 1088; 42; 5; 765043; 17
1; r; 767606; 1088; 214; 37; 767605; 20
1; r; 769527; 1088; 462; 68; 769526; 17
1; r; 772728; 1088; 720; 107; 772727; 16
1; r; 777852; 1088; 280; 45; 777851; 20
1; r; 780414; 1088; 276; 44; 780413; 20
1; r; 786819; 1088; 945; 137; 786818; 27
1; r; 790661; 1088; 311; 50; 790660; 19
1; r; 796424; 1088; 1063; 160; 796423; 19
1; r; 800907; 1088; 900; 130; 800906; 18
1; r; 802828; 1088; 153; 24; 802827; 26
1; r; 804109; 1088; 991; 146; 804108; 18
1; r; 804750; 1088; 641; 93; 804749; 16
1; r; 806030; 1088; 502; 75; 806029; 22
1; r; 806671; 1088; 56; 8; 806670; 18
1; r; 814357; 1088; 1016; 304; 14356; 1
1; r; 826525; 1088; 817; 276; 26524; 3
1; r; 834850; 1088; 210; 35; 834849; 18
1; r; 837412; 1088; 874; 127; 837411; 27
1; r; 838693; 1088; 1015; 303; 38692; 2
1; r; 839974; 1088; 470; 70; 839973; 31
1; r; 844457; 1088; 1000; 300; 44456; 5
1; r; 849580; 1088; 132; 21; 849579; 25
1; r; 851501; 1088; 1084; 315; 51500; 1
1; r; 856623; 1088; 647; 255; 56622; 3
1; r; 857264; 1088; 1045; 307; 57263; 2
1; r; 859185; 1088; 944; 136; 859184; 15
1; r; 863027; 1088; 1003; 301; 63026; 5
1; r; 866229; 1088; 618; 252; 66228; 4
1; r; 867510; 1088; 1047; 308; 67509; 3
1; r; 871352; 1088; 1085; 316; 71351; 1
1; r; 875835; 1088; 419; 229; 75834; 6
1; r; 877116; 1088; 1082; 314; 77115; 3
1; r; 879678; 1088; 559; 242; 79677; 3
1; r; 882240; 1088; 382; 60; 882239; 27
1; r; 895049; 1088; 545; 241; 95048; 7
1; r; 897611; 1088; 923; 290; 97610; 3
1; r; 901453; 1088; 415; 228; 101452; 6
1; r; 907858; 1088; 847; 282; 107857; 3
1; r; 911060; 1088; 306; 208; 111059; 9
1; r; 913622; 1088; 875; 286; 113621; 4
1; r; 916184; 1088; 689; 261; 116183; 3
1; r; 918105; 1088; 352; 215; 118104; 8
1; r; 921307; 1088; 822; 278; 121306; 2
1; r; 928352; 1088; 110; 18; 928351; 27
1; r; 930913; 1088; 604; 249; 130912; 7
1; r; 932835; 1088; 980; 298; 132834; 4
1; r; 936678; 1088; 348; 214; 136677; 8
1; r; 948207; 1088; 609; 250; 148206; 7
1; r; 951409; 1088; 1013; 302; 151408; 4
1; r; 953971; 1088; 930; 292; 153970; 7
1; r; 957814; 1088; 751; 270; 157813; 6
1; r; 961016; 1088; 402; 226; 161015; 13
1; r; 964859; 1088; 999; 299; 164858; 5
1; r; 974467; 1088; 95; 179; 174466; 7
1; r; 975748; 1088; 526; 78; 975747; 24
1; r; 978310; 1088; 862; 285; 178309; 9
1; r; 978951; 1088; 411; 227; 178950; 11
1; r; 980873; 1088; 909; 289; 180872; 7
1; r; 987919; 1088; 1037; 305; 187918; 7
1; r; 1000088; 1088; 134; 185; 200087; 12
1; r; 1001370; 1088; 483; 231; 201369; 8
1; r; 1009057; 1088; 522; 237; 209056; 8
1; r; 1012900; 1088; 275; 204; 212899; 11
1; r; 1014181; 1088; 354; 216; 214180; 13
1; r; 1016104; 1088; 832; 280; 216103; 9
1; r; 1016744; 1088; 706; 262; 216743; 7
1; r; 1018666; 1088; 637; 253; 218665; 8
1; r; 1021869; 1088; 1064; 311; 221868; 8
1; r; 1024431; 1088; 94; 178; 224430; 13
1; r; 1037884; 1088; 567; 244; 237883; 11
1; r; 1040446; 1088; 370; 220; 240445; 9
1; r; 1041728; 1088; 1044; 306; 241727; 8
1; r; 1043649; 1088; 968; 296; 243648; 8
1; r; 1046212; 1088; 671; 258; 246211; 11
1; r; 1057103; 1088; 218; 197; 257102; 8
1; r; 1059666; 1088; 1075; 312; 259665; 13
1; r; 1066072; 1088; 734; 265; 266071; 6
1; r; 1066713; 1088; 13; 166; 266712; 11
1; r; 1075042; 1088; 747; 268; 275041; 5
1; r; 1076964; 1088; 638; 254; 276963; 13
1; r; 1077604; 1088; 216; 196; 277603; 12
1; r; 1081449; 1088; 750; 269; 281448; 7
1; r; 1088497; 1088; 124; 184; 288496; 12
1; r; 1090419; 1088; 205; 195; 290418; 11
1; r; 1094903; 1088; 50; 172; 294902; 10
1; r; 1505153; 1088; 798; 274; 705152; 18
1; r; 1505794; 1088; 759; 272; 705793; 23
1; r; 1507075; 1088; 242; 200; 707074; 18
1; r; 1512199; 1088; 100; 181; 712198; 20
1; r; 1521805; 1088; 188; 192; 721804; 16
1; r; 1524367; 1088; 364; 219; 724366; 21
1; r; 1525648; 1088; 115; 183; 725647; 22
1; r; 1526929; 1088; 285; 205; 726928; 14
1; r; 1529490; 1088; 294; 206; 729489; 15
1; r; 1532052; 1088; 898; 288; 732051; 12
1; r; 1533973; 1088; 860; 283; 733972; 17
1; r; 1538456; 1088; 525; 238; 738455; 18
1; r; 1543580; 1088; 143; 187; 743579; 23
1; r; 1544861; 1088; 199; 193; 744860; 19
1; r; 1553187; 1088; 510; 235; 753186; 18
1; r; 1555108; 1088; 1079; 313; 755107; 10
1; r; 1558310; 1088; 498; 233; 758309; 13
1; r; 1564074; 1088; 926; 291; 764073; 12
1; r; 1567276; 1088; 138; 186; 767275; 23
1; r; 1568557; 1088; 60; 174; 768556; 13
1; r; 1569838; 1088; 158; 189; 769837; 15
1; r; 1578163; 1088; 534; 240; 778162; 18
1; r; 1579444; 1088; 395; 224; 779443; 12
1; r; 1583927; 1088; 686; 260; 783926; 18
1; r; 1584567; 1088; 93; 177; 784566; 23
1; r; 1585208; 1088; 72; 175; 785207; 21
1; r; 1589051; 1088; 830; 279; 789050; 17
1; r; 1601861; 1088; 1055; 309; 801860; 18
1; r; 1604423; 1088; 12; 165; 804422; 16
1; r; 1606985; 1088; 503; 234; 806984; 17
1; r; 1608266; 1088; 1086; 317; 808265; 21
1; r; 1609547; 1088; 756; 271; 809546; 21
1; r; 1613390; 1088; 334; 212; 813389; 15
1; r; 1631323; 1088; 112; 182; 831322; 22
1; r; 1638368; 1088; 532; 239; 838367; 27
1; r; 1639649; 1088; 514; 236; 839648; 24
1; r; 1645413; 1088; 371; 221; 845412; 18
1; r; 1646694; 1088; 35; 169; 846693; 14
1; r; 1651177; 1088; 14; 167; 851176; 14
1; r; 1651818; 1088; 564; 243; 851817; 18
1; r; 1657582; 1088; 960; 294; 857581; 18
1; r; 1658863; 1088; 299; 207; 858862; 15
1; r; 1662066; 1088; 3; 164; 862065; 17
1; r; 1664628; 1088; 358; 217; 864627; 14
1; r; 1665269; 1088; 234; 199; 865268; 18
1; r; 1665909; 1088; 861; 284; 865908; 27
1; r; 1671033; 1088; 820; 277; 871032; 10
1; r; 1672314; 1088; 160; 190; 872313; 19
1; r; 1674876; 1088; 892; 287; 874875; 18
1; r; 1676157; 1088; 266; 203; 876156; 20
1; r; 1683843; 1088; 957; 293; 883842; 13
1; r; 1691529; 1088; 573; 246; 891528; 17
1; r; 1692810; 1088; 806; 275; 892809; 22
1; r; 1695372; 1088; 456; 230; 895371; 17
1; r; 1701136; 1088; 597; 247; 901135; 17
1; r; 1701777; 1088; 401; 225; 901776; 26
1; r; 1709463; 1088; 651; 256; 909462; 15
1; r; 1716509; 1088; 362; 218; 916508; 19
1; r; 1728681; 1088; 961; 295; 928680; 20
1; r; 1729322; 1088; 672; 259; 929321; 21
1; r; 1741495; 1088; 56; 173; 941494; 27
1; r; 1747260; 1088; 732; 264; 947259; 27
1; r; 1751745; 1088; 225; 198; 951744; 18
1; r; 1752386; 1088; 390; 223; 952385; 21
1; r; 1774178; 1088; 48; 171; 974177; 20
1; r; 1781229; 1088; 845; 281; 981228; 23
2; r; 1281; 1088; 686; 108; 1280; 3
2; r; 14086; 1088; 825; 125; 14085; 9
2; r; 19208; 1088; 750; 112; 19207; 4
2; r; 24330; 1088; 818; 123; 24329; 2
2; r; 32013; 1088; 1049; 161; 32012; 2
2; r; 34574; 1088; 915; 137; 34573; 3
2; r; 35855; 1088; 650; 103; 35854; 4
2; r; 37135; 1088; 60; 2; 37134; 8
2; r; 44820; 1088; 628; 98; 44819; 9
2; r; 51224; 1088; 555; 84; 51223; 7
2; r; 53785; 1088; 1083; 166; 53784; 1
2; r; 58908; 1088; 989; 150; 58907; 1
2; r; 60829; 1088; 371; 58; 60828; 11
2; r; 71073; 1088; 824; 124; 71072; 2
2; r; 74275; 1088; 956; 146; 74274; 2
2; r; 76196; 1088; 1004; 155; 76195; 9
2; r; 76836; 1088; 856; 129; 76835; 3
2; r; 79397; 1088; 752; 113; 79396; 5
2; r; 81318; 1088; 630; 99; 81317; 13
2; r; 89001; 1088; 445; 75; 89000; 6
2; r; 101167; 1088; 843; 128; 101166; 3
2; r; 103728; 1088; 769; 117; 103727; 11
2; r; 104368; 1088; 207; 26; 104367; 10
2; r; 105009; 1088; 806; 121; 105008; 15
2; r; 108851; 1088; 188; 23; 108850; 9
2; r; 112053; 1088; 871; 130; 112052; 6
2; r; 115255; 1088; 585; 90; 115254; 8
2; r; 117176; 1088; 559; 86; 117175; 4
2; r; 122300; 1088; 613; 96; 122299; 6
2; r; 131907; 1088; 941; 144; 131906; 5
2; r; 133188; 1088; 916; 138; 133187; 5
2; r; 137030; 1088; 942; 145; 137029; 7
2; r; 140873; 1088; 1043; 160; 140872; 6
2; r; 142155; 1088; 527; 79; 142154; 3
2; r; 148559; 1088; 993; 152; 148558; 8
2; r; 151761; 1088; 908; 136; 151760; 5
2; r; 156244; 1088; 1082; 165; 156243; 4
2; r; 160727; 1088; 713; 111; 160726; 7
2; r; 163929; 1088; 357; 53; 163928; 11
2; r; 170973; 1088; 885; 134; 170972; 6
2; r; 174816; 1088; 245; 33; 174815; 8
2; r; 185703; 1088; 601; 94; 185702; 8
2; r; 188265; 1088; 1042; 159; 188264; 8
2; r; 190827; 1088; 421; 72; 190826; 6
2; r; 192749; 1088; 767; 116; 192748; 11
2; r; 195311; 1088; 276; 39; 195310; 10
2; r; 197873; 1088; 774; 118; 197872; 6
2; r; 198513; 1088; 929; 141; 198512; 9
2; r; 199794; 1088; 317; 46; 199793; 12
2; r; 202997; 1088; 271; 38; 202996; 17
2; r; 204278; 1088; 292; 41; 204277; 7
2; r; 206840; 1088; 926; 140; 206839; 11
2; r; 213885; 1088; 539; 81; 213884; 12
2; r; 215167; 1088; 106; 11; 215166; 16
2; r; 217729; 1088; 240; 32; 217728; 10
2; r; 220291; 1088; 1064; 162; 220290; 10
2; r; 220932; 1088; 436; 73; 220931; 14
2; r; 221573; 1088; 1071; 164; 221572; 9
2; r; 222854; 1088; 972; 149; 222853; 4
2; r; 225417; 1088; 88; 8; 225416; 12
2; r; 226058; 1088; 682; 107; 226057; 9
2; r; 227980; 1088; 277; 40; 227979; 15
2; r; 229261; 1088; 350; 50; 229260; 7
2; r; 636042; 1088; 990; 151; 636041; 17
2; r; 639884; 1088; 939; 143; 639883; 16
2; r; 641806; 1088; 1065; 163; 641805; 28
2; r; 643087; 1088; 351; 51; 643086; 18
2; r; 648852; 1088; 814; 122; 648851; 15
2; r; 652055; 1088; 109; 12; 652054; 15
2; r; 653976; 1088; 125; 14; 653975; 19
2; r; 656537; 1088; 566; 87; 656536; 16
2; r; 666783; 1088; 659; 105; 666782; 12
2; r; 678310; 1088; 873; 131; 678309; 14
2; r; 678950; 1088; 98; 10; 678949; 16
2; r; 682153; 1088; 930; 142; 682152; 27
2; r; 689838; 1088; 441; 74; 689837; 21
2; r; 691118; 1088; 570; 88; 691117; 22
2; r; 692399; 1088; 412; 70; 692398; 16
2; r; 702004; 1088; 673; 106; 702003; 14
2; r; 715454; 1088; 212; 27; 715453; 19
2; r; 719937; 1088; 996; 153; 719936; 23
2; r; 726341; 1088; 176; 21; 726340; 16
2; r; 735947; 1088; 393; 63; 735946; 19
2; r; 741070; 1088; 467; 78; 741069; 23
2; r; 748115; 1088; 760; 115; 748114; 19
2; r; 751318; 1088; 147; 16; 751317; 27
2; r; 752599; 1088; 583; 89; 752598; 27
2; r; 753239; 1088; 218; 28; 753238; 16
2; r; 766047; 1088; 379; 60; 766046; 15
2; r; 770530; 1088; 709; 110; 770529; 25
2; r; 773092; 1088; 301; 42; 773091; 26
2; r; 778215; 1088; 402; 67; 778214; 20
2; r; 780136; 1088; 842; 127; 780135; 19
2; r; 782698; 1088; 67; 3; 782697; 16
2; r; 783338; 1088; 256; 36; 783337; 17
2; r; 785900; 1088; 329; 49; 785899; 29
2; r; 792945; 1088; 87; 7; 792944; 16
2; r; 796147; 1088; 534; 80; 796146; 19
2; r; 801271; 1088; 226; 29; 801270; 18
2; r; 805753; 1088; 326; 48; 805752; 16
2; r; 808316; 1088; 164; 19; 808315; 16
2; r; 809597; 1088; 705; 109; 809596; 26
2; r; 810878; 1088; 632; 100; 810877; 21
2; r; 813440; 1088; 400; 66; 813439; 29
2; r; 814721; 1088; 302; 43; 814720; 20
2; r; 817283; 1088; 644; 102; 817282; 19
2; r; 823688; 1088; 989; 313; 23687; 1
2; r; 828171; 1088; 462; 77; 828170; 30
2; r; 836497; 1088; 363; 55; 836496; 20
2; r; 844823; 1088; 1082; 329; 44822; 1
2; r; 848025; 1088; 854; 296; 48024; 2
2; r; 853790; 1088; 381; 61; 853789; 21
2; r; 855071; 1088; 846; 295; 55070; 3
2; r; 856352; 1088; 919; 304; 56351; 1
2; r; 858913; 1088; 757; 279; 58912; 3
2; r; 864037; 1088; 752; 278; 64036; 5
2; r; 865958; 1088; 321; 47; 865957; 21
2; r; 870441; 1088; 1084; 331; 70440; 3
2; r; 871722; 1088; 803; 286; 71721; 5
2; r; 874284; 1088; 366; 56; 874283; 28
2; r; 875565; 1088; 798; 285; 75564; 7
2; r; 880689; 1088; 1087; 332; 80688; 1
2; r; 884532; 1088; 237; 31; 884531; 26
2; r; 885813; 1088; 888; 302; 85812; 2
2; r; 887094; 1088; 895; 135; 887093; 22
2; r; 888375; 1088; 887; 301; 88374; 3
2; r; 890296; 1088; 587; 91; 890295; 23
2; r; 892218; 1088; 523; 248; 92217; 7
2; r; 896061; 1088; 725; 275; 96060; 3
2; r; 896702; 1088; 868; 298; 96701; 6
2; r; 901826; 1088; 812; 289; 101825; 4
2; r; 908871; 1088; 819; 291; 108870; 5
2; r; 910152; 1088; 937; 311; 110151; 6
2; r; 913354; 1088; 1080; 328; 113353; 3
2; r; 914635; 1088; 842; 294; 114634; 4
2; r; 919759; 1088; 924; 305; 119758; 7
2; r; 930006; 1088; 782; 282; 130005; 2
2; r; 931287; 1088; 459; 238; 131286; 8
2; r; 937051; 1088; 1083; 330; 137050; 4
2; r; 937691; 1088; 49; 171; 137690; 9
2; r; 941534; 1088; 1039; 158; 941533; 23
2; r; 942815; 1088; 466; 239; 142814; 9
2; r; 943456; 1088; 590; 257; 143455; 5
2; r; 946018; 1088; 485; 241; 146017; 5
2; r; 949861; 1088; 60; 173; 149860; 13
2; r; 951783; 1088; 668; 265; 151782; 8
2; r; 964592; 1088; 858; 297; 164591; 16
2; r; 970356; 1088; 591; 258; 170355; 5
2; r; 972918; 1088; 637; 264; 172917; 10
2; r; 979963; 1088; 242; 205; 179962; 11
2; r; 983166; 1088; 882; 300; 183165; 4
2; r; 993413; 1088; 1034; 323; 193412; 11
2; r; 999178; 1088; 507; 246; 199177; 9
2; r; 1000459; 1088; 379; 228; 200458; 8
2; r; 1005583; 1088; 281; 212; 205582; 13
2; r; 1009426; 1088; 389; 230; 209425; 7
2; r; 1016472; 1088; 701; 271; 216471; 8
2; r; 1022236; 1088; 160; 192; 222235; 11
2; r; 1023517; 1088; 602; 259; 223516; 6
2; r; 1025439; 1088; 467; 240; 225438; 13
2; r; 1027361; 1088; 678; 267; 227360; 9
2; r; 1032485; 1088; 381; 229; 232484; 12
2; r; 1437699; 1088; 614; 261; 637698; 14
2; r; 1440901; 1088; 561; 253; 640900; 22
2; r; 1446024; 1088; 406; 68; 1446023; 28
2; r; 1449866; 1088; 270; 210; 649865; 19
2; r; 1450507; 1088; 676; 266; 650506; 12
2; r; 1458193; 1088; 153; 190; 658192; 10
2; r; 1461395; 1088; 405; 233; 661394; 13
2; r; 1463316; 1088; 609; 260; 663315; 14
2; r; 1466519; 1088; 839; 126; 1466518; 32
2; r; 1467800; 1088; 198; 199; 667799; 21
2; r; 1471002; 1088; 637; 101; 1471001; 28
2; r; 1474204; 1088; 96; 182; 674203; 15
2; r; 1477407; 1088; 1000; 316; 677406; 13
2; r; 1481250; 1088; 9; 168; 681249; 13
2; r; 1487014; 1088; 706; 272; 687013; 16
2; r; 1489576; 1088; 403; 232; 689575; 16
2; r; 1494059; 1088; 1026; 321; 694058; 11
2; r; 1495340; 1088; 814; 290; 695339; 18
2; r; 1496621; 1088; 536; 251; 696620; 19
2; r; 1500464; 1088; 721; 274; 700463; 13
2; r; 1501104; 1088; 569; 255; 701103; 14
2; r; 1502385; 1088; 502; 245; 702384; 18
2; r; 1505587; 1088; 524; 249; 705586; 17
2; r; 1506868; 1088; 229; 202; 706867; 14
2; r; 1512632; 1088; 835; 293; 712631; 18
2; r; 1515834; 1088; 90; 179; 715833; 13
2; r; 1516475; 1088; 95; 181; 716474; 8
2; r; 1520318; 1088; 136; 188; 720317; 20
2; r; 1526082; 1088; 811; 288; 726081; 16
2; r; 1534408; 1088; 682; 268; 734407; 13
2; r; 1543374; 1088; 336; 222; 743373; 15
2; r; 1555543; 1088; 70; 175; 755542; 19
2; r; 1559386; 1088; 359; 225; 759385; 16
2; r; 1563869; 1088; 335; 221; 763868; 25
2; r; 1565150; 1088; 205; 200; 765149; 17
2; r; 1567071; 1088; 181; 196; 767070; 13
2; r; 1569633; 1088; 366; 226; 769632; 16
2; r; 1575397; 1088; 109; 183; 775396; 11
2; r; 1577319; 1088; 996; 314; 777318; 24
2; r; 1581162; 1088; 395; 231; 781161; 16
2; r; 1583724; 1088; 1029; 322; 783723; 15
2; r; 1585645; 1088; 786; 283; 785644; 7
2; r; 1590128; 1088; 135; 187; 790127; 14
2; r; 1592049; 1088; 170; 194; 792048; 15
2; r; 1597813; 1088; 117; 185; 797812; 21
2; r; 1601015; 1088; 930; 309; 801014; 14
2; r; 1602296; 1088; 1039; 324; 802295; 16
2; r; 1608060; 1088; 416; 236; 808059; 17
2; r; 1610622; 1088; 926; 307; 810621; 16
2; r; 1619587; 1088; 314; 217; 819586; 10
2; r; 1620868; 1088; 345; 223; 820867; 14
2; r; 1636238; 1088; 333; 220; 836237; 17
2; r; 1640081; 1088; 529; 250; 840080; 16
2; r; 1642643; 1088; 373; 227; 842642; 14
2; r; 1645205; 1088; 900; 303; 845204; 23
2; r; 1647767; 1088; 288; 213; 847766; 18
2; r; 1654171; 1088; 183; 197; 854170; 15
2; r; 1659295; 1088; 408; 234; 859294; 21
2; r; 1660576; 1088; 322; 218; 860575; 13
2; r; 1661857; 1088; 212; 201; 861856; 19
2; r; 1666340; 1088; 692; 270; 866339; 18
2; r; 1668903; 1088; 243; 206; 868902; 19
2; r; 1670184; 1088; 809; 287; 870183; 9
2; r; 1674027; 1088; 997; 315; 874026; 16
2; r; 1681073; 1088; 196; 198; 881072; 23
2; r; 1683635; 1088; 355; 224; 883634; 20
2; r; 1688117; 1088; 1074; 326; 888116; 18
2; r; 1691320; 1088; 575; 256; 891319; 21
2; r; 1693882; 1088; 776; 281; 893881; 23
2; r; 1695163; 1088; 933; 310; 895162; 22
2; r; 1699006; 1088; 929; 308; 899005; 17
2; r; 1700287; 1088; 165; 193; 900286; 26
2; r; 1702849; 1088; 925; 306; 902848; 20
2; r; 1706692; 1088; 257; 209; 906691; 20
2; r; 1716940; 1088; 58; 172; 916939; 22
2; r; 1717581; 1088; 795; 284; 917580; 23
2; r; 1718862; 1088; 1076; 327; 918861; 21
2; r; 1720784; 1088; 87; 177; 920783; 21
2; r; 1727189; 1088; 85; 176; 927188; 19
2; r; 1737438; 1088; 324; 219; 937437; 18
2; r; 1740001; 1088; 155; 191; 940000; 26
2; r; 1742564; 1088; 494; 243; 942563; 20
2; r; 1744486; 1088; 730; 276; 944485; 23
2; r; 1745768; 1088; 630; 263; 945767; 33
2; r; 1747690; 1088; 516; 247; 947689; 19
2; r; 1762428; 1088; 538; 252; 962427; 18
2; r; 1769476; 1088; 415; 235; 969475; 31
2; r; 1774606; 1088; 1001; 317; 974605; 24
3; r; 4482; 1088; 1044; 160; 4481; 2
3; r; 8963; 1088; 966; 146; 8962; 6
3; r; 12164; 1088; 221; 27; 12163; 7
3; r; 15365; 1088; 1022; 156; 15364; 1
3; r; 21128; 1088; 519; 75; 21127; 7
3; r; 26891; 1088; 852; 129; 26890; 4
3; r; 27531; 1088; 887; 133; 27530; 2
3; r; 28172; 1088; 682; 102; 28171; 3
3; r; 36495; 1088; 1041; 159; 36494; 3
3; r; 45458; 1088; 494; 68; 45457; 4
3; r; 49940; 1088; 407; 59; 49939; 10
3; r; 59545; 1088; 160; 20; 59544; 7
3; r; 60826; 1088; 741; 112; 60825; 5
3; r; 72351; 1088; 1087; 166; 72350; 2
3; r; 74272; 1088; 956; 143; 74271; 1
3; r; 80675; 1088; 916; 138; 80674; 3
3; r; 83877; 1088; 613; 89; 83876; 3
3; r; 85158; 1088; 456; 63; 85157; 8
3; r; 90281; 1088; 884; 132; 90280; 2
3; r; 90921; 1088; 824; 127; 90920; 4
3; r; 95403; 1088; 709; 106; 95402; 6
3; r; 97965; 1088; 690; 103; 97964; 4
3; r; 99246; 1088; 331; 47; 99245; 10
3; r; 108851; 1088; 823; 126; 108850; 2
3; r; 110772; 1088; 1072; 165; 110771; 7
3; r; 112693; 1088; 719; 110; 112692; 4
3; r; 124861; 1088; 25; 3; 124860; 9
3; r; 126782; 1088; 505; 70; 126781; 8
3; r; 132546; 1088; 1033; 158; 132545; 13
3; r; 135748; 1088; 900; 136; 135747; 7
3; r; 137670; 1088; 46; 4; 137669; 11
3; r; 144074; 1088; 897; 135; 144073; 10
3; r; 153041; 1088; 24; 2; 153040; 12
3; r; 160726; 1088; 440; 62; 160725; 8
3; r; 162647; 1088; 184; 22; 162646; 10
3; r; 163928; 1088; 522; 76; 163927; 5
3; r; 169692; 1088; 348; 50; 169691; 13
3; r; 174175; 1088; 509; 71; 174174; 8
3; r; 176097; 1088; 981; 148; 176096; 3
3; r; 179300; 1088; 790; 121; 179299; 5
3; r; 179941; 1088; 229; 28; 179940; 13
3; r; 592777; 1088; 159; 19; 592776; 11
3; r; 598541; 1088; 308; 43; 598540; 13
3; r; 604306; 1088; 877; 131; 604305; 22
3; r; 605587; 1088; 756; 116; 605586; 24
3; r; 613274; 1088; 1006; 153; 613273; 12
3; r; 615195; 1088; 200; 23; 615194; 14
3; r; 622239; 1088; 679; 100; 622238; 16
3; r; 624800; 1088; 1016; 155; 624799; 19
3; r; 629284; 1088; 230; 29; 629283; 14
3; r; 630565; 1088; 665; 97; 630564; 18
3; r; 638250; 1088; 858; 130; 638249; 19
3; r; 638891; 1088; 513; 72; 638890; 13
3; r; 642093; 1088; 288; 41; 642092; 21
3; r; 643374; 1088; 806; 123; 643373; 19
3; r; 644015; 1088; 386; 57; 644014; 16
3; r; 647218; 1088; 789; 120; 647217; 13
3; r; 655543; 1088; 267; 35; 655542; 17
3; r; 656183; 1088; 551; 80; 656182; 14
3; r; 658744; 1088; 471; 65; 658743; 22
3; r; 665149; 1088; 631; 92; 665148; 17
3; r; 679239; 1088; 710; 107; 679238; 18
3; r; 683081; 1088; 1045; 161; 683080; 10
3; r; 684362; 1088; 725; 111; 684361; 14
3; r; 685002; 1088; 1066; 164; 685001; 24
3; r; 686923; 1088; 367; 55; 686922; 18
3; r; 688845; 1088; 518; 74; 688844; 24
3; r; 704215; 1088; 632; 93; 704214; 11
3; r; 706776; 1088; 649; 95; 706775; 21
3; r; 709338; 1088; 561; 83; 709337; 22
3; r; 713822; 1088; 751; 115; 713821; 9
3; r; 715743; 1088; 239; 30; 715742; 27
3; r; 718304; 1088; 352; 51; 718303; 27
3; r; 721507; 1088; 89; 10; 721506; 15
3; r; 723428; 1088; 92; 11; 723427; 16
3; r; 725989; 1088; 560; 82; 725988; 11
3; r; 729832; 1088; 270; 37; 729831; 23
3; r; 734956; 1088; 909; 137; 734955; 10
3; r; 738158; 1088; 548; 78; 738157; 17
3; r; 740079; 1088; 808; 124; 740078; 24
3; r; 742641; 1088; 680; 101; 742640; 16
3; r; 747765; 1088; 788; 119; 747764; 10
3; r; 751607; 1088; 1000; 151; 751606; 13
3; r; 753528; 1088; 1063; 163; 753527; 18
3; r; 757371; 1088; 344; 49; 757370; 20
3; r; 759932; 1088; 971; 147; 759931; 13
3; r; 765696; 1088; 1026; 157; 765695; 17
3; r; 770179; 1088; 949; 141; 770178; 15
3; r; 774021; 1088; 479; 67; 774020; 25
3; r; 778505; 1088; 603; 88; 778504; 14
3; r; 779145; 1088; 339; 48; 779144; 21
3; r; 779786; 1088; 413; 60; 779785; 16
3; r; 782348; 1088; 918; 139; 782347; 17
3; r; 798357; 1088; 156; 18; 798356; 15
3; r; 799638; 1088; 83; 9; 799637; 18
3; r; 800919; 1088; 468; 64; 800918; 19
3; r; 814369; 1088; 272; 38; 814368; 13
3; r; 816290; 1088; 552; 81; 816289; 21
3; r; 820773; 1088; 74; 7; 820772; 13
3; r; 823975; 1088; 516; 73; 823974; 16
3; r; 824615; 1088; 653; 96; 824614; 23
3; r; 826537; 1088; 993; 150; 826536; 19
3; r; 827817; 1088; 208; 25; 827816; 19
3; r; 828458; 1088; 567; 85; 828457; 14
3; r; 831020; 1088; 405; 58; 831019; 18
3; r; 833582; 1088; 1054; 317; 33581; 1
3; r; 834862; 1088; 558; 257; 34861; 3
3; r; 835503; 1088; 1042; 314; 35502; 3
3; r; 836784; 1088; 501; 69; 836783; 21
3; r; 837424; 1088; 643; 94; 837423; 16
3; r; 841908; 1088; 965; 145; 841907; 19
3; r; 847672; 1088; 821; 289; 47671; 4
3; r; 848953; 1088; 669; 99; 848952; 21
3; r; 850234; 1088; 299; 42; 850233; 20
3; r; 853436; 1088; 971; 305; 53435; 4
3; r; 861122; 1088; 625; 265; 61121; 3
3; r; 866245; 1088; 649; 269; 66244; 6
3; r; 869447; 1088; 755; 283; 69446; 3
3; r; 870088; 1088; 800; 287; 70087; 5
3; r; 873930; 1088; 364; 54; 873929; 23
3; r; 877132; 1088; 1061; 162; 877131; 31
3; r; 880975; 1088; 808; 288; 80974; 6
3; r; 884177; 1088; 538; 254; 84176; 8
3; r; 887379; 1088; 1014; 310; 87378; 3
3; r; 888019; 1088; 681; 275; 88018; 5
3; r; 888660; 1088; 1052; 315; 88659; 2
3; r; 898267; 1088; 957; 144; 898266; 14
3; r; 900829; 1088; 423; 241; 100828; 8
3; r; 902751; 1088; 857; 294; 102750; 3
3; r; 905953; 1088; 58; 178; 105952; 8
3; r; 912997; 1088; 578; 258; 112996; 7
3; r; 915559; 1088; 1016; 311; 115558; 7
3; r; 916199; 1088; 655; 270; 116198; 8
3; r; 922605; 1088; 746; 281; 122604; 7
3; r; 923886; 1088; 592; 261; 123885; 5
3; r; 929650; 1088; 659; 272; 129649; 6
3; r; 936056; 1088; 778; 285; 136055; 9
3; r; 941180; 1088; 327; 223; 141179; 10
3; r; 945023; 1088; 400; 234; 145022; 10
3; r; 946304; 1088; 688; 276; 146303; 5
3; r; 950147; 1088; 930; 302; 150146; 10
3; r; 952069; 1088; 403; 236; 152068; 11
3; r; 952709; 1088; 565; 84; 952708; 24
3; r; 953350; 1088; 15; 168; 153349; 8
3; r; 955912; 1088; 22; 170; 155911; 13
3; r; 963598; 1088; 783; 286; 163597; 7
3; r; 976409; 1088; 157; 198; 176408; 7
3; r; 979611; 1088; 673; 274; 179610; 8
3; r; 983455; 1088; 286; 214; 183454; 9
3; r; 1384911; 1088; 623; 90; 1384910; 28
3; r; 1387473; 1088; 838; 291; 587472; 11
3; r; 1389395; 1088; 130; 196; 589394; 12
3; r; 1390676; 1088; 458; 245; 590675; 13
3; r; 1395160; 1088; 305; 219; 595159; 13
3; r; 1402205; 1088; 248; 208; 602204; 16
3; r; 1417576; 1088; 329; 224; 617575; 9
3; r; 1431027; 1088; 998; 307; 631026; 19
3; r; 1436151; 1088; 131; 197; 636150; 8
3; r; 1439994; 1088; 554; 256; 639993; 14
3; r; 1442556; 1088; 266; 211; 642555; 17
3; r; 1450242; 1088; 260; 210; 650241; 14
3; r; 1455366; 1088; 284; 40; 1455365; 32
3; r; 1457928; 1088; 942; 140; 1457927; 31
3; r; 1461771; 1088; 446; 243; 661770; 13
3; r; 1466895; 1088; 100; 188; 666894; 14
3; r; 1467536; 1088; 965; 304; 667535; 13
3; r; 1483546; 1088; 524; 253; 683545; 15
3; r; 1484827; 1088; 70; 182; 684826; 19
3; r; 1491232; 1088; 113; 191; 691231; 11
3; r; 1498917; 1088; 450; 244; 698916; 15
3; r; 1500198; 1088; 366; 231; 700197; 13
3; r; 1501479; 1088; 725; 279; 701478; 13
3; r; 1502760; 1088; 363; 230; 702759; 10
3; r; 1505961; 1088; 1022; 312; 705960; 15
3; r; 1514287; 1088; 931; 303; 714286; 19
3; r; 1517489; 1088; 701; 277; 717488; 22
3; r; 1519410; 1088; 826; 290; 719409; 17
3; r; 1521332; 1088; 319; 221; 721331; 21
3; r; 1521972; 1088; 67; 180; 721971; 20
3; r; 1527096; 1088; 658; 271; 727095; 15
3; r; 1529658; 1088; 80; 8; 1529657; 29
3; r; 1530939; 1088; 481; 247; 730938; 10
3; r; 1533501; 1088; 174; 200; 733500; 14
3; r; 1535422; 1088; 496; 250; 735421; 12
3; r; 1541186; 1088; 664; 273; 741185; 21
3; r; 1541826; 1088; 850; 293; 741825; 19
3; r; 1552074; 1088; 227; 206; 752073; 11
3; r; 1555917; 1088; 607; 263; 755916; 18
3; r; 1558478; 1088; 332; 225; 758477; 14
3; r; 1559759; 1088; 179; 201; 759758; 22
3; r; 1562961; 1088; 40; 176; 762960; 16
3; r; 1565522; 1088; 306; 220; 765521; 18
3; r; 1568724; 1088; 255; 209; 768723; 23
3; r; 1575129; 1088; 411; 240; 775128; 22
3; r; 1577691; 1088; 892; 298; 777690; 11
3; r; 1578972; 1088; 405; 238; 778971; 16
3; r; 1580894; 1088; 404; 237; 780893; 16
3; r; 1581534; 1088; 78; 185; 781533; 21
3; r; 1583456; 1088; 20; 169; 783455; 15
3; r; 1586658; 1088; 10; 167; 786657; 16
3; r; 1589860; 1088; 1008; 309; 789859; 15
3; r; 1591140; 1088; 73; 184; 791139; 15
3; r; 1592421; 1088; 353; 228; 792420; 14
3; r; 1593702; 1088; 320; 222; 793701; 16
3; r; 1594983; 1088; 1037; 313; 794982; 11
3; r; 1598185; 1088; 272; 212; 798184; 20
3; r; 1604590; 1088; 493; 249; 804589; 18
3; r; 1609073; 1088; 98; 187; 809072; 14
3; r; 1612916; 1088; 624; 264; 812915; 16
3; r; 1614197; 1088; 541; 255; 814196; 20
3; r; 1615478; 1088; 297; 216; 815477; 14
3; r; 1616759; 1088; 71; 183; 816758; 15
3; r; 1630208; 1088; 36; 175; 830207; 18
3; r; 1634051; 1088; 462; 246; 834050; 14
3; r; 1639815; 1088; 585; 260; 839814; 25
3; r; 1641096; 1088; 201; 205; 841095; 14
3; r; 1653906; 1088; 15; 0; 1653905; 34
3; r; 1656468; 1088; 29; 173; 856467; 15
3; r; 1659030; 1088; 30; 174; 859029; 15
3; r; 1660951; 1088; 1004; 308; 860950; 22
3; r; 1662232; 1088; 106; 190; 862231; 25
3; r; 1663513; 1088; 401; 235; 863512; 18
3; r; 1666715; 1088; 262; 34; 1666714; 37
3; r; 1669277; 1088; 641; 267; 869276; 24
3; r; 1669917; 1088; 300; 218; 869916; 19
3; r; 1671839; 1088; 69; 181; 871838; 20
3; r; 1680166; 1088; 843; 292; 880165; 22
3; r; 1682088; 1088; 604; 262; 882087; 17
3; r; 1683369; 1088; 90; 186; 883368; 14
3; r; 1687212; 1088; 743; 280; 887211; 23
3; r; 1688493; 1088; 231; 207; 888492; 18
3; r; 1689774; 1088; 296; 215; 889773; 20
3; r; 1693617; 1088; 702; 278; 893616; 16
3; r; 1703866; 1088; 126; 195; 903865; 24
3; r; 1708991; 1088; 371; 232; 908990; 22
3; r; 1710913; 1088; 429; 242; 910912; 18
3; r; 1713475; 1088; 858; 295; 913474; 18
3; r; 1714756; 1088; 51; 177; 914755; 21
3; r; 1717319; 1088; 118; 192; 917318; 22
3; r; 1722444; 1088; 164; 199; 922443; 23
3; r; 1726287; 1088; 27; 172; 926286; 19
3; r; 1728210; 1088; 492; 248; 928209; 24
3; r; 1730132; 1088; 627; 266; 930131; 21
3; r; 1733978; 1088; 340; 226; 933977; 20
3; r; 1737182; 1088; 894; 299; 937181; 21
3; r; 1744232; 1088; 859; 296; 944231; 17
3; r; 1758330; 1088; 389; 233; 958329; 27
3; r; 2183983; 1088; 983; 306; 1361562; 25
3; r; 2219863; 1088; 924; 301; 1419862; 27
3; r; 2241005; 1088; 513; 251; 1441004; 33
3; r; 2262150; 1088; 183; 202; 1462149; 30
4; r; 2561; 1088; 784; 128; 2560; 5
4; r; 7043; 1088; 887; 144; 7042; 2
4; r; 9604; 1088; 1005; 162; 9603; 4
4; r; 17927; 1088; 1049; 165; 17926; 1
4; r; 34574; 1088; 293; 45; 34573; 6
4; r; 40976; 1088; 819; 134; 40975; 2
4; r; 46099; 1088; 1052; 166; 46098; 1
4; r; 50581; 1088; 951; 156; 50580; 3
4; r; 51221; 1088; 1077; 167; 51220; 3
4; r; 55703; 1088; 804; 132; 55702; 6
4; r; 64667; 1088; 122; 15; 64666; 11
4; r; 67228; 1088; 312; 49; 67227; 17
4; r; 71070; 1088; 850; 140; 71069; 2
4; r; 77473; 1088; 1018; 163; 77472; 2
4; r; 81955; 1088; 823; 135; 81954; 2
4; r; 91560; 1088; 946; 155; 91559; 3
4; r; 95403; 1088; 817; 133; 95402; 4
4; r; 97965; 1088; 501; 85; 97964; 7
4; r; 101167; 1088; 918; 151; 101166; 5
4; r; 111414; 1088; 112; 14; 111413; 15
4; r; 113976; 1088; 395; 68; 113975; 4
4; r; 115898; 1088; 858; 141; 115897; 14
4; r; 117179; 1088; 685; 113; 117178; 6
4; r; 126144; 1088; 243; 39; 126143; 13
4; r; 129986; 1088; 909; 148; 129985; 8
4; r; 131267; 1088; 359; 54; 131266; 5
4; r; 134469; 1088; 607; 102; 134468; 9
4; r; 135750; 1088; 745; 122; 135749; 8
4; r; 138312; 1088; 390; 66; 138311; 7
4; r; 143435; 1088; 926; 152; 143434; 10
4; r; 144716; 1088; 150; 19; 144715; 11
4; r; 153043; 1088; 417; 72; 153042; 7
4; r; 155605; 1088; 521; 87; 155604; 4
4; r; 156886; 1088; 758; 124; 156885; 5
4; r; 160729; 1088; 635; 106; 160728; 9
4; r; 162010; 1088; 470; 77; 162009; 19
4; r; 163291; 1088; 401; 70; 163290; 16
4; r; 165212; 1088; 912; 149; 165211; 7
4; r; 168415; 1088; 82; 8; 168414; 10
4; r; 170336; 1088; 500; 84; 170335; 9
4; r; 170976; 1088; 600; 100; 170975; 10
4; r; 171617; 1088; 991; 161; 171616; 14
4; r; 177382; 1088; 961; 157; 177381; 12
4; r; 188271; 1088; 519; 86; 188270; 9
4; r; 198519; 1088; 264; 42; 198518; 15
4; r; 205564; 1088; 734; 121; 205563; 12
4; r; 219015; 1088; 374; 61; 219014; 14
4; r; 221578; 1088; 137; 16; 221577; 15
4; r; 222859; 1088; 577; 96; 222858; 8
4; r; 227983; 1088; 699; 114; 227982; 15
4; r; 231826; 1088; 227; 33; 231825; 12
4; r; 234388; 1088; 65; 4; 234387; 12
4; r; 240153; 1088; 258; 41; 240152; 13
4; r; 240793; 1088; 835; 137; 240792; 12
4; r; 243996; 1088; 493; 81; 243995; 17
4; r; 247199; 1088; 12; 0; 247198; 14
4; r; 249761; 1088; 719; 118; 249760; 18
4; r; 251042; 1088; 254; 40; 251041; 18
4; r; 258090; 1088; 532; 89; 258089; 12
4; r; 258731; 1088; 801; 131; 258730; 16
4; r; 261934; 1088; 76; 7; 261933; 17
4; r; 262575; 1088; 385; 63; 262574; 17
4; r; 264497; 1088; 474; 78; 264496; 11
4; r; 267059; 1088; 238; 37; 267058; 17
4; r; 270902; 1088; 846; 139; 270901; 10
4; r; 289479; 1088; 588; 98; 289478; 9
4; r; 290120; 1088; 975; 159; 290119; 15
4; r; 297166; 1088; 140; 18; 297165; 11
4; r; 301651; 1088; 539; 91; 301650; 17
4; r; 305497; 1088; 232; 35; 305496; 16
4; r; 308700; 1088; 797; 130; 308699; 17
4; r; 327919; 1088; 363; 55; 327918; 14
4; r; 342015; 1088; 824; 136; 342014; 19
4; r; 767460; 1088; 207; 28; 767459; 21
4; r; 770662; 1088; 596; 99; 770661; 17
4; r; 773863; 1088; 367; 57; 773862; 17
4; r; 776425; 1088; 230; 34; 776424; 21
4; r; 784751; 1088; 1079; 169; 784750; 21
4; r; 787953; 1088; 770; 126; 787952; 17
4; r; 791155; 1088; 888; 145; 791154; 27
4; r; 792436; 1088; 394; 67; 792435; 14
4; r; 793717; 1088; 27; 1; 793716; 23
4; r; 794998; 1088; 174; 25; 794997; 28
4; r; 795639; 1088; 70; 5; 795638; 20
4; r; 796920; 1088; 240; 38; 796919; 23
4; r; 798841; 1088; 423; 73; 798840; 20
4; r; 803323; 1088; 101; 13; 803322; 17
4; r; 805885; 1088; 712; 115; 805884; 20
4; r; 809728; 1088; 962; 158; 809727; 17
4; r; 814211; 1088; 666; 109; 814210; 21
4; r; 816133; 1088; 529; 88; 816132; 18
4; r; 816773; 1088; 175; 26; 816772; 21
4; r; 821896; 1088; 235; 36; 821895; 19
4; r; 824458; 1088; 205; 27; 824457; 26
4; r; 830863; 1088; 358; 53; 830862; 20
4; r; 834706; 1088; 47; 3; 834705; 19
4; r; 837268; 1088; 602; 101; 837267; 25
4; r; 839830; 1088; 167; 23; 839829; 17
4; r; 843032; 1088; 711; 268; 43031; 4
4; r; 845594; 1088; 786; 278; 45593; 2
4; r; 846235; 1088; 918; 297; 46234; 2
4; r; 850078; 1088; 923; 298; 50077; 1
4; r; 850719; 1088; 852; 293; 50718; 2
4; r; 852640; 1088; 788; 279; 52639; 2
4; r; 856483; 1088; 779; 277; 56482; 4
4; r; 857764; 1088; 83; 9; 857763; 13
4; r; 859686; 1088; 908; 296; 59685; 5
4; r; 860967; 1088; 447; 240; 60966; 5
4; r; 864809; 1088; 848; 291; 64808; 2
4; r; 868651; 1088; 850; 292; 68650; 2
4; r; 873133; 1088; 539; 247; 73132; 7
4; r; 882100; 1088; 334; 51; 882099; 27
4; r; 886583; 1088; 714; 269; 86582; 4
4; r; 892348; 1088; 723; 270; 92347; 8
4; r; 894269; 1088; 1034; 313; 94268; 6
4; r; 901955; 1088; 657; 261; 101954; 3
4; r; 909640; 1088; 978; 304; 109639; 4
4; r; 917965; 1088; 52; 175; 117964; 14
4; r; 919246; 1088; 109; 185; 119245; 12
4; r; 921808; 1088; 789; 280; 121807; 6
4; r; 925650; 1088; 708; 267; 125649; 6
4; r; 926931; 1088; 373; 227; 126930; 11
4; r; 928212; 1088; 96; 11; 928211; 22
4; r; 932696; 1088; 668; 263; 132695; 9
4; r; 933977; 1088; 322; 222; 133976; 7
4; r; 953190; 1088; 1077; 319; 153189; 3
4; r; 954470; 1088; 307; 219; 154469; 9
4; r; 956392; 1088; 586; 253; 156391; 5
4; r; 959594; 1088; 1073; 318; 159593; 5
4; r; 960875; 1088; 318; 221; 160874; 6
4; r; 962796; 1088; 570; 250; 162795; 10
4; r; 972403; 1088; 555; 248; 172402; 8
4; r; 973044; 1088; 1027; 311; 173043; 7
4; r; 973685; 1088; 813; 285; 173684; 4
4; r; 978170; 1088; 620; 256; 178169; 6
4; r; 980732; 1088; 725; 272; 180731; 7
4; r; 989059; 1088; 1033; 312; 189058; 8
4; r; 996105; 1088; 233; 207; 196104; 12
4; r; 998027; 1088; 998; 308; 198026; 10
4; r; 1002510; 1088; 961; 303; 202509; 15
4; r; 1003150; 1088; 214; 204; 203149; 11
4; r; 1010838; 1088; 583; 251; 210837; 7
4; r; 1021727; 1088; 537; 246; 221726; 10
4; r; 1023649; 1088; 832; 287; 223648; 10
4; r; 1031335; 1088; 53; 176; 231334; 11
4; r; 1050553; 1088; 763; 276; 250552; 12
4; r; 1051194; 1088; 1068; 317; 251193; 8
4; r; 1057599; 1088; 410; 233; 257598; 11
4; r; 1058880; 1088; 343; 223; 258879; 10
4; r; 1071051; 1088; 1058; 316; 271050; 8
4; r; 1072332; 1088; 605; 255; 272331; 14
4; r; 1076176; 1088; 413; 234; 276175; 16
4; r; 1076816; 1088; 306; 218; 276815; 15
4; r; 1090911; 1088; 402; 231; 290910; 11
4; r; 1093474; 1088; 256; 212; 293473; 10
4; r; 1094115; 1088; 157; 196; 294114; 12
4; r; 1104366; 1088; 102; 184; 304365; 14
4; r; 1109491; 1088; 380; 229; 309490; 10
4; r; 1110772; 1088; 374; 228; 310771; 9
4; r; 1122945; 1088; 424; 238; 322944; 11
4; r; 1124226; 1088; 631; 257; 324225; 10
4; r; 1129351; 1088; 794; 281; 329350; 8
4; r; 1143448; 1088; 700; 266; 343447; 14
4; r; 1149215; 1088; 643; 260; 349214; 14
4; r; 1156904; 1088; 100; 182; 356903; 13
4; r; 1565542; 1088; 568; 249; 765541; 23
4; r; 1566823; 1088; 839; 289; 766822; 12
4; r; 1568744; 1088; 957; 302; 768743; 20
4; r; 1577711; 1088; 136; 192; 777710; 13
4; r; 1578992; 1088; 1040; 315; 778991; 19
4; r; 1580273; 1088; 446; 239; 780272; 21
4; r; 1595644; 1088; 262; 214; 795643; 9
4; r; 1598846; 1088; 364; 226; 798845; 18
4; r; 1599486; 1088; 858; 294; 799485; 17
4; r; 1600127; 1088; 242; 210; 800126; 18
4; r; 1601408; 1088; 68; 178; 801407; 20
4; r; 1611014; 1088; 420; 236; 811013; 18
4; r; 1616137; 1088; 260; 213; 816136; 14
4; r; 1617418; 1088; 241; 209; 817417; 16
4; r; 1620620; 1088; 642; 259; 820619; 18
4; r; 1621261; 1088; 206; 202; 821260; 19
4; r; 1626385; 1088; 536; 245; 826384; 18
4; r; 1629587; 1088; 864; 295; 829586; 19
4; r; 1632148; 1088; 141; 194; 832147; 14
4; r; 1634710; 1088; 735; 274; 834709; 19
4; r; 1635991; 1088; 274; 215; 835990; 16
4; r; 1636631; 1088; 1012; 309; 836630; 12
4; r; 1637272; 1088; 423; 237; 837271; 22
4; r; 1646237; 1088; 799; 282; 846236; 20
4; r; 1647518; 1088; 224; 205; 847517; 18
4; r; 1650080; 1088; 194; 201; 850079; 12
4; r; 1651361; 1088; 101; 183; 851360; 24
4; r; 1653923; 1088; 118; 187; 853922; 23
4; r; 1659688; 1088; 811; 284; 859687; 17
4; r; 1660969; 1088; 405; 232; 860968; 17
4; r; 1664171; 1088; 360; 225; 864170; 20
4; r; 1664812; 1088; 27; 173; 864811; 14
4; r; 1669296; 1088; 354; 224; 869295; 15
4; r; 1672498; 1088; 825; 286; 872497; 15
4; r; 1691712; 1088; 684; 264; 891711; 16
4; r; 1698118; 1088; 809; 283; 898117; 20
4; r; 1700680; 1088; 114; 186; 900679; 24
4; r; 1703242; 1088; 1035; 314; 903241; 14
4; r; 1704524; 1088; 523; 243; 904523; 29
4; r; 1705165; 1088; 838; 288; 905164; 23
4; r; 1712853; 1088; 662; 262; 912852; 20
4; r; 1714134; 1088; 692; 265; 914133; 16
4; r; 1714775; 1088; 452; 241; 914774; 27
4; r; 1717978; 1088; 83; 180; 917977; 18
4; r; 1722463; 1088; 6; 171; 922462; 20
4; r; 1726308; 1088; 160; 197; 926307; 20
4; r; 1727589; 1088; 731; 273; 927588; 23
4; r; 1728230; 1088; 0; 170; 928229; 16
4; r; 1729511; 1088; 143; 195; 929510; 24
4; r; 1730792; 1088; 927; 299; 930791; 20
4; r; 1735918; 1088; 19; 172; 935917; 29
4; r; 1785276; 1088; 416; 235; 985275; 31
5; r; 6403; 1088; 955; 150; 6402; 1
5; r; 11524; 1088; 680; 108; 11523; 5
5; r; 14085; 1088; 951; 149; 14084; 1
5; r; 21127; 1088; 879; 136; 21126; 3
5; r; 23689; 1088; 714; 115; 23688; 6
5; r; 26890; 1088; 653; 102; 26889; 3
5; r; 28811; 1088; 877; 135; 28810; 4
5; r; 34574; 1088; 720; 117; 34573; 3
5; r; 36495; 1088; 804; 126; 36494; 7
5; r; 40337; 1088; 981; 153; 40336; 4
5; r; 442776; 1088; 1054; 161; 442775; 3
5; r; 444699; 1088; 757; 118; 444698; 3
5; r; 453671; 1088; 422; 77; 453670; 5
5; r; 458797; 1088; 883; 137; 458796; 2
5; r; 460719; 1088; 922; 145; 460718; 1
5; r; 462000; 1088; 265; 43; 461999; 12
5; r; 497881; 1088; 185; 27; 497880; 10
5; r; 502366; 1088; 857; 133; 502365; 8
5; r; 517740; 1088; 357; 64; 517739; 22
5; r; 519662; 1088; 336; 56; 519661; 11
5; r; 524788; 1088; 588; 95; 524787; 16
5; r; 527350; 1088; 204; 33; 527349; 15
5; r; 565786; 1088; 912; 144; 565785; 21
5; r; 569629; 1088; 343; 59; 569628; 20
5; r; 582440; 1088; 447; 80; 582439; 13
5; r; 602935; 1088; 152; 25; 602934; 15
5; r; 605497; 1088; 363; 65; 605496; 14
5; r; 617666; 1088; 348; 61; 617665; 16
5; r; 618947; 1088; 681; 109; 618946; 15
5; r; 619588; 1088; 141; 24; 619587; 20
5; r; 633678; 1088; 782; 122; 633677; 10
5; r; 636240; 1088; 340; 58; 636239; 17
5; r; 645206; 1088; 352; 62; 645205; 26
5; r; 646487; 1088; 320; 54; 646486; 12
5; r; 647767; 1088; 404; 75; 647766; 15
5; r; 649689; 1088; 200; 32; 649688; 18
5; r; 666979; 1088; 60; 12; 666978; 26
5; r; 678508; 1088; 1066; 162; 678507; 24
5; r; 679789; 1088; 295; 49; 679788; 11
5; r; 680430; 1088; 499; 84; 680429; 25
5; r; 684273; 1088; 365; 66; 684272; 14
5; r; 686194; 1088; 419; 76; 686193; 27
5; r; 688115; 1088; 168; 26; 688114; 19
5; r; 696440; 1088; 21; 3; 696439; 20
5; r; 699003; 1088; 267; 44; 699002; 15
5; r; 706687; 1088; 1033; 158; 706686; 18
5; r; 710529; 1088; 669; 105; 710528; 16
5; r; 718853; 1088; 435; 79; 718852; 19
5; r; 720774; 1088; 717; 116; 720773; 9
5; r; 724616; 1088; 112; 19; 724615; 16
5; r; 732940; 1088; 211; 34; 732939; 16
5; r; 734221; 1088; 557; 91; 734220; 20
5; r; 735502; 1088; 664; 103; 735501; 19
5; r; 736783; 1088; 670; 106; 736782; 19
5; r; 757917; 1088; 106; 18; 757916; 14
5; r; 759198; 1088; 903; 141; 759197; 24
5; r; 775207; 1088; 13; 2; 775206; 18
5; r; 776488; 1088; 291; 47; 776487; 22
5; r; 777769; 1088; 667; 104; 777768; 20
5; r; 787375; 1088; 115; 20; 787374; 25
5; r; 789296; 1088; 813; 127; 789295; 7
5; r; 791217; 1088; 965; 152; 791216; 19
5; r; 795700; 1088; 539; 88; 795699; 19
5; r; 797621; 1088; 545; 89; 797620; 22
5; r; 800182; 1088; 553; 90; 800181; 24
5; r; 801463; 1088; 199; 31; 801462; 21
5; r; 808508; 1088; 571; 93; 808507; 19
5; r; 809148; 1088; 1054; 321; 9147; 1
5; r; 809789; 1088; 2; 0; 809788; 22
5; r; 813631; 1088; 139; 23; 813630; 14
5; r; 814912; 1088; 794; 125; 814911; 23
5; r; 815553; 1088; 389; 74; 815552; 17
5; r; 819395; 1088; 559; 246; 19394; 4
5; r; 823878; 1088; 953; 307; 23877; 1
5; r; 825159; 1088; 677; 107; 825158; 18
5; r; 826440; 1088; 709; 114; 826439; 26
5; r; 828361; 1088; 854; 293; 28360; 2
5; r; 830282; 1088; 61; 13; 830281; 27
5; r; 831563; 1088; 1082; 325; 31562; 1
5; r; 832844; 1088; 1052; 320; 32843; 1
5; r; 835406; 1088; 721; 277; 35405; 3
5; r; 837327; 1088; 757; 281; 37326; 5
5; r; 1247790; 1088; 622; 257; 447789; 5
5; r; 1254199; 1088; 922; 300; 454198; 1
5; r; 1261245; 1088; 820; 290; 461244; 4
5; r; 1270854; 1088; 53; 171; 470853; 8
5; r; 1274698; 1088; 646; 262; 474697; 8
5; r; 1279182; 1088; 289; 207; 479181; 8
5; r; 1281745; 1088; 971; 308; 481744; 6
5; r; 1283026; 1088; 305; 51; 1283025; 27
5; r; 1298400; 1088; 1010; 313; 498399; 3
5; r; 1299681; 1088; 88; 177; 499680; 8
5; r; 1304806; 1088; 860; 134; 1304805; 23
5; r; 1312492; 1088; 570; 248; 512491; 7
5; r; 1313774; 1088; 1077; 323; 513773; 6
5; r; 1315696; 1088; 554; 244; 515695; 9
5; r; 1318898; 1088; 901; 140; 1318897; 33
5; r; 1325944; 1088; 287; 206; 525943; 12
5; r; 1329788; 1088; 239; 198; 529787; 10
5; r; 1332992; 1088; 649; 263; 532991; 10
5; r; 1343243; 1088; 862; 295; 543242; 9
5; r; 1343884; 1088; 673; 268; 543883; 8
5; r; 1356694; 1088; 257; 200; 556693; 8
5; r; 1371427; 1088; 10; 165; 571426; 15
5; r; 1372708; 1088; 842; 130; 1372707; 24
5; r; 1377834; 1088; 336; 211; 577833; 12
5; r; 1382959; 1088; 338; 212; 582958; 16
5; r; 1385521; 1088; 351; 213; 585520; 7
5; r; 1390645; 1088; 13; 166; 590644; 16
5; r; 1393848; 1088; 529; 239; 593847; 14
5; r; 1405376; 1088; 628; 98; 1405375; 32
5; r; 1408578; 1088; 248; 40; 1408577; 28
5; r; 1409859; 1088; 294; 48; 1409858; 33
5; r; 1410500; 1088; 267; 202; 610499; 17
5; r; 1427154; 1088; 908; 298; 627153; 6
5; r; 1430357; 1088; 509; 237; 630356; 10
5; r; 1431638; 1088; 457; 230; 631637; 12
5; r; 1436762; 1088; 398; 219; 636761; 11
5; r; 1446369; 1088; 592; 251; 646368; 14
5; r; 1447650; 1088; 284; 205; 647649; 15
5; r; 1450852; 1088; 850; 131; 1450851; 33
5; r; 1457898; 1088; 209; 195; 657897; 20
5; r; 1469427; 1088; 1001; 154; 1469426; 30
5; r; 1473270; 1088; 609; 255; 673269; 18
5; r; 1477753; 1088; 198; 193; 677752; 19
5; r; 1482877; 1088; 429; 224; 682876; 17
5; r; 1484798; 1088; 747; 280; 684797; 14
5; r; 1486079; 1088; 537; 242; 686078; 26
5; r; 1488001; 1088; 573; 250; 688000; 21
5; r; 1501449; 1088; 698; 273; 701448; 18
5; r; 1502090; 1088; 715; 276; 702089; 20
5; r; 1509134; 1088; 412; 221; 709133; 19
5; r; 1512977; 1088; 172; 189; 712976; 15
5; r; 1514898; 1088; 628; 259; 714897; 10
5; r; 1516179; 1088; 466; 82; 1516178; 31
5; r; 1517460; 1088; 806; 288; 717459; 12
5; r; 1521943; 1088; 1024; 315; 721942; 21
5; r; 1525787; 1088; 500; 234; 725786; 13
5; r; 1528349; 1088; 1002; 311; 728348; 18
5; r; 1532832; 1088; 446; 228; 732831; 20
5; r; 1534113; 1088; 897; 297; 734112; 24
5; r; 1534753; 1088; 596; 252; 734752; 14
5; r; 1541157; 1088; 102; 181; 741156; 18
5; r; 1541797; 1088; 940; 305; 741796; 26
5; r; 1542438; 1088; 726; 278; 742437; 14
5; r; 1547562; 1088; 937; 304; 747561; 15
5; r; 1561011; 1088; 90; 178; 761010; 13
5; r; 1568056; 1088; 23; 167; 768055; 13
5; r; 1577022; 1088; 492; 232; 777021; 15
5; r; 1578303; 1088; 765; 283; 778302; 15
5; r; 1579584; 1088; 670; 266; 779583; 21
5; r; 1584067; 1088; 540; 243; 784066; 15
5; r; 1585988; 1088; 504; 235; 785987; 18
5; r; 1591752; 1088; 1028; 316; 791751; 11
5; r; 1595595; 1088; 792; 287; 795594; 16
5; r; 1600719; 1088; 448; 229; 800718; 14
5; r; 1602000; 1088; 531; 241; 801999; 16
5; r; 1607764; 1088; 243; 199; 807763; 20
5; r; 1609045; 1088; 530; 240; 809044; 13
5; r; 1610326; 1088; 358; 214; 810325; 16
5; r; 1620574; 1088; 91; 179; 820573; 19
5; r; 1626338; 1088; 467; 231; 826337; 21
5; r; 1639787; 1088; 556; 245; 839786; 22
5; r; 2065590; 1088; 809; 289; 1265589; 25
5; r; 2079046; 1088; 108; 182; 1279045; 28
5; r; 2086094; 1088; 217; 196; 1286093; 38
5; r; 2098906; 1088; 839; 292; 1298905; 23
5; r; 2105953; 1088; 892; 296; 1305952; 30
5; r; 2108516; 1088; 1069; 322; 1308515; 24
5; r; 2113642; 1088; 926; 301; 1313641; 25
5; r; 2115564; 1088; 445; 227; 1315563; 28
5; r; 2118127; 1088; 50; 169; 1318126; 26
5; r; 2121330; 1088; 436; 225; 1321329; 23
5; r; 2123892; 1088; 1079; 324; 1323891; 23
5; r; 2132220; 1088; 560; 247; 1332219; 32
5; r; 2138625; 1088; 685; 270; 1338624; 24
5; r; 2143109; 1088; 293; 208; 1343108; 25
5; r; 2152081; 1088; 1022; 314; 1352080; 23
5; r; 2152722; 1088; 606; 253; 1352721; 28
5; r; 2153363; 1088; 634; 260; 1353362; 25
5; r; 2157848; 1088; 35; 168; 1357847; 26
5; r; 2168098; 1088; 59; 172; 1368097; 27
5; r; 2179627; 1088; 856; 294; 1379626; 29
5; r; 2180268; 1088; 1008; 312; 983917; 31
5; r; 2182189; 1088; 623; 258; 1382188; 27
5; r; 2182830; 1088; 690; 271; 1382829; 32
5; r; 2188596; 1088; 768; 284; 1388595; 27
5; r; 2191800; 1088; 61; 174; 1391799; 23
5; r; 2199489; 1088; 1031; 318; 1399488; 27
5; r; 2207176; 1088; 832; 291; 1407175; 33
5; r; 2211660; 1088; 929; 302; 1411659; 39
5; r; 2215505; 1088; 613; 256; 1415504; 24
5; r; 2216786; 1088; 187; 28; 2216785; 49
5; r; 2217427; 1088; 439; 226; 1417426; 23
5; r; 2232169; 1088; 914; 299; 1432168; 26
5; r; 2236014; 1088; 654; 264; 1436013; 25
5; r; 2280893; 1088; 658; 265; 1480892; 30
6; r; 4482; 1088; 1084; 160; 4481; 1
6; r; 16646; 1088; 1086; 161; 16645; 1
6; r; 22409; 1088; 546; 78; 22408; 9
6; r; 23049; 1088; 746; 107; 23048; 8
6; r; 46100; 1088; 813; 113; 46099; 3
6; r; 49302; 1088; 747; 108; 49301; 4
6; r; 49942; 1088; 818; 115; 49941; 2
6; r; 51863; 1088; 91; 8; 51862; 12
6; r; 55065; 1088; 553; 79; 55064; 6
6; r; 62748; 1088; 1052; 152; 62747; 1
6; r; 70432; 1088; 907; 130; 70431; 4
6; r; 72353; 1088; 308; 40; 72352; 8
6; r; 78116; 1088; 1054; 153; 78115; 4
6; r; 81318; 1088; 846; 121; 81317; 7
6; r; 85801; 1088; 688; 102; 85800; 4
6; r; 88363; 1088; 1072; 159; 88362; 5
6; r; 90924; 1088; 950; 139; 90923; 4
6; r; 91564; 1088; 452; 66; 91563; 5
6; r; 92205; 1088; 918; 133; 92204; 8
6; r; 92846; 1088; 836; 118; 92845; 10
6; r; 96687; 1088; 706; 104; 96686; 8
6; r; 97328; 1088; 461; 68; 97327; 5
6; r; 100530; 1088; 8; 0; 100529; 11
6; r; 102451; 1088; 389; 52; 102450; 11
6; r; 106293; 1088; 859; 125; 106292; 9
6; r; 107574; 1088; 844; 120; 107573; 4
6; r; 108214; 1088; 819; 116; 108213; 6
6; r; 108855; 1088; 719; 105; 108854; 8
6; r; 110136; 1088; 1014; 148; 110135; 4
6; r; 113979; 1088; 664; 98; 113978; 11
6; r; 119103; 1088; 291; 36; 119102; 6
6; r; 121024; 1088; 187; 23; 121023; 14
6; r; 122945; 1088; 694; 103; 122944; 9
6; r; 126788; 1088; 283; 34; 126787; 8
6; r; 131912; 1088; 619; 89; 131911; 5
6; r; 541403; 1088; 934; 136; 541402; 10
6; r; 542044; 1088; 826; 117; 542043; 9
6; r; 546527; 1088; 59; 4; 546526; 16
6; r; 552933; 1088; 342; 47; 552932; 9
6; r; 553574; 1088; 340; 46; 553573; 12
6; r; 554215; 1088; 1040; 150; 554214; 9
6; r; 569587; 1088; 454; 67; 569586; 10
6; r; 575352; 1088; 332; 43; 575351; 13
6; r; 579195; 1088; 180; 21; 579194; 17
6; r; 595206; 1088; 230; 27; 595205; 12
6; r; 600970; 1088; 279; 33; 600969; 12
6; r; 603532; 1088; 503; 73; 603531; 16
6; r; 605453; 1088; 109; 11; 605452; 16
6; r; 610577; 1088; 254; 31; 610576; 15
6; r; 611218; 1088; 366; 49; 611217; 15
6; r; 615061; 1088; 1063; 156; 615060; 12
6; r; 616342; 1088; 97; 9; 616341; 12
6; r; 624028; 1088; 306; 39; 624027; 20
6; r; 632354; 1088; 864; 126; 632353; 12
6; r; 644522; 1088; 20; 2; 644521; 20
6; r; 659894; 1088; 674; 101; 659893; 20
6; r; 666938; 1088; 132; 18; 666937; 15
6; r; 670140; 1088; 744; 106; 670139; 9
6; r; 686150; 1088; 117; 13; 686149; 16
6; r; 689993; 1088; 485; 70; 689992; 26
6; r; 691274; 1088; 988; 146; 691273; 15
6; r; 697037; 1088; 939; 137; 697036; 15
6; r; 698958; 1088; 631; 91; 698957; 18
6; r; 700239; 1088; 240; 30; 700238; 18
6; r; 709206; 1088; 932; 135; 709205; 19
6; r; 714970; 1088; 574; 82; 714969; 18
6; r; 718813; 1088; 769; 110; 718812; 19
6; r; 721375; 1088; 1071; 158; 721374; 14
6; r; 727139; 1088; 777; 112; 727138; 17
6; r; 728420; 1088; 442; 65; 728419; 25
6; r; 736104; 1088; 123; 15; 736103; 17
6; r; 744430; 1088; 396; 53; 744429; 15
6; r; 755316; 1088; 518; 75; 755315; 17
6; r; 756597; 1088; 128; 16; 756596; 22
6; r; 761079; 1088; 45; 3; 761078; 21
6; r; 765562; 1088; 908; 131; 765561; 20
6; r; 769404; 1088; 183; 22; 769403; 17
6; r; 770044; 1088; 672; 100; 770043; 20
6; r; 771966; 1088; 427; 61; 771965; 24
6; r; 777089; 1088; 412; 60; 777088; 18
6; r; 779650; 1088; 70; 6; 779649; 25
6; r; 792458; 1088; 607; 87; 792457; 22
6; r; 793739; 1088; 1057; 154; 793738; 14
6; r; 797581; 1088; 439; 64; 797580; 22
6; r; 798862; 1088; 530; 77; 798861; 20
6; r; 802064; 1088; 148; 19; 802063; 22
6; r; 804627; 1088; 599; 85; 804626; 22
6; r; 805908; 1088; 1047; 151; 805907; 25
6; r; 807189; 1088; 194; 24; 807188; 22
6; r; 808470; 1088; 817; 114; 808469; 26
6; r; 812312; 1088; 1060; 155; 812311; 17
6; r; 814234; 1088; 919; 134; 814233; 14
6; r; 816796; 1088; 954; 312; 16795; 1
6; r; 818077; 1088; 1021; 149; 818076; 25
6; r; 819358; 1088; 216; 26; 819357; 26
6; r; 820639; 1088; 1052; 329; 20638; 1
6; r; 821920; 1088; 239; 29; 821919; 21
6; r; 822560; 1088; 785; 285; 22559; 2
6; r; 827683; 1088; 920; 306; 27682; 1
6; r; 831526; 1088; 1022; 323; 31525; 1
6; r; 834728; 1088; 989; 321; 34727; 1
6; r; 836009; 1088; 690; 275; 36008; 3
6; r; 837290; 1088; 750; 282; 37289; 4
6; r; 843054; 1088; 986; 320; 43053; 1
6; r; 846895; 1088; 1047; 328; 46894; 2
6; r; 848176; 1088; 326; 218; 48175; 6
6; r; 867388; 1088; 882; 303; 67387; 3
6; r; 868029; 1088; 644; 265; 68028; 5
6; r; 870590; 1088; 622; 261; 70589; 4
6; r; 872511; 1088; 838; 296; 72510; 5
6; r; 874432; 1088; 584; 253; 74431; 4
6; r; 875713; 1088; 812; 291; 75712; 4
6; r; 876994; 1088; 601; 86; 876993; 19
6; r; 912217; 1088; 875; 302; 112216; 4
6; r; 917341; 1088; 980; 319; 117340; 3
6; r; 919262; 1088; 943; 310; 119261; 7
6; r; 924387; 1088; 370; 223; 124386; 8
6; r; 930791; 1088; 852; 123; 930790; 19
6; r; 1335040; 1088; 654; 96; 1335039; 22
6; r; 1344650; 1088; 165; 190; 544649; 12
6; r; 1345931; 1088; 271; 209; 545930; 13
6; r; 1349774; 1088; 230; 199; 549773; 12
6; r; 1351695; 1088; 603; 256; 551694; 12
6; r; 1352336; 1088; 615; 258; 552335; 10
6; r; 1352977; 1088; 802; 290; 552976; 11
6; r; 1354258; 1088; 668; 271; 554257; 9
6; r; 1368989; 1088; 214; 197; 568988; 11
6; r; 1370911; 1088; 970; 315; 570910; 7
6; r; 1380518; 1088; 737; 278; 580517; 9
6; r; 1389485; 1088; 957; 140; 1389484; 32
6; r; 1390766; 1088; 855; 124; 1390765; 23
6; r; 1400373; 1088; 29; 169; 600372; 13
6; r; 1402935; 1088; 369; 222; 602934; 13
6; r; 1404856; 1088; 790; 287; 604855; 8
6; r; 1405497; 1088; 864; 300; 605496; 13
6; r; 1413822; 1088; 277; 32; 1413821; 31
6; r; 1415743; 1088; 430; 62; 1415742; 21
6; r; 1422149; 1088; 621; 260; 622148; 12
6; r; 1422790; 1088; 273; 210; 622789; 14
6; r; 1423430; 1088; 36; 172; 623429; 21
6; r; 1433037; 1088; 573; 252; 633036; 14
6; r; 1435599; 1088; 841; 298; 635598; 16
6; r; 1443925; 1088; 497; 238; 643924; 14
6; r; 1444565; 1088; 1041; 327; 644564; 20
6; r; 1447128; 1088; 863; 299; 647127; 16
6; r; 1454813; 1088; 639; 263; 654812; 23
6; r; 1459937; 1088; 968; 313; 659936; 10
6; r; 1460578; 1088; 187; 192; 660577; 21
6; r; 1462500; 1088; 438; 233; 662499; 16
6; r; 1466342; 1088; 421; 231; 666341; 11
6; r; 1472745; 1088; 795; 289; 672744; 22
6; r; 1481070; 1088; 395; 226; 681069; 6
6; r; 1484912; 1088; 431; 63; 1484911; 35
6; r; 1495158; 1088; 674; 272; 695157; 23
6; r; 1498360; 1088; 536; 244; 698359; 16
6; r; 1507965; 1088; 336; 219; 707964; 13
6; r; 1522054; 1088; 458; 234; 722053; 23
6; r; 1523335; 1088; 54; 176; 723334; 17
6; r; 1531660; 1088; 538; 245; 731659; 20
6; r; 1536143; 1088; 249; 202; 736142; 16
6; r; 1536783; 1088; 1067; 330; 736782; 14
6; r; 1541266; 1088; 111; 182; 741265; 20
6; r; 1545749; 1088; 865; 301; 745748; 15
6; r; 1550873; 1088; 592; 254; 750872; 11
6; r; 1552154; 1088; 263; 207; 752153; 12
6; r; 1552794; 1088; 652; 268; 752793; 10
6; r; 1554716; 1088; 257; 204; 754715; 15
6; r; 1555997; 1088; 762; 283; 755996; 21
6; r; 1561120; 1088; 279; 211; 761119; 16
6; r; 1570727; 1088; 282; 212; 770726; 15
6; r; 1572008; 1088; 311; 214; 772007; 12
6; r; 1573289; 1088; 312; 215; 773288; 11
6; r; 1578412; 1088; 88; 179; 778411; 14
6; r; 1587378; 1088; 571; 251; 787377; 21
6; r; 1593142; 1088; 128; 184; 793141; 13
6; r; 1596344; 1088; 892; 304; 796343; 16
6; r; 1599546; 1088; 1; 163; 799545; 12
6; r; 1603389; 1088; 618; 259; 803388; 17
6; r; 1619401; 1088; 1032; 326; 819400; 11
6; r; 1620041; 1088; 262; 206; 820040; 19
6; r; 1621963; 1088; 6; 165; 821962; 18
6; r; 1624525; 1088; 839; 297; 824524; 13
6; r; 1630289; 1088; 202; 195; 830288; 21
6; r; 1635412; 1088; 793; 288; 835411; 14
6; r; 1642458; 1088; 664; 269; 842457; 13
6; r; 1643098; 1088; 32; 170; 843097; 13
6; r; 1645020; 1088; 535; 243; 845019; 15
6; r; 1647582; 1088; 829; 294; 847581; 16
6; r; 1648863; 1088; 172; 191; 848862; 19
6; r; 1655268; 1088; 606; 257; 855267; 14
6; r; 1655908; 1088; 71; 178; 855907; 16
6; r; 1668077; 1088; 781; 284; 868076; 16
6; r; 1670639; 1088; 258; 205; 870638; 19
6; r; 1675123; 1088; 539; 246; 875122; 11
6; r; 1677685; 1088; 40; 173; 877684; 25
6; r; 1678966; 1088; 413; 229; 878965; 15
6; r; 1682809; 1088; 218; 198; 882808; 12
6; r; 1684090; 1088; 210; 196; 884089; 17
6; r; 1694980; 1088; 695; 276; 894979; 20
6; r; 1696261; 1088; 401; 227; 896260; 21
6; r; 1698823; 1088; 828; 293; 898822; 17
6; r; 1700104; 1088; 993; 322; 900103; 17
6; r; 1705228; 1088; 644; 94; 1705227; 38
6; r; 1707150; 1088; 120; 183; 907149; 16
6; r; 1709072; 1088; 419; 230; 909071; 19
6; r; 1710993; 1088; 313; 216; 910992; 20
6; r; 1718039; 1088; 138; 185; 918038; 25
6; r; 1719321; 1088; 504; 240; 919320; 16
6; r; 1719962; 1088; 561; 250; 919961; 16
6; r; 2134722; 1088; 337; 220; 1334721; 29
6; r; 2136003; 1088; 347; 221; 1336002; 22
6; r; 2138565; 1088; 240; 201; 1338564; 31
6; r; 2145610; 1088; 191; 193; 1345609; 20
6; r; 2148173; 1088; 678; 273; 1348172; 24
6; r; 2150094; 1088; 550; 248; 1350093; 23
6; r; 2152016; 1088; 15; 167; 1352015; 23
6; r; 2153297; 1088; 237; 200; 1353296; 26
6; r; 2155219; 1088; 502; 239; 1355218; 20
6; r; 2157141; 1088; 410; 228; 1357140; 19
6; r; 2157782; 1088; 511; 241; 1357781; 24
6; r; 2172514; 1088; 425; 232; 1372513; 26
6; r; 2177641; 1088; 98; 180; 1377640; 30
6; r; 2179563; 1088; 786; 286; 1379562; 26
6; r; 2187889; 1088; 728; 277; 1387888; 21
6; r; 2198778; 1088; 463; 235; 1398777; 23
6; r; 2204543; 1088; 969; 314; 1404542; 28
6; r; 2207746; 1088; 310; 213; 1407745; 27
6; r; 2209027; 1088; 482; 236; 1409026; 21
6; r; 2212230; 1088; 377; 224; 1412229; 27
6; r; 2221839; 1088; 384; 225; 1421838; 29
6; r; 2226323; 1088; 543; 247; 1426322; 24
6; r; 2232090; 1088; 559; 249; 1432089; 28
6; r; 2239777; 1088; 651; 267; 1439776; 28
6; r; 2244261; 1088; 650; 266; 1444260; 27
6; r; 2262199; 1088; 665; 270; 1462198; 26
6; r; 2263480; 1088; 200; 194; 1451308; 27
6; r; 2301923; 1088; 489; 237; 1501922; 28
6; r; 2307691; 1088; 743; 280; 1507690; 26
7; r; 641; 1088; 817; 120; 640; 2
7; r; 3842; 1088; 1048; 154; 3841; 2
7; r; 8323; 1088; 682; 99; 8322; 5
7; r; 19848; 1088; 878; 133; 19847; 4
7; r; 21129; 1088; 917; 137; 21128; 2
7; r; 25611; 1088; 617; 90; 25610; 4
7; r; 29453; 1088; 791; 114; 29452; 2
7; r; 30734; 1088; 955; 143; 30733; 1
7; r; 37137; 1088; 987; 148; 37136; 1
7; r; 39698; 1088; 1013; 151; 39697; 3
7; r; 48023; 1088; 1014; 152; 48022; 10
7; r; 48663; 1088; 881; 134; 48662; 2
7; r; 49944; 1088; 945; 141; 49943; 4
7; r; 59550; 1088; 521; 71; 59549; 6
7; r; 67234; 1088; 513; 70; 67233; 7
7; r; 69795; 1088; 527; 72; 69794; 5
7; r; 73637; 1088; 171; 22; 73636; 11
7; r; 75558; 1088; 822; 121; 75557; 2
7; r; 77479; 1088; 557; 77; 77478; 7
7; r; 80681; 1088; 706; 104; 80680; 8
7; r; 81962; 1088; 816; 119; 81961; 4
7; r; 87725; 1088; 313; 41; 87724; 15
7; r; 89006; 1088; 605; 89; 89005; 11
7; r; 90927; 1088; 781; 112; 90926; 7
7; r; 98612; 1088; 953; 142; 98611; 4
7; r; 115262; 1088; 601; 88; 115261; 15
7; r; 118464; 1088; 809; 116; 118463; 11
7; r; 122947; 1088; 813; 118; 122946; 9
7; r; 124228; 1088; 978; 147; 124227; 6
7; r; 124868; 1088; 684; 100; 124867; 10
7; r; 127430; 1088; 586; 86; 127429; 6
7; r; 130631; 1088; 928; 138; 130630; 11
7; r; 133193; 1088; 767; 108; 133192; 11
7; r; 135114; 1088; 790; 113; 135113; 4
7; r; 137676; 1088; 841; 126; 137675; 10
7; r; 142160; 1088; 839; 125; 142159; 7
7; r; 146003; 1088; 564; 81; 146002; 11
7; r; 149205; 1088; 555; 76; 149204; 11
7; r; 155610; 1088; 273; 34; 155609; 14
7; r; 170340; 1088; 773; 111; 170339; 9
7; r; 175464; 1088; 77; 7; 175463; 13
7; r; 176745; 1088; 652; 95; 176744; 7
7; r; 178026; 1088; 859; 129; 178025; 8
7; r; 180588; 1088; 3; 0; 180587; 19
7; r; 181229; 1088; 898; 136; 181228; 11
7; r; 182510; 1088; 409; 55; 182509; 10
7; r; 190196; 1088; 932; 140; 190195; 11
7; r; 191477; 1088; 388; 51; 191476; 9
7; r; 195320; 1088; 580; 84; 195319; 14
7; r; 197881; 1088; 846; 127; 197880; 7
7; r; 199162; 1088; 283; 35; 199161; 15
7; r; 199802; 1088; 569; 82; 199801; 13
7; r; 200443; 1088; 451; 63; 200442; 10
7; r; 201724; 1088; 54; 3; 201723; 15
7; r; 204286; 1088; 969; 146; 204285; 18
7; r; 210050; 1088; 1071; 155; 210049; 8
7; r; 211973; 1088; 703; 103; 211972; 12
7; r; 217099; 1088; 207; 28; 217098; 10
7; r; 219021; 1088; 157; 19; 219020; 9
7; r; 222864; 1088; 356; 46; 222863; 12
7; r; 225426; 1088; 762; 107; 225425; 12
7; r; 233112; 1088; 93; 9; 233111; 15
7; r; 235034; 1088; 957; 144; 235033; 16
7; r; 241439; 1088; 118; 12; 241438; 16
7; r; 242080; 1088; 848; 128; 242079; 14
7; r; 244643; 1088; 829; 123; 244642; 11
7; r; 250409; 1088; 391; 52; 250408; 15
7; r; 253611; 1088; 442; 61; 253610; 15
7; r; 256813; 1088; 190; 24; 256812; 11
7; r; 258735; 1088; 269; 32; 258734; 16
7; r; 261938; 1088; 806; 115; 261937; 13
7; r; 263219; 1088; 318; 42; 263218; 10
7; r; 269625; 1088; 635; 92; 269624; 14
7; r; 271547; 1088; 539; 73; 271546; 11
7; r; 274109; 1088; 830; 124; 274108; 19
7; r; 275390; 1088; 69; 5; 275389; 16
7; r; 281153; 1088; 303; 39; 281152; 17
7; r; 283715; 1088; 327; 43; 283714; 17
7; r; 286278; 1088; 575; 83; 286277; 11
7; r; 288200; 1088; 253; 30; 288199; 13
7; r; 290121; 1088; 264; 31; 290120; 13
7; r; 293964; 1088; 82; 8; 293963; 16
7; r; 305497; 1088; 333; 44; 305496; 15
7; r; 720731; 1088; 827; 122; 720730; 16
7; r; 721372; 1088; 582; 85; 721371; 27
7; r; 722653; 1088; 368; 49; 722652; 19
7; r; 727136; 1088; 411; 56; 727135; 18
7; r; 736742; 1088; 769; 110; 736741; 21
7; r; 739304; 1088; 1027; 153; 739303; 22
7; r; 742506; 1088; 294; 38; 742505; 27
7; r; 756595; 1088; 34; 2; 756594; 19
7; r; 757236; 1088; 102; 10; 757235; 19
7; r; 759157; 1088; 152; 18; 759156; 28
7; r; 773245; 1088; 720; 105; 773244; 25
7; r; 774526; 1088; 293; 37; 774525; 23
7; r; 775807; 1088; 550; 75; 775806; 16
7; r; 786695; 1088; 365; 48; 786694; 15
7; r; 788616; 1088; 169; 21; 788615; 19
7; r; 797583; 1088; 588; 87; 797582; 31
7; r; 809751; 1088; 965; 145; 809750; 27
7; r; 811672; 1088; 466; 65; 811671; 28
7; r; 825762; 1088; 625; 255; 25761; 4
7; r; 834087; 1088; 931; 139; 834086; 30
7; r; 835368; 1088; 561; 79; 835367; 23
7; r; 841772; 1088; 853; 284; 41771; 3
7; r; 846255; 1088; 939; 292; 46254; 4
7; r; 855862; 1088; 247; 29; 855861; 28
7; r; 860985; 1088; 951; 295; 60984; 1
7; r; 866107; 1088; 585; 251; 66106; 5
7; r; 868028; 1088; 713; 271; 68027; 4
7; r; 871230; 1088; 562; 80; 871229; 35
7; r; 872511; 1088; 526; 241; 72510; 9
7; r; 880837; 1088; 1087; 317; 80836; 1
7; r; 885959; 1088; 984; 303; 85958; 3
7; r; 888520; 1088; 255; 196; 88519; 9
7; r; 889801; 1088; 1063; 313; 89800; 7
7; r; 893003; 1088; 937; 291; 93002; 5
7; r; 898126; 1088; 911; 288; 98125; 8
7; r; 910934; 1088; 479; 234; 110933; 6
7; r; 916058; 1088; 121; 178; 116057; 8
7; r; 917979; 1088; 552; 247; 117978; 12
7; r; 926305; 1088; 286; 201; 126304; 8
7; r; 927586; 1088; 623; 254; 127585; 7
7; r; 932070; 1088; 847; 283; 132069; 7
7; r; 935272; 1088; 643; 260; 135271; 6
7; r; 938474; 1088; 575; 250; 138473; 9
7; r; 946798; 1088; 123; 179; 146797; 8
7; r; 947439; 1088; 1034; 309; 147438; 8
7; r; 953843; 1088; 636; 258; 153842; 11
7; r; 955764; 1088; 551; 246; 155763; 9
7; r; 957045; 1088; 902; 287; 157044; 13
7; r; 969214; 1088; 311; 206; 169213; 6
7; r; 975619; 1088; 633; 257; 175618; 8
7; r; 981383; 1088; 790; 280; 181382; 4
7; r; 982664; 1088; 1037; 310; 182663; 9
7; r; 984585; 1088; 520; 239; 184584; 8
7; r; 986508; 1088; 179; 189; 186507; 10
7; r; 990351; 1088; 389; 215; 190350; 9
7; r; 991632; 1088; 1051; 311; 191631; 4
7; r; 996114; 1088; 699; 267; 196113; 9
7; r; 997395; 1088; 757; 274; 197394; 6
7; r; 1003800; 1088; 676; 262; 203799; 12
7; r; 1005081; 1088; 792; 281; 205080; 10
7; r; 1006362; 1088; 1003; 306; 206361; 9
7; r; 1012768; 1088; 542; 243; 212767; 10
7; r; 1014049; 1088; 629; 256; 214048; 11
7; r; 1015970; 1088; 948; 294; 215969; 8
7; r; 1021736; 1088; 176; 188; 221735; 11
7; r; 1025579; 1088; 212; 193; 225578; 13
7; r; 1029422; 1088; 524; 240; 229421; 9
7; r; 1043513; 1088; 710; 270; 243512; 12
7; r; 1046076; 1088; 700; 268; 246075; 17
7; r; 1048639; 1088; 545; 244; 248638; 7
7; r; 1053123; 1088; 737; 272; 253122; 10
7; r; 1059529; 1088; 964; 300; 259528; 13
7; r; 1064014; 1088; 202; 192; 264013; 13
7; r; 1065937; 1088; 326; 209; 265936; 8
7; r; 1066577; 1088; 103; 174; 266576; 13
7; r; 1067218; 1088; 22; 161; 267217; 11
7; r; 1069140; 1088; 921; 289; 269139; 8
7; r; 1072343; 1088; 894; 286; 272342; 11
7; r; 1073624; 1088; 535; 242; 273623; 21
7; r; 1075546; 1088; 431; 223; 275545; 15
7; r; 1077468; 1088; 173; 187; 277467; 13
7; r; 1083232; 1088; 166; 184; 283231; 14
7; r; 1085154; 1088; 502; 238; 285153; 14
7; r; 1088999; 1088; 449; 225; 288998; 10
7; r; 1089640; 1088; 472; 233; 289639; 10
7; r; 1091562; 1088; 297; 204; 291561; 14
7; r; 1095405; 1088; 134; 181; 295404; 15
7; r; 1101813; 1088; 638; 259; 301812; 13
7; r; 1102454; 1088; 170; 185; 302453; 15
7; r; 1105017; 1088; 461; 229; 305016; 10
7; r; 1106298; 1088; 67; 170; 306297; 16
7; r; 1106938; 1088; 963; 299; 306937; 12
7; r; 1107579; 1088; 992; 305; 307578; 10
7; r; 1510862; 1088; 1070; 315; 710861; 17
7; r; 1512143; 1088; 1068; 314; 712142; 12
7; r; 1516625; 1088; 546; 245; 716624; 25
7; r; 1517906; 1088; 390; 216; 717905; 15
7; r; 1530713; 1088; 682; 263; 730712; 12
7; r; 1533275; 1088; 84; 171; 733274; 20
7; r; 1535196; 1088; 28; 162; 735195; 18
7; r; 1538398; 1088; 66; 169; 738397; 19
7; r; 1542240; 1088; 7; 157; 742239; 21
7; r; 1546723; 1088; 930; 290; 746722; 16
7; r; 1553128; 1088; 16; 159; 753127; 12
7; r; 1554409; 1088; 325; 208; 754408; 17
7; r; 1556970; 1088; 782; 279; 756969; 21
7; r; 1558891; 1088; 1024; 307; 758890; 25
7; r; 1560812; 1088; 385; 214; 760811; 20
7; r; 1562093; 1088; 467; 231; 762092; 16
7; r; 1572339; 1088; 968; 301; 772338; 20
7; r; 1578102; 1088; 87; 172; 778101; 20
7; r; 1585146; 1088; 262; 198; 785145; 25
7; r; 1586427; 1088; 562; 249; 786426; 24
7; r; 1591550; 1088; 1059; 312; 791549; 21
7; r; 1592831; 1088; 1081; 316; 792830; 18
7; r; 1594112; 1088; 113; 177; 794111; 19
7; r; 1598595; 1088; 420; 221; 798594; 19
7; r; 1603718; 1088; 265; 199; 803717; 17
7; r; 1608841; 1088; 216; 194; 808840; 13
7; r; 1613324; 1088; 36; 165; 813323; 21
7; r; 1621009; 1088; 227; 195; 821008; 18
7; r; 1622290; 1088; 617; 253; 822289; 20
7; r; 1624852; 1088; 273; 200; 824851; 14
7; r; 1628054; 1088; 758; 275; 828053; 17
7; r; 1629335; 1088; 454; 226; 829334; 12
7; r; 1630616; 1088; 109; 176; 830615; 19
7; r; 1632538; 1088; 291; 203; 832537; 23
7; r; 1636382; 1088; 314; 207; 836381; 19
7; r; 1640225; 1088; 703; 269; 840224; 21
7; r; 1651113; 1088; 403; 220; 851112; 21
7; r; 1654315; 1088; 773; 277; 854314; 19
7; r; 1655596; 1088; 91; 173; 855595; 15
7; r; 1658799; 1088; 51; 167; 858798; 25
7; r; 1660720; 1088; 144; 183; 860719; 21
7; r; 1663283; 1088; 460; 228; 863282; 25
7; r; 1668407; 1088; 666; 261; 868406; 19
7; r; 1669688; 1088; 470; 232; 869687; 25
7; r; 1671610; 1088; 106; 175; 871609; 17
7; r; 1674172; 1088; 489; 237; 874171; 24
7; r; 1683781; 1088; 485; 236; 883780; 18
7; r; 1686343; 1088; 256; 197; 886342; 19
7; r; 1687624; 1088; 561; 248; 887623; 20
7; r; 1692748; 1088; 391; 217; 892747; 21
7; r; 1693389; 1088; 867; 285; 893388; 27
7; r; 1695311; 1088; 135; 182; 895310; 16
7; r; 1699155; 1088; 400; 219; 899154; 17
7; r; 1703639; 1088; 821; 282; 903638; 18
7; r; 1711325; 1088; 439; 224; 911324; 20
7; r; 1717089; 1088; 482; 235; 917088; 26
7; r; 1736309; 1088; 186; 190; 936308; 21
7; r; 1754251; 1088; 990; 304; 954250; 26
7; r; 1758096; 1088; 21; 160; 958095; 28
8; r; 3202; 1088; 454; 67; 3201; 5
8; r; 10884; 1088; 476; 72; 10883; 7
8; r; 21769; 1088; 1006; 155; 21768; 4
8; r; 26890; 1088; 667; 101; 26889; 9
8; r; 29451; 1088; 819; 121; 29450; 2
8; r; 37775; 1088; 1009; 156; 37774; 9
8; r; 39055; 1088; 351; 50; 39054; 7
8; r; 48660; 1088; 889; 137; 48659; 1
8; r; 77473; 1088; 943; 148; 77472; 3
8; r; 82596; 1088; 884; 136; 82595; 5
8; r; 89000; 1088; 868; 132; 88999; 5
8; r; 90921; 1088; 148; 23; 90920; 8
8; r; 91562; 1088; 470; 70; 91561; 8
8; r; 94124; 1088; 484; 74; 94123; 6
8; r; 108853; 1088; 982; 151; 108852; 2
8; r; 110134; 1088; 837; 127; 110133; 6
8; r; 113976; 1088; 1037; 158; 113975; 7
8; r; 121020; 1088; 360; 52; 121019; 8
8; r; 128704; 1088; 579; 86; 128703; 7
8; r; 130625; 1088; 428; 62; 130624; 8
8; r; 135749; 1088; 908; 140; 135748; 9
8; r; 138951; 1088; 623; 93; 138950; 7
8; r; 143434; 1088; 876; 134; 143433; 7
8; r; 151120; 1088; 517; 80; 151119; 8
8; r; 159446; 1088; 912; 143; 159445; 11
8; r; 160727; 1088; 753; 112; 160726; 8
8; r; 167771; 1088; 187; 30; 167770; 11
8; r; 171614; 1088; 327; 45; 171613; 5
8; r; 176097; 1088; 289; 40; 176096; 11
8; r; 178658; 1088; 557; 83; 178657; 9
8; r; 181220; 1088; 739; 111; 181219; 8
8; r; 187626; 1088; 524; 82; 187625; 10
8; r; 188907; 1088; 422; 61; 188906; 17
8; r; 192109; 1088; 841; 128; 192108; 10
8; r; 198514; 1088; 337; 46; 198513; 18
8; r; 200435; 1088; 847; 130; 200434; 9
8; r; 202997; 1088; 22; 4; 202996; 12
8; r; 206840; 1088; 665; 100; 206839; 11
8; r; 211965; 1088; 118; 19; 211964; 10
8; r; 219652; 1088; 695; 106; 219651; 11
8; r; 225417; 1088; 612; 92; 225416; 8
8; r; 235665; 1088; 52; 10; 235664; 9
8; r; 237587; 1088; 676; 103; 237586; 9
8; r; 238868; 1088; 829; 125; 238867; 11
8; r; 247836; 1088; 321; 44; 247835; 7
8; r; 256163; 1088; 828; 124; 256162; 9
8; r; 257445; 1088; 431; 63; 257444; 14
8; r; 258726; 1088; 112; 18; 258725; 18
8; r; 261288; 1088; 1039; 159; 261287; 13
8; r; 263210; 1088; 443; 66; 263209; 12
8; r; 265773; 1088; 604; 89; 265772; 13
8; r; 268336; 1088; 607; 91; 268335; 11
8; r; 269617; 1088; 1056; 163; 269616; 11
8; r; 272820; 1088; 347; 48; 272819; 12
8; r; 281789; 1088; 287; 39; 281788; 9
8; r; 283711; 1088; 573; 85; 283710; 11
8; r; 292681; 1088; 999; 154; 292680; 15
8; r; 297165; 1088; 302; 42; 297164; 17
8; r; 299728; 1088; 367; 54; 299727; 11
8; r; 705310; 1088; 202; 31; 705309; 18
8; r; 707872; 1088; 714; 110; 707871; 17
8; r; 716197; 1088; 638; 95; 716196; 12
8; r; 722600; 1088; 685; 104; 722599; 10
8; r; 725161; 1088; 1066; 164; 725160; 21
8; r; 727082; 1088; 183; 29; 727081; 30
8; r; 727723; 1088; 17; 2; 727722; 22
8; r; 730285; 1088; 710; 109; 730284; 17
8; r; 734128; 1088; 814; 120; 734127; 11
8; r; 737330; 1088; 442; 65; 737329; 15
8; r; 741172; 1088; 1047; 161; 741171; 22
8; r; 743093; 1088; 240; 34; 743092; 18
8; r; 746295; 1088; 109; 17; 746294; 18
8; r; 754622; 1088; 269; 37; 754621; 16
8; r; 756543; 1088; 76; 13; 756542; 15
8; r; 762948; 1088; 947; 149; 762947; 24
8; r; 766150; 1088; 91; 15; 766149; 19
8; r; 767431; 1088; 705; 108; 767430; 21
8; r; 773195; 1088; 156; 25; 773194; 16
8; r; 777037; 1088; 482; 73; 777036; 16
8; r; 779599; 1088; 406; 59; 779598; 21
8; r; 782802; 1088; 493; 75; 782801; 25
8; r; 789207; 1088; 87; 14; 789206; 14
8; r; 791769; 1088; 14; 1; 791768; 21
8; r; 794331; 1088; 836; 126; 794330; 13
8; r; 794971; 1088; 459; 69; 794970; 21
8; r; 795612; 1088; 64; 12; 795611; 24
8; r; 798174; 1088; 631; 94; 798173; 13
8; r; 799455; 1088; 181; 28; 799454; 18
8; r; 800736; 1088; 388; 57; 800735; 21
8; r; 807780; 1088; 409; 60; 807779; 18
8; r; 810342; 1088; 866; 131; 810341; 23
8; r; 812904; 1088; 50; 8; 812903; 23
8; r; 816107; 1088; 762; 115; 816106; 18
8; r; 816748; 1088; 1086; 340; 16747; 1
8; r; 825073; 1088; 177; 26; 825072; 22
8; r; 828275; 1088; 995; 152; 828274; 20
8; r; 836600; 1088; 673; 102; 836599; 16
8; r; 838522; 1088; 605; 90; 838521; 20
8; r; 839163; 1088; 1043; 160; 839162; 17
8; r; 843005; 1088; 1017; 321; 43004; 3
8; r; 843646; 1088; 984; 317; 43645; 1
8; r; 844286; 1088; 46; 6; 844285; 16
8; r; 848129; 1088; 500; 78; 848128; 23
8; r; 848769; 1088; 885; 305; 48768; 2
8; r; 849410; 1088; 687; 269; 49409; 3
8; r; 860938; 1088; 950; 313; 60937; 3
8; r; 865421; 1088; 1050; 330; 65420; 1
8; r; 879510; 1088; 691; 270; 79509; 4
8; r; 880791; 1088; 735; 279; 80790; 7
8; r; 882071; 1088; 816; 291; 82070; 7
8; r; 887835; 1088; 49; 7; 887834; 25
8; r; 888476; 1088; 1012; 319; 88475; 3
8; r; 889757; 1088; 1019; 322; 89756; 2
8; r; 891679; 1088; 1015; 320; 91678; 2
8; r; 894241; 1088; 455; 238; 94240; 6
8; r; 900647; 1088; 745; 282; 100646; 3
8; r; 918579; 1088; 988; 318; 118578; 3
8; r; 919860; 1088; 451; 237; 119859; 5
8; r; 922422; 1088; 776; 286; 122421; 4
8; r; 927546; 1088; 945; 312; 127545; 4
8; r; 930748; 1088; 441; 64; 930747; 24
8; r; 933310; 1088; 527; 249; 133309; 6
8; r; 933950; 1088; 277; 38; 933949; 26
8; r; 935872; 1088; 748; 283; 135871; 5
8; r; 937153; 1088; 221; 201; 137152; 10
8; r; 937794; 1088; 126; 20; 937793; 27
8; r; 944840; 1088; 190; 193; 144839; 6
8; r; 946121; 1088; 287; 211; 146120; 8
8; r; 953806; 1088; 944; 311; 153805; 5
8; r; 956369; 1088; 300; 214; 156368; 13
8; r; 957650; 1088; 461; 239; 157649; 5
8; r; 958291; 1088; 975; 315; 158290; 5
8; r; 963414; 1088; 517; 248; 163413; 7
8; r; 967898; 1088; 428; 233; 167897; 9
8; r; 974303; 1088; 774; 285; 174302; 4
8; r; 975584; 1088; 808; 289; 175583; 5
8; r; 976225; 1088; 191; 194; 176224; 7
8; r; 979427; 1088; 905; 139; 979426; 28
8; r; 981989; 1088; 349; 222; 181988; 9
8; r; 983910; 1088; 782; 117; 983909; 22
8; r; 990955; 1088; 839; 299; 190954; 5
8; r; 992236; 1088; 1048; 329; 192235; 7
8; r; 994158; 1088; 383; 227; 194157; 9
8; r; 996080; 1088; 394; 228; 196079; 7
8; r; 999924; 1088; 196; 196; 199923; 8
8; r; 1001205; 1088; 199; 197; 201204; 12
8; r; 1005048; 1088; 626; 261; 205047; 5
8; r; 1013375; 1088; 1043; 328; 213374; 10
8; r; 1017859; 1088; 1087; 341; 217858; 3
8; r; 1022983; 1088; 343; 221; 222982; 8
8; r; 1026186; 1088; 248; 207; 226185; 11
8; r; 1042200; 1088; 1025; 324; 242199; 14
8; r; 1049887; 1088; 693; 271; 249886; 13
8; r; 1053090; 1088; 491; 243; 253089; 10
8; r; 1055653; 1088; 713; 276; 255652; 10
8; r; 1056934; 1088; 694; 272; 256933; 9
8; r; 1062699; 1088; 599; 254; 262698; 9
8; r; 1071028; 1088; 827; 123; 1071027; 29
8; r; 1073590; 1088; 220; 200; 273589; 10
8; r; 1076794; 1088; 749; 284; 276793; 7
8; r; 1084482; 1088; 1060; 334; 284481; 12
8; r; 1091528; 1088; 140; 21; 1091527; 30
8; r; 1099216; 1088; 471; 240; 299215; 9
8; r; 1504856; 1088; 830; 295; 704855; 18
8; r; 1506778; 1088; 973; 150; 1506777; 38
8; r; 1509981; 1088; 233; 204; 709980; 17
8; r; 1511262; 1088; 60; 176; 711261; 15
8; r; 1515745; 1088; 86; 181; 715744; 17
8; r; 1522790; 1088; 230; 203; 722789; 14
8; r; 1526632; 1088; 629; 262; 726631; 12
8; r; 1527272; 1088; 431; 234; 727271; 16
8; r; 1537519; 1088; 1070; 336; 737518; 15
8; r; 1540722; 1088; 870; 304; 740721; 21
8; r; 1542003; 1088; 1038; 327; 742002; 20
8; r; 1545845; 1088; 217; 199; 745844; 12
8; r; 1547126; 1088; 715; 277; 747125; 18
8; r; 1557374; 1088; 153; 189; 757373; 15
8; r; 1563779; 1088; 92; 183; 763778; 18
8; r; 1569542; 1088; 46; 173; 769541; 23
8; r; 1575306; 1088; 480; 241; 775305; 18
8; r; 1577228; 1088; 72; 178; 777227; 21
8; r; 1579790; 1088; 0; 0; 1579789; 32
8; r; 1581071; 1088; 320; 216; 781070; 22
8; r; 1588757; 1088; 899; 306; 788756; 12
8; r; 1592599; 1088; 125; 186; 792598; 13
8; r; 1597723; 1088; 597; 253; 797722; 13
8; r; 1599004; 1088; 825; 293; 799003; 14
8; r; 1604128; 1088; 610; 258; 804127; 15
8; r; 1605409; 1088; 77; 179; 805408; 19
8; r; 1610533; 1088; 209; 198; 810532; 16
8; r; 1612454; 1088; 341; 219; 812453; 17
8; r; 1618218; 1088; 166; 190; 818217; 17
8; r; 1621420; 1088; 737; 280; 821419; 14
8; r; 1626542; 1088; 379; 225; 826541; 15
8; r; 1627824; 1088; 88; 182; 827823; 18
8; r; 1632947; 1088; 509; 245; 832946; 18
8; r; 1635508; 1088; 412; 230; 835507; 18
8; r; 1636789; 1088; 710; 275; 836788; 18
8; r; 1638070; 1088; 313; 215; 838069; 19
8; r; 1641272; 1088; 298; 213; 841271; 20
8; r; 1642553; 1088; 574; 252; 842552; 17
8; r; 1645755; 1088; 284; 210; 845754; 23
8; r; 1647676; 1088; 495; 244; 847675; 13
8; r; 1651519; 1088; 13; 165; 851518; 26
8; r; 1658563; 1088; 831; 296; 858562; 10
8; r; 1659844; 1088; 1026; 325; 859843; 12
8; r; 1660485; 1088; 129; 188; 860484; 14
8; r; 1665609; 1088; 1037; 326; 865608; 18
8; r; 1666890; 1088; 14; 166; 866889; 16
8; r; 1672013; 1088; 1056; 331; 872012; 16
8; r; 1677778; 1088; 188; 192; 877777; 10
8; r; 1680340; 1088; 39; 171; 880339; 16
8; r; 1681621; 1088; 329; 217; 881620; 15
8; r; 1686746; 1088; 861; 302; 886745; 24
8; r; 1689948; 1088; 16; 167; 889947; 17
8; r; 1695072; 1088; 1063; 335; 895071; 21
8; r; 1696353; 1088; 935; 309; 896352; 22
8; r; 1697634; 1088; 671; 267; 897633; 23
8; r; 1698915; 1088; 340; 218; 898914; 26
8; r; 1705960; 1088; 250; 208; 905959; 27
8; r; 1720692; 1088; 734; 278; 920691; 17
8; r; 1723895; 1088; 868; 303; 923894; 17
8; r; 1730942; 1088; 411; 229; 930941; 27
8; r; 1731582; 1088; 1057; 332; 931581; 23
8; r; 1734144; 1088; 616; 260; 934143; 28
8; r; 1736707; 1088; 833; 297; 936706; 27
8; r; 1737989; 1088; 351; 223; 937988; 19
8; r; 1741192; 1088; 174; 191; 941191; 19
8; r; 1748238; 1088; 1023; 323; 948237; 16
8; r; 1755926; 1088; 651; 264; 955925; 28
8; r; 1757848; 1088; 194; 195; 957847; 25
8; r; 1761692; 1088; 80; 180; 961691; 28
8; r; 1762974; 1088; 696; 273; 962973; 35
8; r; 1771304; 1088; 835; 298; 971303; 25
8; r; 1778352; 1088; 683; 268; 978351; 26
8; r; 1782839; 1088; 53; 175; 982838; 25
8; r; 1784120; 1088; 600; 255; 984119; 28
8; r; 1799497; 1088; 237; 205; 999496; 24
8; r; 1821290; 1088; 913; 307; 1021289; 29
8; r; 2335643; 1088; 979; 316; 1535642; 34
9; r; 5123; 1088; 818; 119; 5122; 5
9; r; 9605; 1088; 354; 46; 9604; 5
9; r; 15367; 1088; 658; 88; 15366; 4
9; r; 18568; 1088; 854; 124; 18567; 4
9; r; 21769; 1088; 816; 118; 21768; 7
9; r; 35854; 1088; 1021; 151; 35853; 3
9; r; 39696; 1088; 639; 85; 39695; 6
9; r; 49301; 1088; 779; 110; 49300; 5
9; r; 50582; 1088; 857; 125; 50581; 2
9; r; 62747; 1088; 539; 72; 62746; 13
9; r; 74271; 1088; 720; 101; 74270; 4
9; r; 81314; 1088; 945; 140; 81313; 5
9; r; 83235; 1088; 722; 103; 83234; 4
9; r; 84516; 1088; 1013; 150; 84515; 6
9; r; 91560; 1088; 618; 80; 91559; 4
9; r; 92200; 1088; 721; 102; 92199; 3
9; r; 102446; 1088; 123; 14; 102445; 10
9; r; 112052; 1088; 1028; 152; 112051; 7
9; r; 113973; 1088; 736; 105; 113972; 8
9; r; 117815; 1088; 777; 109; 117814; 5
9; r; 123578; 1088; 234; 28; 123577; 12
9; r; 124859; 1088; 925; 134; 124858; 8
9; r; 132544; 1088; 944; 139; 132543; 4
9; r; 135106; 1088; 914; 133; 135105; 8
9; r; 136387; 1088; 638; 84; 136386; 9
9; r; 137668; 1088; 415; 54; 137667; 12
9; r; 140230; 1088; 607; 79; 140229; 11
9; r; 140870; 1088; 14; 0; 140869; 11
9; r; 142792; 1088; 477; 60; 142791; 9
9; r; 149196; 1088; 211; 26; 149195; 12
9; r; 151117; 1088; 376; 48; 151116; 8
9; r; 152398; 1088; 339; 45; 152397; 11
9; r; 154319; 1088; 800; 116; 154318; 8
9; r; 157521; 1088; 870; 127; 157520; 7
9; r; 160083; 1088; 518; 67; 160082; 5
9; r; 161364; 1088; 794; 113; 161363; 11
9; r; 168409; 1088; 438; 58; 168408; 13
9; r; 183782; 1088; 296; 40; 183781; 11
9; r; 185063; 1088; 382; 51; 185062; 7
9; r; 188906; 1088; 268; 32; 188905; 13
9; r; 194670; 1088; 941; 138; 194669; 8
9; r; 195310; 1088; 284; 37; 195309; 12
9; r; 197232; 1088; 111; 12; 197231; 11
9; r; 198513; 1088; 904; 130; 198512; 9
9; r; 201075; 1088; 193; 24; 201074; 9
9; r; 203637; 1088; 159; 18; 203636; 9
9; r; 204918; 1088; 643; 87; 204917; 6
9; r; 208121; 1088; 575; 76; 208120; 10
9; r; 211965; 1088; 394; 52; 211964; 14
9; r; 215808; 1088; 705; 98; 215807; 10
9; r; 216448; 1088; 275; 35; 216447; 14
9; r; 238869; 1088; 680; 91; 238868; 7
9; r; 249120; 1088; 714; 100; 249119; 8
9; r; 249760; 1088; 115; 13; 249759; 17
9; r; 250401; 1088; 628; 83; 250400; 13
9; r; 260012; 1088; 699; 96; 260011; 14
9; r; 261293; 1088; 704; 97; 261292; 16
9; r; 262574; 1088; 991; 145; 262573; 12
9; r; 272183; 1088; 195; 25; 272182; 13
9; r; 277308; 1088; 1061; 156; 277307; 17
9; r; 290763; 1088; 571; 75; 290762; 10
9; r; 292685; 1088; 270; 33; 292684; 16
9; r; 294607; 1088; 316; 42; 294606; 11
9; r; 295889; 1088; 482; 61; 295888; 17
9; r; 297170; 1088; 322; 43; 297169; 17
9; r; 306777; 1088; 378; 49; 306776; 13
9; r; 308059; 1088; 226; 27; 308058; 18
9; r; 314467; 1088; 442; 59; 314466; 13
9; r; 315108; 1088; 735; 104; 315107; 15
9; r; 317030; 1088; 832; 121; 317029; 14
9; r; 335608; 1088; 969; 144; 335607; 13
9; r; 342016; 1088; 996; 146; 342015; 22
9; r; 748848; 1088; 790; 112; 748847; 14
9; r; 759736; 1088; 751; 107; 759735; 19
9; r; 761017; 1088; 103; 11; 761016; 16
9; r; 770622; 1088; 783; 111; 770621; 19
9; r; 774465; 1088; 688; 93; 774464; 24
9; r; 778307; 1088; 31; 4; 778306; 18
9; r; 786633; 1088; 29; 3; 786632; 24
9; r; 790475; 1088; 815; 117; 790474; 22
9; r; 793677; 1088; 37; 6; 793676; 18
9; r; 795598; 1088; 847; 122; 795597; 25
9; r; 796879; 1088; 485; 62; 796878; 27
9; r; 798800; 1088; 1011; 149; 798799; 28
9; r; 804564; 1088; 423; 55; 804563; 16
9; r; 809687; 1088; 795; 114; 809686; 25
9; r; 821855; 1088; 902; 129; 821854; 14
9; r; 823136; 1088; 968; 143; 823135; 20
9; r; 826979; 1088; 1087; 160; 826978; 22
9; r; 830821; 1088; 587; 253; 30820; 4
9; r; 834663; 1088; 855; 294; 34662; 2
9; r; 836584; 1088; 918; 304; 36583; 2
9; r; 844269; 1088; 982; 317; 44268; 2
9; r; 846831; 1088; 876; 298; 46830; 3
9; r; 850033; 1088; 507; 65; 850032; 15
9; r; 851314; 1088; 648; 265; 51313; 5
9; r; 854516; 1088; 189; 191; 54515; 7
9; r; 858358; 1088; 882; 299; 58357; 3
9; r; 859640; 1088; 723; 273; 59639; 4
9; r; 860921; 1088; 702; 270; 60920; 8
9; r; 862842; 1088; 166; 19; 862841; 17
9; r; 866043; 1088; 822; 289; 66042; 2
9; r; 873087; 1088; 952; 141; 873086; 18
9; r; 874368; 1088; 983; 318; 74367; 3
9; r; 875008; 1088; 1019; 321; 75007; 2
9; r; 875648; 1088; 60; 7; 875647; 33
9; r; 876289; 1088; 947; 311; 76288; 2
9; r; 878210; 1088; 1043; 322; 78209; 6
9; r; 885255; 1088; 386; 224; 85254; 4
9; r; 887176; 1088; 814; 288; 87175; 3
9; r; 891018; 1088; 863; 126; 891017; 23
9; r; 892939; 1088; 745; 279; 92938; 6
9; r; 896141; 1088; 890; 301; 96140; 1
9; r; 901265; 1088; 696; 95; 901264; 21
9; r; 902546; 1088; 170; 20; 902545; 23
9; r; 903827; 1088; 720; 272; 103826; 5
9; r; 908310; 1088; 490; 241; 108309; 9
9; r; 908951; 1088; 725; 274; 108950; 3
9; r; 910232; 1088; 266; 31; 910231; 28
9; r; 911513; 1088; 942; 310; 111512; 7
9; r; 912153; 1088; 513; 245; 112152; 8
9; r; 916637; 1088; 430; 56; 916636; 13
9; r; 926884; 1088; 1049; 323; 126883; 3
9; r; 932009; 1088; 447; 232; 132008; 7
9; r; 935212; 1088; 243; 29; 935211; 24
9; r; 935853; 1088; 903; 303; 135852; 7
9; r; 937134; 1088; 777; 285; 137133; 4
9; r; 938415; 1088; 621; 260; 138414; 4
9; r; 939696; 1088; 599; 256; 139695; 9
9; r; 940336; 1088; 492; 242; 140335; 4
9; r; 944179; 1088; 57; 168; 144178; 10
9; r; 945460; 1088; 403; 53; 945459; 26
9; r; 946100; 1088; 527; 248; 146099; 4
9; r; 948022; 1088; 642; 264; 148021; 7
9; r; 951225; 1088; 981; 316; 151224; 6
9; r; 958271; 1088; 845; 293; 158270; 4
9; r; 960833; 1088; 586; 252; 160832; 9
9; r; 969800; 1088; 575; 250; 169799; 12
9; r; 972362; 1088; 941; 309; 172361; 6
9; r; 976204; 1088; 336; 213; 176203; 12
9; r; 980687; 1088; 676; 269; 180686; 7
9; r; 994138; 1088; 472; 238; 194137; 7
9; r; 996060; 1088; 32; 5; 996059; 24
9; r; 1001186; 1088; 519; 68; 1001185; 22
9; r; 1006951; 1088; 939; 308; 206950; 6
9; r; 1008233; 1088; 707; 271; 208232; 7
9; r; 1012717; 1088; 935; 307; 212716; 7
9; r; 1019763; 1088; 526; 69; 1019762; 39
9; r; 1023607; 1088; 627; 261; 223606; 10
9; r; 1025528; 1088; 342; 216; 225527; 11
9; r; 1028090; 1088; 390; 226; 228089; 8
9; r; 1030652; 1088; 343; 217; 230651; 11
9; r; 1041544; 1088; 832; 290; 241543; 13
9; r; 1048590; 1088; 159; 186; 248589; 12
9; r; 1049230; 1088; 474; 239; 249229; 9
9; r; 1049871; 1088; 304; 205; 249870; 12
9; r; 1052433; 1088; 512; 244; 252432; 8
9; r; 1054995; 1088; 188; 190; 254994; 16
9; r; 1056917; 1088; 137; 183; 256916; 16
9; r; 1060119; 1088; 798; 287; 260118; 9
9; r; 1062681; 1088; 892; 302; 262680; 12
9; r; 1063322; 1088; 317; 209; 263321; 14
9; r; 1063962; 1088; 115; 178; 263961; 10
9; r; 1066525; 1088; 493; 243; 266524; 8
9; r; 1071009; 1088; 782; 286; 271008; 10
9; r; 1079336; 1088; 605; 257; 279335; 11
9; r; 1084460; 1088; 739; 277; 284459; 11
9; r; 1088304; 1088; 761; 281; 288303; 10
9; r; 1106246; 1088; 92; 174; 306245; 8
9; r; 1106887; 1088; 108; 176; 306886; 12
9; r; 1112652; 1088; 858; 295; 312651; 16
9; r; 1114574; 1088; 683; 92; 1114573; 30
9; r; 1117778; 1088; 593; 255; 317777; 10
9; r; 1122904; 1088; 174; 188; 322903; 12
9; r; 1124826; 1088; 235; 195; 324825; 12
9; r; 1125466; 1088; 661; 266; 325465; 13
9; r; 1126107; 1088; 16; 162; 326106; 12
9; r; 1134437; 1088; 84; 173; 334436; 12
9; r; 1139562; 1088; 333; 212; 339561; 12
9; r; 1143407; 1088; 154; 185; 343406; 10
9; r; 1144689; 1088; 340; 215; 344688; 13
9; r; 1547484; 1088; 213; 193; 747483; 16
9; r; 1551967; 1088; 260; 198; 751966; 18
9; r; 1552608; 1088; 864; 297; 752607; 23
9; r; 1553889; 1088; 392; 227; 753888; 17
9; r; 1556451; 1088; 66; 170; 756450; 16
9; r; 1558373; 1088; 635; 263; 758372; 13
9; r; 1564137; 1088; 581; 251; 764136; 23
9; r; 1567339; 1088; 120; 179; 767338; 27
9; r; 1570541; 1088; 462; 234; 770540; 17
9; r; 1577586; 1088; 357; 219; 777585; 17
9; r; 1580788; 1088; 194; 192; 780787; 20
9; r; 1582069; 1088; 308; 206; 782068; 15
9; r; 1582709; 1088; 326; 211; 782708; 19
9; r; 1583990; 1088; 61; 169; 783989; 19
9; r; 1587192; 1088; 759; 280; 787191; 15
9; r; 1588473; 1088; 1085; 326; 788472; 21
9; r; 1589113; 1088; 12; 161; 789112; 12
9; r; 1594876; 1088; 230; 194; 794875; 12
9; r; 1605123; 1088; 320; 210; 805122; 15
9; r; 1606404; 1088; 737; 276; 806403; 17
9; r; 1607685; 1088; 101; 175; 807684; 16
9; r; 1611528; 1088; 40; 165; 811527; 16
9; r; 1614730; 1088; 129; 181; 814729; 14
9; r; 1617292; 1088; 70; 172; 817291; 17
9; r; 1623056; 1088; 520; 246; 823055; 21
9; r; 1624337; 1088; 170; 187; 824336; 16
9; r; 1630101; 1088; 126; 180; 830100; 15
9; r; 1635225; 1088; 266; 199; 835224; 21
9; r; 1636506; 1088; 389; 225; 836505; 19
9; r; 1637787; 1088; 662; 267; 837786; 15
9; r; 1640349; 1088; 245; 197; 840348; 24
9; r; 1644833; 1088; 277; 201; 844832; 15
9; r; 1647395; 1088; 310; 208; 847394; 16
9; r; 1649957; 1088; 358; 220; 849956; 23
9; r; 1653800; 1088; 860; 296; 853799; 17
9; r; 1656362; 1088; 928; 305; 856361; 20
9; r; 1658924; 1088; 486; 240; 858923; 21
9; r; 1660205; 1088; 632; 262; 860204; 21
9; r; 1662767; 1088; 236; 196; 862766; 22
9; r; 1667250; 1088; 973; 315; 867249; 25
9; r; 1668531; 1088; 966; 314; 868530; 19
9; r; 1677498; 1088; 337; 214; 877497; 17
9; r; 1681341; 1088; 287; 203; 881340; 26
9; r; 1684544; 1088; 465; 235; 884543; 21
9; r; 1689669; 1088; 951; 312; 889668; 18
9; r; 1690950; 1088; 468; 236; 890949; 24
9; r; 1697355; 1088; 113; 177; 897354; 22
9; r; 1705682; 1088; 1074; 325; 905681; 15
9; r; 1706963; 1088; 470; 237; 906962; 16
9; r; 1712728; 1088; 772; 284; 912727; 18
9; r; 1716571; 1088; 664; 268; 916570; 19
9; r; 1733228; 1088; 183; 189; 933227; 18
9; r; 1734509; 1088; 933; 306; 934508; 21
9; r; 1749244; 1088; 763; 282; 949243; 26
9; r; 1760781; 1088; 834; 291; 960780; 21
