iter; type; time slot; d_nodes; s_nodes; pid; nslot; nhop
0; r; 9596; 1088; 144; 0; 8966; 14
0; r; 15357; 1088; 298; 15; 11700; 10
0; r; 15997; 1088; 776; 4; 14589; 3
0; r; 24319; 1088; 549; 37; 16087; 5
0; r; 37123; 1088; 1072; 11; 34585; 5
0; r; 39684; 1088; 630; 3; 38497; 11
0; r; 41604; 1088; 1007; 106; 11911; 5
0; r; 43525; 1088; 324; 27; 37272; 5
0; r; 48647; 1088; 951; 90; 23644; 1
0; r; 51849; 1088; 736; 55; 36655; 7
0; r; 54411; 1088; 1026; 33; 47219; 11
0; r; 56972; 1088; 417; 91; 31816; 6
0; r; 64015; 1088; 84; 81; 40796; 7
0; r; 70419; 1088; 954; 79; 48304; 3
0; r; 75542; 1088; 779; 67; 57585; 7
0; r; 77463; 1088; 944; 34; 70198; 3
0; r; 85147; 1088; 1034; 5; 83546; 5
0; r; 88348; 1088; 1085; 89; 63818; 1
0; r; 92190; 1088; 41; 26; 86032; 12
0; r; 96032; 1088; 856; 29; 89360; 3
0; r; 96672; 1088; 879; 102; 67800; 3
0; r; 103716; 1088; 582; 19; 99058; 5
0; r; 105637; 1088; 1036; 31; 98839; 7
0; r; 107558; 1088; 224; 64; 90447; 7
0; r; 109480; 1088; 386; 21; 104453; 7
0; r; 110761; 1088; 819; 59; 94159; 3
0; r; 117806; 1088; 755; 116; 85622; 8
0; r; 119087; 1088; 857; 105; 89399; 3
0; r; 120368; 1088; 457; 48; 107004; 6
0; r; 122930; 1088; 878; 43; 111400; 3
0; r; 124851; 1088; 1056; 74; 104461; 12
0; r; 128053; 1088; 191; 76; 106746; 7
0; r; 130615; 1088; 453; 12; 127713; 7
0; r; 131896; 1088; 1074; 77; 110473; 7
0; r; 135739; 1088; 745; 107; 105940; 8
0; r; 140222; 1088; 535; 22; 134894; 9
0; r; 144705; 1088; 560; 18; 140413; 7
0; r; 147907; 1088; 686; 25; 142099; 6
0; r; 149828; 1088; 1011; 93; 124025; 11
0; r; 151109; 1088; 629; 38; 142480; 7
0; r; 152390; 1088; 608; 32; 145207; 13
0; r; 156873; 1088; 1037; 58; 140492; 4
0; r; 170324; 1088; 592; 113; 138488; 3
0; r; 171605; 1088; 94; 51; 157079; 7
0; r; 186976; 1088; 701; 56; 171637; 11
0; r; 191459; 1088; 628; 73; 171144; 12
0; r; 193380; 1088; 426; 115; 161257; 10
0; r; 194020; 1088; 222; 50; 179629; 7
0; r; 197223; 1088; 50; 62; 180299; 14
0; r; 199144; 1088; 439; 108; 169133; 10
0; r; 199784; 1088; 76; 45; 186937; 13
0; r; 201065; 1088; 287; 54; 185929; 16
0; r; 209392; 1088; 594; 84; 185862; 9
0; r; 212595; 1088; 632; 14; 209068; 8
0; r; 218999; 1088; 141; 100; 191479; 12
0; r; 219640; 1088; 259; 68; 201617; 10
0; r; 220921; 1088; 966; 78; 198901; 7
0; r; 222202; 1088; 170; 103; 193135; 12
0; r; 223483; 1088; 716; 16; 219797; 10
0; r; 231170; 1088; 155; 35; 223556; 10
0; r; 240778; 1088; 794; 99; 213420; 14
0; r; 245263; 1088; 523; 46; 232265; 6
0; r; 248466; 1088; 116; 109; 217937; 14
0; r; 255513; 1088; 540; 69; 237293; 13
0; r; 263200; 1088; 251; 87; 239429; 12
0; r; 265763; 1088; 862; 7; 263961; 9
0; r; 270247; 1088; 55; 23; 264542; 15
0; r; 272169; 1088; 248; 83; 248776; 14
0; r; 273450; 1088; 727; 39; 263980; 10
0; r; 276654; 1088; 188; 20; 271752; 12
0; r; 286264; 1088; 18; 49; 271945; 13
0; r; 287546; 1088; 530; 53; 272423; 13
0; r; 289469; 1088; 303; 110; 258490; 12
0; r; 291391; 1088; 759; 1; 290581; 17
0; r; 293954; 1088; 606; 117; 261373; 10
0; r; 295236; 1088; 669; 60; 278554; 14
0; r; 302924; 1088; 961; 118; 270164; 15
0; r; 306768; 1088; 739; 63; 289670; 14
0; r; 308690; 1088; 960; 13; 305332; 15
0; r; 324070; 1088; 211; 101; 295973; 17
0; r; 727339; 1088; 440; 96; 700925; 19
0; r; 730541; 1088; 24; 66; 712913; 19
0; r; 731822; 1088; 662; 70; 713566; 19
0; r; 735024; 1088; 929; 2; 734163; 13
0; r; 739507; 1088; 968; 24; 733789; 27
0; r; 740788; 1088; 365; 71; 721802; 16
0; r; 742069; 1088; 176; 36; 733978; 21
0; r; 743350; 1088; 872; 44; 730607; 19
0; r; 745271; 1088; 765; 88; 721040; 18
0; r; 750394; 1088; 738; 17; 746451; 23
0; r; 751035; 1088; 124; 75; 730267; 21
0; r; 760642; 1088; 475; 121; 335529; 16
0; r; 765765; 1088; 446; 8; 763897; 15
0; r; 770248; 1088; 809; 114; 738295; 20
0; r; 772810; 1088; 643; 61; 756095; 27
0; r; 774731; 1088; 266; 9; 772829; 20
0; r; 781136; 1088; 714; 30; 774426; 22
0; r; 782417; 1088; 460; 86; 758751; 27
0; r; 783698; 1088; 449; 85; 760121; 18
0; r; 797148; 1088; 290; 120; 373554; 28
0; r; 800350; 1088; 23; 94; 774425; 15
0; r; 804834; 1088; 962; 41; 794061; 23
0; r; 813799; 1088; 517; 142; 8777; 6
0; r; 815080; 1088; 986; 164; 4425; 1
0; r; 826608; 1088; 947; 158; 18295; 3
0; r; 840694; 1088; 1049; 131; 37592; 1
0; r; 843896; 1088; 305; 162; 34042; 10
0; r; 846458; 1088; 629; 159; 37829; 9
0; r; 847739; 1088; 165; 174; 33170; 13
0; r; 856704; 1088; 603; 6; 854996; 23
0; r; 858625; 1088; 918; 171; 45235; 3
0; r; 868871; 1088; 286; 226; 36453; 5
0; r; 869512; 1088; 576; 207; 47238; 5
0; r; 877197; 1088; 877; 172; 63467; 6
0; r; 903452; 1088; 1075; 182; 87341; 3
0; r; 906654; 1088; 384; 175; 91819; 9
0; r; 916901; 1088; 1035; 168; 105239; 6
0; r; 918182; 1088; 150; 143; 113033; 11
0; r; 918823; 1088; 650; 139; 114185; 6
0; r; 920745; 1088; 805; 128; 118458; 6
0; r; 923307; 1088; 948; 212; 98509; 4
0; r; 926509; 1088; 79; 193; 107595; 11
0; r; 927149; 1088; 749; 186; 110453; 7
0; r; 927790; 1088; 522; 181; 111683; 6
0; r; 937397; 1088; 967; 219; 107661; 5
0; r; 939959; 1088; 584; 224; 108209; 5
0; r; 947644; 1088; 437; 195; 128128; 8
0; r; 952127; 1088; 188; 140; 147225; 7
0; r; 955330; 1088; 533; 137; 150865; 13
0; r; 956611; 1088; 1083; 184; 139972; 4
0; r; 957892; 1088; 613; 210; 133539; 6
0; r; 959173; 1088; 850; 202; 138057; 4
0; r; 961094; 1088; 689; 190; 143643; 8
0; r; 964297; 1088; 287; 177; 149161; 9
0; r; 968140; 1088; 125; 179; 152701; 10
0; r; 972624; 1088; 971; 201; 151781; 5
0; r; 981591; 1088; 226; 160; 172415; 8
0; r; 982872; 1088; 431; 197; 162962; 12
0; r; 984153; 1088; 736; 178; 168959; 8
0; r; 985434; 1088; 894; 169; 173217; 8
0; r; 987356; 1088; 961; 227; 154596; 9
0; r; 995041; 1088; 468; 155; 187080; 11
0; r; 998244; 1088; 360; 211; 173569; 11
0; r; 1007211; 1088; 899; 213; 182088; 7
0; r; 1015539; 1088; 250; 167; 203963; 14
0; r; 1016820; 1088; 27; 183; 200332; 10
0; r; 1022585; 1088; 220; 185; 205898; 15
0; r; 1025147; 1088; 764; 206; 202972; 8
0; r; 1025788; 1088; 7; 163; 215328; 18
0; r; 1029631; 1088; 399; 134; 225646; 16
0; r; 1036677; 1088; 141; 217; 209157; 15
0; r; 1042442; 1088; 160; 192; 223804; 12
0; r; 1043723; 1088; 647; 138; 239140; 8
0; r; 1045004; 1088; 214; 203; 223718; 10
0; r; 1045644; 1088; 112; 200; 224864; 13
0; r; 1052051; 1088; 806; 124; 250822; 13
0; r; 1053973; 1088; 269; 133; 250698; 15
0; r; 1054613; 1088; 81; 165; 243437; 12
0; r; 1055254; 1088; 218; 146; 249033; 12
0; r; 1057175; 1088; 707; 199; 236931; 11
0; r; 1062300; 1088; 992; 196; 242751; 19
0; r; 1071909; 1088; 134; 136; 267539; 14
0; r; 1075112; 1088; 181; 225; 242897; 13
0; r; 1078315; 1088; 142; 208; 255942; 16
0; r; 1083438; 1088; 470; 209; 259332; 9
0; r; 1086001; 1088; 767; 130; 283115; 15
0; r; 1087282; 1088; 104; 166; 276031; 16
0; r; 1097532; 1088; 634; 198; 277421; 12
0; r; 1100095; 1088; 57; 218; 271943; 10
0; r; 1105860; 1088; 636; 221; 275306; 14
0; r; 1527906; 1088; 642; 125; 726493; 16
0; r; 1529187; 1088; 370; 152; 722397; 23
0; r; 1530468; 1088; 964; 156; 722417; 26
0; r; 1534310; 1088; 368; 194; 715375; 17
0; r; 1537512; 1088; 404; 223; 705801; 21
0; r; 1542635; 1088; 379; 161; 733317; 20
0; r; 1544556; 1088; 1078; 188; 727561; 23
0; r; 1545837; 1088; 178; 148; 739522; 21
0; r; 1549679; 1088; 14; 170; 736658; 24
0; r; 1557364; 1088; 870; 187; 740543; 16
0; r; 1563127; 1088; 176; 157; 755036; 19
0; r; 1567611; 1088; 277; 126; 765576; 24
0; r; 1568892; 1088; 578; 132; 765748; 22
0; r; 1578498; 1088; 675; 129; 776006; 15
0; r; 1584262; 1088; 231; 135; 780222; 23
0; r; 1584903; 1088; 694; 222; 753508; 20
0; r; 1592589; 1088; 9; 205; 770443; 19
0; r; 1597712; 1088; 299; 127; 795516; 27
0; r; 1607959; 1088; 233; 153; 800943; 22
0; r; 1613723; 1088; 873; 123; 813387; 17
0; r; 1618206; 1088; 1067; 150; 811578; 21
0; r; 1624611; 1088; 414; 176; 809604; 30
0; r; 1639344; 1088; 4; 141; 834407; 29
0; r; 1653433; 1088; 1000; 173; 839631; 26
0; r; 1680989; 1088; 854; 189; 863687; 20
0; r; 1695743; 1088; 968; 145; 890025; 26
1; r; 6403; 1088; 1078; 107; 6402; 3
1; r; 17286; 1088; 527; 57; 17285; 11
1; r; 21768; 1088; 920; 96; 21767; 2
1; r; 23689; 1088; 790; 83; 23688; 4
1; r; 26891; 1088; 753; 80; 26890; 3
1; r; 28812; 1088; 1021; 103; 28811; 3
1; r; 42898; 1088; 603; 69; 42897; 6
1; r; 46740; 1088; 279; 37; 46739; 11
1; r; 47380; 1088; 549; 61; 47379; 5
1; r; 48661; 1088; 949; 99; 48660; 3
1; r; 50582; 1088; 976; 100; 50581; 3
1; r; 52503; 1088; 984; 101; 52502; 1
1; r; 60186; 1088; 188; 21; 60185; 7
1; r; 64668; 1088; 1084; 108; 64667; 3
1; r; 67870; 1088; 750; 79; 67869; 2
1; r; 71071; 1088; 1085; 109; 71070; 4
1; r; 73632; 1088; 1046; 105; 73631; 2
1; r; 75553; 1088; 807; 84; 75552; 5
1; r; 81316; 1088; 254; 35; 81315; 15
1; r; 86439; 1088; 776; 82; 86438; 6
1; r; 87079; 1088; 553; 62; 87078; 5
1; r; 94125; 1088; 1012; 102; 94124; 4
1; r; 94765; 1088; 228; 31; 94764; 8
1; r; 95405; 1088; 518; 56; 95404; 4
1; r; 97327; 1088; 885; 93; 97326; 2
1; r; 101809; 1088; 94; 8; 101808; 8
1; r; 108214; 1088; 623; 71; 108213; 4
1; r; 115900; 1088; 864; 89; 115899; 10
1; r; 117821; 1088; 592; 68; 117820; 7
1; r; 118462; 1088; 842; 86; 118461; 5
1; r; 121664; 1088; 677; 76; 121663; 12
1; r; 124225; 1088; 560; 64; 124224; 6
1; r; 126786; 1088; 448; 51; 126785; 9
1; r; 131910; 1088; 270; 36; 131909; 17
1; r; 138314; 1088; 944; 98; 138313; 5
1; r; 146000; 1088; 1042; 104; 145999; 8
1; r; 147281; 1088; 647; 73; 147280; 8
1; r; 148562; 1088; 886; 94; 148561; 8
1; r; 150484; 1088; 511; 55; 150483; 9
1; r; 153046; 1088; 213; 28; 153045; 8
1; r; 153686; 1088; 96; 9; 153685; 11
1; r; 158170; 1088; 115; 11; 158169; 16
1; r; 160732; 1088; 571; 66; 160731; 6
1; r; 162013; 1088; 1070; 106; 162012; 13
1; r; 162653; 1088; 557; 63; 162652; 9
1; r; 163293; 1088; 808; 85; 163292; 14
1; r; 167136; 1088; 126; 13; 167135; 10
1; r; 170979; 1088; 467; 52; 170978; 9
1; r; 171619; 1088; 666; 74; 171618; 6
1; r; 179945; 1088; 151; 18; 179944; 10
1; r; 183788; 1088; 387; 45; 183787; 8
1; r; 184429; 1088; 502; 54; 184428; 9
1; r; 185070; 1088; 289; 38; 185069; 8
1; r; 188272; 1088; 567; 65; 188271; 12
1; r; 190193; 1088; 362; 44; 190192; 10
1; r; 192755; 1088; 687; 77; 192754; 13
1; r; 194036; 1088; 332; 41; 194035; 15
1; r; 200441; 1088; 208; 27; 200440; 18
1; r; 201081; 1088; 617; 70; 201080; 15
1; r; 206206; 1088; 140; 17; 206205; 12
1; r; 207486; 1088; 199; 25; 207485; 13
1; r; 214532; 1088; 298; 39; 214531; 17
1; r; 217735; 1088; 202; 26; 217734; 12
1; r; 220938; 1088; 867; 90; 220937; 8
1; r; 225421; 1088; 634; 72; 225420; 8
1; r; 233747; 1088; 860; 88; 233746; 15
1; r; 238871; 1088; 134; 16; 238870; 14
1; r; 239511; 1088; 41; 2; 239510; 12
1; r; 243354; 1088; 43; 3; 243353; 13
1; r; 267698; 1088; 198; 24; 267697; 15
1; r; 268339; 1088; 430; 49; 268338; 20
1; r; 272824; 1088; 53; 4; 272823; 15
1; r; 284997; 1088; 239; 32; 284996; 12
1; r; 285637; 1088; 403; 48; 285636; 16
1; r; 288200; 1088; 538; 60; 288199; 15
1; r; 290763; 1088; 337; 42; 290762; 21
1; r; 696446; 1088; 130; 15; 696445; 21
1; r; 713736; 1088; 240; 33; 713735; 22
1; r; 718859; 1088; 123; 12; 718858; 20
1; r; 723982; 1088; 844; 87; 723981; 27
1; r; 727825; 1088; 871; 91; 727824; 29
1; r; 738071; 1088; 343; 43; 738070; 21
1; r; 741913; 1088; 394; 46; 741912; 28
1; r; 745116; 1088; 757; 81; 745115; 27
1; r; 750239; 1088; 447; 50; 750238; 14
1; r; 751520; 1088; 732; 78; 751519; 31
1; r; 764329; 1088; 129; 14; 764328; 20
1; r; 770094; 1088; 938; 97; 770093; 25
1; r; 784823; 1088; 395; 47; 784822; 24
1; r; 791869; 1088; 529; 58; 791868; 30
1; r; 811080; 1088; 677; 178; 11079; 5
1; r; 818763; 1088; 1011; 232; 18762; 5
1; r; 820684; 1088; 708; 185; 20683; 4
1; r; 829008; 1088; 913; 212; 29007; 2
1; r; 830289; 1088; 1020; 233; 30288; 3
1; r; 834131; 1088; 649; 172; 34130; 12
1; r; 835412; 1088; 469; 155; 35411; 11
1; r; 843095; 1088; 85; 117; 43094; 10
1; r; 848218; 1088; 881; 209; 48217; 3
1; r; 850139; 1088; 671; 176; 50138; 8
1; r; 853982; 1088; 921; 214; 53981; 1
1; r; 859104; 1088; 541; 161; 59103; 5
1; r; 862946; 1088; 1051; 235; 62945; 3
1; r; 866787; 1088; 977; 224; 66786; 3
1; r; 868708; 1088; 775; 191; 68707; 5
1; r; 872550; 1088; 957; 220; 72549; 10
1; r; 881515; 1088; 425; 152; 81514; 7
1; r; 895605; 1088; 690; 180; 95604; 3
1; r; 897526; 1088; 532; 158; 97525; 9
1; r; 899447; 1088; 92; 118; 99446; 12
1; r; 903930; 1088; 945; 218; 103929; 6
1; r; 906492; 1088; 958; 221; 106491; 10
1; r; 907773; 1088; 77; 116; 107772; 16
1; r; 911615; 1088; 804; 196; 111614; 8
1; r; 912256; 1088; 501; 156; 112255; 10
1; r; 912896; 1088; 146; 125; 112895; 11
1; r; 914818; 1088; 802; 195; 114817; 9
1; r; 916739; 1088; 1060; 236; 116738; 14
1; r; 922503; 1088; 755; 190; 122502; 9
1; r; 924424; 1088; 23; 112; 124423; 12
1; r; 930188; 1088; 854; 203; 130187; 4
1; r; 932750; 1088; 369; 147; 132749; 12
1; r; 933391; 1088; 902; 211; 133390; 11
1; r; 944918; 1088; 954; 219; 144917; 1
1; r; 947480; 1088; 707; 184; 147479; 10
1; r; 948121; 1088; 98; 119; 148120; 7
1; r; 950683; 1088; 800; 194; 150682; 18
1; r; 954526; 1088; 811; 198; 154525; 8
1; r; 955807; 1088; 131; 123; 155806; 12
1; r; 960930; 1088; 546; 163; 160929; 11
1; r; 964133; 1088; 866; 206; 164132; 9
1; r; 964773; 1088; 662; 174; 164772; 13
1; r; 966694; 1088; 120; 122; 166693; 10
1; r; 967335; 1088; 339; 144; 167334; 17
1; r; 969897; 1088; 968; 223; 169896; 11
1; r; 971178; 1088; 731; 187; 171177; 12
1; r; 971818; 1088; 347; 145; 171817; 13
1; r; 979504; 1088; 381; 148; 179503; 10
1; r; 980145; 1088; 271; 136; 180144; 16
1; r; 989752; 1088; 314; 141; 189751; 13
1; r; 992954; 1088; 538; 160; 192953; 15
1; r; 993594; 1088; 865; 205; 193593; 14
1; r; 994235; 1088; 390; 150; 194234; 10
1; r; 996156; 1088; 860; 204; 196155; 18
1; r; 998719; 1088; 997; 229; 198718; 15
1; r; 1000000; 1088; 901; 210; 199999; 9
1; r; 1001281; 1088; 637; 171; 201280; 13
1; r; 1002562; 1088; 537; 159; 202561; 10
1; r; 1005764; 1088; 700; 182; 205763; 7
1; r; 1016652; 1088; 563; 166; 216651; 13
1; r; 1017293; 1088; 1007; 230; 217292; 14
1; r; 1017933; 1088; 110; 120; 217932; 11
1; r; 1020496; 1088; 698; 181; 220495; 14
1; r; 1022418; 1088; 331; 143; 222417; 17
1; r; 1026261; 1088; 712; 186; 226260; 11
1; r; 1030745; 1088; 522; 157; 230744; 12
1; r; 1032026; 1088; 285; 138; 232025; 9
1; r; 1032667; 1088; 981; 227; 232666; 14
1; r; 1034588; 1088; 247; 134; 234587; 15
1; r; 1036511; 1088; 294; 140; 236510; 12
1; r; 1042918; 1088; 924; 215; 242917; 14
1; r; 1046761; 1088; 880; 208; 246760; 10
1; r; 1059572; 1088; 55; 114; 259571; 14
1; r; 1060853; 1088; 132; 124; 260852; 17
1; r; 1067258; 1088; 9; 110; 267257; 16
1; r; 1077507; 1088; 552; 164; 277506; 19
1; r; 1078148; 1088; 69; 115; 278147; 15
1; r; 1079429; 1088; 448; 154; 279428; 11
1; r; 1090318; 1088; 169; 127; 290317; 16
1; r; 1499007; 1088; 935; 217; 699006; 23
1; r; 1502850; 1088; 684; 179; 702849; 15
1; r; 1513737; 1088; 245; 133; 713736; 19
1; r; 1518861; 1088; 1041; 234; 718860; 13
1; r; 1520142; 1088; 258; 135; 720141; 15
1; r; 1523344; 1088; 933; 216; 723343; 18
1; r; 1531030; 1088; 356; 146; 731029; 18
1; r; 1534873; 1088; 737; 188; 734872; 30
1; r; 1536154; 1088; 383; 149; 736153; 25
1; r; 1541917; 1088; 836; 201; 741916; 18
1; r; 1544479; 1088; 779; 192; 744478; 24
1; r; 1550883; 1088; 1008; 231; 750882; 13
1; r; 1551523; 1088; 1064; 238; 751522; 23
1; r; 1552164; 1088; 542; 162; 752163; 23
1; r; 1554085; 1088; 153; 126; 754084; 23
1; r; 1557927; 1088; 235; 132; 757926; 25
1; r; 1575857; 1088; 592; 168; 775856; 19
1; r; 1577778; 1088; 918; 213; 777777; 13
1; r; 1580340; 1088; 1063; 237; 780339; 22
1; r; 1580980; 1088; 275; 137; 780979; 22
1; r; 1594430; 1088; 805; 197; 794429; 22
1; r; 1606595; 1088; 674; 177; 806594; 19
1; r; 1608516; 1088; 871; 207; 808515; 21
1; r; 1611078; 1088; 987; 228; 811077; 27
1; r; 1620044; 1088; 426; 153; 820043; 20
1; r; 1623887; 1088; 782; 193; 823886; 25
1; r; 1629650; 1088; 980; 226; 829649; 27
1; r; 1641177; 1088; 326; 142; 841176; 30
1; r; 1644380; 1088; 979; 225; 844379; 24
1; r; 1664237; 1088; 839; 202; 864236; 29
1; r; 1665518; 1088; 610; 170; 865517; 26
2; r; 1; 1088; 1055; 113; 0; 1
2; r; 14725; 1088; 822; 87; 14724; 2
2; r; 25609; 1088; 999; 107; 25608; 6
2; r; 27530; 1088; 470; 49; 27529; 7
2; r; 31372; 1088; 493; 53; 31371; 9
2; r; 32652; 1088; 818; 86; 32651; 3
2; r; 35853; 1088; 852; 94; 35852; 3
2; r; 37774; 1088; 573; 61; 37773; 13
2; r; 44178; 1088; 546; 59; 44177; 13
2; r; 51861; 1088; 387; 39; 51860; 6
2; r; 67227; 1088; 714; 75; 67226; 4
2; r; 71710; 1088; 849; 93; 71709; 3
2; r; 73631; 1088; 1012; 109; 73630; 2
2; r; 80034; 1088; 991; 106; 80033; 16
2; r; 81315; 1088; 842; 91; 81314; 3
2; r; 82596; 1088; 590; 64; 82595; 3
2; r; 87719; 1088; 1039; 112; 87718; 4
2; r; 96045; 1088; 652; 71; 96044; 4
2; r; 97966; 1088; 5; 1; 97965; 13
2; r; 102449; 1088; 750; 79; 102448; 6
2; r; 105010; 1088; 1037; 111; 105009; 9
2; r; 105651; 1088; 273; 27; 105650; 14
2; r; 107572; 1088; 527; 57; 107571; 6
2; r; 108213; 1088; 898; 97; 108212; 9
2; r; 110134; 1088; 420; 42; 110133; 12
2; r; 112696; 1088; 325; 36; 112695; 14
2; r; 119740; 1088; 376; 38; 119739; 7
2; r; 123583; 1088; 798; 85; 123582; 8
2; r; 130628; 1088; 498; 54; 130627; 14
2; r; 135752; 1088; 320; 34; 135751; 6
2; r; 141516; 1088; 457; 47; 141515; 8
2; r; 142797; 1088; 120; 7; 142796; 10
2; r; 144078; 1088; 846; 92; 144077; 4
2; r; 148561; 1088; 269; 26; 148560; 15
2; r; 149201; 1088; 508; 55; 149200; 7
2; r; 152404; 1088; 280; 29; 152403; 9
2; r; 156887; 1088; 97; 5; 156886; 14
2; r; 160090; 1088; 288; 30; 160089; 10
2; r; 163933; 1088; 218; 19; 163932; 11
2; r; 166495; 1088; 279; 28; 166494; 12
2; r; 616882; 1088; 469; 48; 616881; 20
2; r; 618804; 1088; 264; 25; 618803; 32
2; r; 630972; 1088; 149; 9; 630971; 17
2; r; 632253; 1088; 445; 46; 632252; 14
2; r; 662997; 1088; 1003; 108; 662996; 14
2; r; 666199; 1088; 210; 16; 666198; 16
2; r; 673244; 1088; 671; 72; 673243; 17
2; r; 679007; 1088; 905; 98; 679006; 16
2; r; 689893; 1088; 829; 88; 689892; 16
2; r; 705262; 1088; 747; 78; 705261; 20
2; r; 707183; 1088; 476; 50; 707182; 22
2; r; 709105; 1088; 791; 84; 709104; 36
2; r; 711026; 1088; 759; 80; 711025; 13
2; r; 712307; 1088; 931; 102; 712306; 17
2; r; 713588; 1088; 698; 74; 713587; 19
2; r; 722554; 1088; 968; 105; 722553; 22
2; r; 730881; 1088; 771; 82; 730880; 25
2; r; 735364; 1088; 213; 18; 735363; 20
2; r; 748172; 1088; 897; 96; 748171; 30
2; r; 749453; 1088; 928; 100; 749452; 17
2; r; 755857; 1088; 411; 41; 755856; 21
2; r; 760341; 1088; 624; 69; 760340; 19
2; r; 760981; 1088; 837; 90; 760980; 20
2; r; 764824; 1088; 876; 95; 764823; 20
2; r; 766105; 1088; 116; 6; 766104; 22
2; r; 770588; 1088; 695; 73; 770587; 18
2; r; 771229; 1088; 578; 62; 771228; 26
2; r; 788521; 1088; 157; 11; 788520; 22
2; r; 789802; 1088; 593; 66; 789801; 22
2; r; 791083; 1088; 171; 13; 791082; 20
2; r; 794285; 1088; 760; 81; 794284; 30
2; r; 798768; 1088; 481; 51; 798767; 17
2; r; 803891; 1088; 196; 15; 803890; 27
2; r; 809012; 1088; 658; 183; 9011; 4
2; r; 809653; 1088; 130; 8; 809652; 24
2; r; 816056; 1088; 1054; 238; 16055; 1
2; r; 826301; 1088; 324; 146; 26300; 5
2; r; 826942; 1088; 1045; 237; 26941; 3
2; r; 833986; 1088; 168; 12; 833985; 24
2; r; 835907; 1088; 1082; 241; 35906; 1
2; r; 840389; 1088; 679; 185; 40388; 6
2; r; 842310; 1088; 950; 219; 42309; 2
2; r; 844231; 1088; 757; 195; 44230; 4
2; r; 846792; 1088; 1041; 236; 46791; 4
2; r; 849994; 1088; 587; 63; 849993; 21
2; r; 852555; 1088; 1015; 230; 52554; 2
2; r; 856397; 1088; 523; 169; 56396; 6
2; r; 857037; 1088; 450; 156; 57036; 6
2; r; 857678; 1088; 415; 152; 57677; 7
2; r; 862801; 1088; 848; 208; 62800; 3
2; r; 878170; 1088; 844; 207; 78169; 3
2; r; 879451; 1088; 909; 215; 79450; 5
2; r; 881372; 1088; 391; 150; 81371; 10
2; r; 888416; 1088; 642; 181; 88415; 7
2; r; 889697; 1088; 580; 175; 89696; 7
2; r; 890978; 1088; 211; 17; 890977; 30
2; r; 891619; 1088; 42; 118; 91618; 11
2; r; 893540; 1088; 824; 202; 93539; 3
2; r; 899303; 1088; 806; 199; 99302; 5
2; r; 901224; 1088; 915; 216; 101223; 2
2; r; 902505; 1088; 830; 203; 102504; 9
2; r; 903786; 1088; 944; 218; 103785; 6
2; r; 915313; 1088; 728; 192; 115312; 13
2; r; 917234; 1088; 225; 20; 917233; 25
2; r; 917874; 1088; 638; 180; 117873; 12
2; r; 920436; 1088; 874; 211; 120435; 8
2; r; 922357; 1088; 699; 189; 122356; 11
2; r; 928762; 1088; 515; 167; 128761; 8
2; r; 930043; 1088; 681; 186; 130042; 7
2; r; 931324; 1088; 235; 135; 131323; 9
2; r; 937088; 1088; 652; 182; 137087; 6
2; r; 939650; 1088; 507; 166; 139649; 9
2; r; 941572; 1088; 823; 201; 141571; 6
2; r; 942853; 1088; 299; 143; 142852; 14
2; r; 944134; 1088; 165; 126; 144133; 13
2; r; 958864; 1088; 1065; 239; 158863; 9
2; r; 965909; 1088; 249; 138; 165908; 14
2; r; 1368797; 1088; 603; 178; 568796; 15
2; r; 1373922; 1088; 719; 191; 573921; 18
2; r; 1375203; 1088; 78; 120; 575202; 16
2; r; 1379046; 1088; 1012; 228; 579045; 10
2; r; 1384170; 1088; 248; 137; 584169; 15
2; r; 1385451; 1088; 1028; 233; 585450; 18
2; r; 1389935; 1088; 166; 127; 589934; 19
2; r; 1398903; 1088; 66; 3; 1398902; 28
2; r; 1400184; 1088; 527; 170; 600183; 9
2; r; 1402746; 1088; 303; 144; 602745; 15
2; r; 1404667; 1088; 665; 184; 604666; 20
2; r; 1405308; 1088; 506; 165; 605307; 14
2; r; 1409151; 1088; 834; 205; 609150; 9
2; r; 1420039; 1088; 582; 176; 620038; 19
2; r; 1434769; 1088; 732; 193; 634768; 18
2; r; 1436050; 1088; 1030; 234; 636049; 14
2; r; 1437331; 1088; 472; 160; 637330; 14
2; r; 1446940; 1088; 474; 161; 646939; 16
2; r; 1448861; 1088; 539; 173; 648860; 17
2; r; 1457828; 1088; 572; 174; 657827; 19
2; r; 1459109; 1088; 695; 188; 659108; 18
2; r; 1460390; 1088; 447; 155; 660389; 15
2; r; 1466153; 1088; 786; 198; 666152; 19
2; r; 1466793; 1088; 901; 214; 666792; 20
2; r; 1471277; 1088; 923; 217; 671276; 12
2; r; 1472558; 1088; 182; 129; 672557; 15
2; r; 1475120; 1088; 970; 223; 675119; 25
2; r; 1487287; 1088; 1024; 231; 687286; 21
2; r; 1490489; 1088; 821; 200; 690488; 14
2; r; 1500096; 1088; 418; 153; 700095; 22
2; r; 1505860; 1088; 538; 172; 705859; 18
2; r; 1511624; 1088; 100; 121; 711623; 20
2; r; 1512905; 1088; 457; 157; 712904; 23
2; r; 1514826; 1088; 900; 213; 714825; 26
2; r; 1516748; 1088; 322; 145; 716747; 26
2; r; 1518029; 1088; 521; 168; 718028; 16
2; r; 1520591; 1088; 157; 124; 720590; 19
2; r; 1523153; 1088; 694; 187; 723152; 15
2; r; 1526996; 1088; 760; 197; 726995; 24
2; r; 1528918; 1088; 860; 209; 728917; 18
2; r; 1532120; 1088; 480; 162; 732119; 20
2; r; 1539166; 1088; 159; 125; 739165; 19
2; r; 1540447; 1088; 841; 206; 740446; 15
2; r; 1542368; 1088; 270; 141; 742367; 17
2; r; 1543649; 1088; 10; 116; 743648; 20
2; r; 1547492; 1088; 585; 177; 747491; 19
2; r; 1551335; 1088; 959; 221; 751334; 24
2; r; 1555178; 1088; 213; 131; 755177; 19
2; r; 1559021; 1088; 284; 142; 759020; 23
2; r; 1563504; 1088; 460; 158; 763503; 16
2; r; 1571190; 1088; 428; 154; 771189; 24
2; r; 1573111; 1088; 109; 122; 773110; 22
2; r; 1576313; 1088; 66; 119; 776312; 21
2; r; 1585279; 1088; 190; 130; 785278; 24
2; r; 1591684; 1088; 758; 196; 791683; 20
2; r; 1595526; 1088; 339; 147; 795525; 22
2; r; 1596807; 1088; 995; 225; 796806; 22
2; r; 1600009; 1088; 833; 204; 800008; 25
2; r; 1603851; 1088; 267; 140; 803850; 28
2; r; 1607054; 1088; 245; 136; 807053; 25
2; r; 1607694; 1088; 529; 171; 807693; 25
2; r; 1616020; 1088; 503; 164; 816019; 22
2; r; 1623705; 1088; 864; 210; 823704; 24
2; r; 1630752; 1088; 960; 222; 830751; 31
2; r; 1643562; 1088; 117; 123; 843561; 23
3; r; 24330; 1088; 687; 61; 24329; 5
3; r; 26891; 1088; 130; 20; 26890; 6
3; r; 37135; 1088; 1022; 96; 37134; 2
3; r; 40337; 1088; 319; 35; 40336; 8
3; r; 42258; 1088; 475; 49; 42257; 7
3; r; 43539; 1088; 412; 44; 43538; 8
3; r; 45460; 1088; 458; 48; 45459; 4
3; r; 48662; 1088; 1055; 99; 48661; 1
3; r; 55065; 1088; 733; 64; 55064; 10
3; r; 55706; 1088; 51; 9; 55705; 10
3; r; 60828; 1088; 916; 83; 60827; 4
3; r; 62749; 1088; 889; 79; 62748; 2
3; r; 64030; 1088; 743; 66; 64029; 4
3; r; 78118; 1088; 482; 50; 78117; 10
3; r; 81320; 1088; 758; 67; 81319; 5
3; r; 81961; 1088; 963; 89; 81960; 13
3; r; 82601; 1088; 903; 82; 82600; 6
3; r; 83241; 1088; 395; 42; 83240; 9
3; r; 83882; 1088; 979; 92; 83881; 3
3; r; 85803; 1088; 21; 2; 85802; 12
3; r; 89646; 1088; 609; 59; 89645; 4
3; r; 94129; 1088; 559; 57; 94128; 6
3; r; 96691; 1088; 718; 62; 96690; 13
3; r; 101814; 1088; 1025; 97; 101813; 8
3; r; 103095; 1088; 967; 91; 103094; 8
3; r; 105016; 1088; 766; 68; 105015; 10
3; r; 107578; 1088; 405; 43; 107577; 10
3; r; 108218; 1088; 250; 31; 108217; 9
3; r; 108858; 1088; 384; 41; 108857; 12
3; r; 110139; 1088; 958; 88; 110138; 8
3; r; 112060; 1088; 509; 52; 112059; 8
3; r; 115263; 1088; 827; 73; 115262; 11
3; r; 116544; 1088; 887; 78; 116543; 6
3; r; 119105; 1088; 942; 85; 119104; 9
3; r; 120386; 1088; 443; 46; 120385; 10
3; r; 121026; 1088; 43; 6; 121025; 12
3; r; 126150; 1088; 638; 60; 126149; 8
3; r; 137678; 1088; 235; 29; 137677; 15
3; r; 138959; 1088; 735; 65; 138958; 12
3; r; 552921; 1088; 129; 19; 552920; 17
3; r; 554843; 1088; 325; 36; 554842; 9
3; r; 568295; 1088; 884; 77; 568294; 28
3; r; 574059; 1088; 800; 69; 574058; 11
3; r; 575981; 1088; 982; 93; 575980; 15
3; r; 578543; 1088; 869; 75; 578542; 22
3; r; 584308; 1088; 229; 28; 584307; 15
3; r; 595837; 1088; 860; 74; 595836; 16
3; r; 600961; 1088; 46; 7; 600960; 15
3; r; 604803; 1088; 328; 37; 604802; 20
3; r; 607365; 1088; 243; 30; 607364; 21
3; r; 629147; 1088; 34; 5; 629146; 24
3; r; 635551; 1088; 285; 33; 635550; 21
3; r; 636192; 1088; 957; 87; 636191; 17
3; r; 638754; 1088; 1062; 100; 638753; 19
3; r; 675903; 1088; 495; 51; 675902; 23
3; r; 679745; 1088; 112; 17; 679744; 19
3; r; 681026; 1088; 510; 53; 681025; 17
3; r; 685508; 1088; 171; 24; 685507; 18
3; r; 691914; 1088; 106; 16; 691913; 23
3; r; 726494; 1088; 185; 26; 726493; 19
3; r; 729057; 1088; 27; 3; 729056; 23
3; r; 732260; 1088; 607; 58; 732259; 13
3; r; 739306; 1088; 801; 70; 739305; 20
3; r; 746992; 1088; 48; 8; 746991; 18
3; r; 748273; 1088; 199; 27; 748272; 14
3; r; 751475; 1088; 87; 12; 751474; 38
3; r; 770690; 1088; 60; 10; 770689; 32
3; r; 790552; 1088; 457; 47; 790551; 21
3; r; 807846; 1088; 771; 185; 7845; 7
3; r; 811687; 1088; 907; 199; 11686; 4
3; r; 814889; 1088; 855; 192; 14888; 2
3; r; 816810; 1088; 890; 197; 16809; 1
3; r; 823213; 1088; 670; 178; 23212; 7
3; r; 838579; 1088; 976; 204; 38578; 4
3; r; 846263; 1088; 613; 172; 46262; 8
3; r; 847544; 1088; 191; 124; 47543; 13
3; r; 850105; 1088; 651; 175; 50104; 5
3; r; 854588; 1088; 921; 200; 54587; 1
3; r; 860991; 1088; 1085; 211; 60990; 1
3; r; 866754; 1088; 1053; 210; 66753; 1
3; r; 868034; 1088; 1006; 207; 68033; 6
3; r; 880200; 1088; 283; 137; 80199; 8
3; r; 882762; 1088; 612; 171; 82761; 7
3; r; 884683; 1088; 871; 195; 84682; 4
3; r; 887245; 1088; 563; 161; 87244; 14
3; r; 888526; 1088; 449; 149; 88525; 7
3; r; 895570; 1088; 1087; 212; 95569; 3
3; r; 904536; 1088; 1004; 206; 104535; 9
3; r; 907098; 1088; 874; 196; 107097; 7
3; r; 908379; 1088; 452; 150; 108378; 10
3; r; 910940; 1088; 679; 179; 110939; 6
3; r; 911581; 1088; 979; 205; 111580; 5
3; r; 914783; 1088; 958; 202; 114782; 9
3; r; 917345; 1088; 603; 170; 117344; 9
3; r; 917986; 1088; 840; 190; 117985; 5
3; r; 918626; 1088; 448; 148; 118625; 7
3; r; 919267; 1088; 410; 145; 119266; 14
3; r; 927593; 1088; 188; 123; 127592; 13
3; r; 938480; 1088; 906; 198; 138479; 9
3; r; 941683; 1088; 279; 135; 141682; 9
3; r; 947448; 1088; 590; 166; 147447; 7
3; r; 1348990; 1088; 330; 142; 548989; 13
3; r; 1356035; 1088; 73; 111; 556034; 17
3; r; 1371412; 1088; 592; 167; 571411; 22
3; r; 1375256; 1088; 632; 173; 575255; 15
3; r; 1385503; 1088; 851; 191; 585502; 17
3; r; 1403440; 1088; 285; 138; 603439; 12
3; r; 1404722; 1088; 45; 108; 604721; 15
3; r; 1406004; 1088; 315; 141; 606003; 14
3; r; 1420098; 1088; 262; 133; 620097; 19
3; r; 1434829; 1088; 1031; 209; 634828; 18
3; r; 1439953; 1088; 498; 157; 639952; 20
3; r; 1455323; 1088; 239; 131; 655322; 20
3; r; 1465570; 1088; 147; 122; 665569; 25
3; r; 1471334; 1088; 3; 101; 671333; 18
3; r; 1475817; 1088; 103; 113; 675816; 20
3; r; 1486703; 1088; 530; 159; 686702; 18
3; r; 1490546; 1088; 119; 117; 690545; 17
3; r; 1492467; 1088; 290; 140; 692466; 20
3; r; 1496309; 1088; 112; 116; 696308; 20
3; r; 1502073; 1088; 29; 104; 702072; 19
3; r; 1507196; 1088; 218; 127; 707195; 24
3; r; 1531531; 1088; 821; 188; 731530; 31
3; r; 1535373; 1088; 468; 154; 735372; 19
3; r; 1536654; 1088; 127; 119; 736653; 16
3; r; 1538575; 1088; 17; 102; 738574; 21
3; r; 1543058; 1088; 100; 112; 743057; 19
3; r; 1546901; 1088; 110; 115; 746900; 16
3; r; 1562910; 1088; 120; 118; 762909; 19
3; r; 1565471; 1088; 839; 189; 765470; 22
3; r; 1566112; 1088; 557; 160; 766111; 25
3; r; 1570594; 1088; 775; 186; 770593; 16
3; r; 1573156; 1088; 441; 146; 773155; 27
3; r; 1582763; 1088; 465; 153; 782762; 14
3; r; 1599414; 1088; 201; 125; 799413; 33
3; r; 1604538; 1088; 600; 169; 804537; 23
3; r; 1608381; 1088; 364; 144; 808380; 22
3; r; 1614786; 1088; 702; 181; 814785; 26
3; r; 1615427; 1088; 287; 139; 815426; 25
3; r; 1619271; 1088; 456; 151; 819270; 19
3; r; 1621834; 1088; 38; 106; 821833; 27
3; r; 1625036; 1088; 219; 128; 825035; 33
3; r; 1626318; 1088; 594; 168; 826317; 29
3; r; 1644257; 1088; 234; 130; 844256; 30
3; r; 1647461; 1088; 1026; 208; 847460; 24
3; r; 1651948; 1088; 761; 184; 851947; 23
3; r; 1659640; 1088; 224; 129; 859639; 28
3; r; 1667981; 1088; 696; 180; 867980; 29
4; r; 1281; 1088; 846; 99; 1280; 3
4; r; 6402; 1088; 1018; 113; 6401; 1
4; r; 11524; 1088; 367; 41; 11523; 10
4; r; 26249; 1088; 227; 26; 26248; 7
4; r; 27529; 1088; 708; 84; 27528; 6
4; r; 32011; 1088; 719; 87; 32010; 4
4; r; 33292; 1088; 706; 83; 33291; 5
4; r; 33933; 1088; 1054; 117; 33932; 1
4; r; 35854; 1088; 952; 109; 35853; 1
4; r; 40336; 1088; 202; 24; 40335; 16
4; r; 46739; 1088; 748; 91; 46738; 3
4; r; 48020; 1088; 414; 46; 48019; 8
4; r; 49941; 1088; 88; 8; 49940; 7
4; r; 51222; 1088; 1045; 116; 51221; 3
4; r; 66589; 1088; 987; 112; 66588; 1
4; r; 68510; 1088; 1078; 120; 68509; 3
4; r; 72992; 1088; 520; 57; 72991; 4
4; r; 80677; 1088; 886; 103; 80676; 2
4; r; 81958; 1088; 813; 96; 81957; 3
4; r; 87081; 1088; 257; 29; 87080; 8
4; r; 91564; 1088; 346; 40; 91563; 9
4; r; 101169; 1088; 623; 72; 101168; 3
4; r; 102450; 1088; 315; 37; 102449; 10
4; r; 103731; 1088; 942; 107; 103730; 5
4; r; 104371; 1088; 643; 74; 104370; 9
4; r; 105652; 1088; 934; 106; 105651; 4
4; r; 106933; 1088; 702; 82; 106932; 11
4; r; 108214; 1088; 476; 55; 108213; 13
4; r; 109495; 1088; 651; 77; 109494; 8
4; r; 113337; 1088; 688; 81; 113336; 6
4; r; 117820; 1088; 87; 7; 117819; 8
4; r; 120382; 1088; 1037; 115; 120381; 8
4; r; 123585; 1088; 274; 32; 123584; 11
4; r; 124866; 1088; 775; 93; 124865; 8
4; r; 126147; 1088; 714; 85; 126146; 7
4; r; 130631; 1088; 586; 68; 130630; 7
4; r; 134473; 1088; 559; 64; 134472; 6
4; r; 137675; 1088; 451; 51; 137674; 11
4; r; 142798; 1088; 948; 108; 142797; 5
4; r; 146641; 1088; 573; 67; 146640; 11
4; r; 150484; 1088; 820; 97; 150483; 7
4; r; 157528; 1088; 745; 90; 157527; 8
4; r; 160090; 1088; 147; 16; 160089; 11
4; r; 162652; 1088; 571; 66; 162651; 8
4; r; 177383; 1088; 682; 79; 177382; 9
4; r; 178664; 1088; 380; 43; 178663; 10
4; r; 179945; 1088; 644; 75; 179944; 10
4; r; 180585; 1088; 440; 50; 180584; 12
4; r; 182506; 1088; 467; 52; 182505; 16
4; r; 183147; 1088; 427; 49; 183146; 7
4; r; 201081; 1088; 474; 54; 201080; 16
4; r; 203003; 1088; 331; 39; 203002; 11
4; r; 211330; 1088; 185; 20; 211329; 16
4; r; 211971; 1088; 910; 105; 211970; 12
4; r; 217736; 1088; 548; 61; 217735; 8
4; r; 218376; 1088; 310; 36; 218375; 13
4; r; 226703; 1088; 771; 92; 226702; 17
4; r; 233749; 1088; 330; 38; 233748; 13
4; r; 242075; 1088; 126; 13; 242074; 18
4; r; 242715; 1088; 1071; 119; 242714; 15
4; r; 247199; 1088; 801; 95; 247198; 11
4; r; 247840; 1088; 613; 70; 247839; 25
4; r; 251683; 1088; 17; 3; 251682; 13
4; r; 260010; 1088; 144; 15; 260009; 17
4; r; 263213; 1088; 235; 28; 263212; 17
4; r; 273463; 1088; 289; 33; 273462; 16
4; r; 274744; 1088; 1031; 114; 274743; 19
4; r; 275385; 1088; 891; 104; 275384; 18
4; r; 278588; 1088; 473; 53; 278587; 13
4; r; 292679; 1088; 399; 45; 292678; 15
4; r; 297163; 1088; 9; 1; 297162; 17
4; r; 309336; 1088; 189; 22; 309335; 14
4; r; 310618; 1088; 195; 23; 310617; 15
4; r; 318307; 1088; 542; 59; 318306; 14
4; r; 319588; 1088; 22; 4; 319587; 12
4; r; 322152; 1088; 208; 25; 322151; 23
4; r; 339454; 1088; 568; 65; 339453; 18
4; r; 343300; 1088; 859; 101; 343299; 20
4; r; 351635; 1088; 793; 94; 351634; 19
4; r; 797032; 1088; 172; 19; 797031; 23
4; r; 798953; 1088; 958; 110; 798952; 26
4; r; 808558; 1088; 611; 200; 8557; 6
4; r; 814320; 1088; 983; 111; 814319; 26
4; r; 820722; 1088; 172; 140; 20721; 9
4; r; 823283; 1088; 909; 222; 23282; 4
4; r; 827766; 1088; 716; 86; 827765; 27
4; r; 829047; 1088; 503; 187; 29046; 9
4; r; 834811; 1088; 605; 69; 834810; 24
4; r; 837372; 1088; 956; 226; 37371; 1
4; r; 844415; 1088; 819; 217; 44414; 2
4; r; 861702; 1088; 550; 63; 861701; 24
4; r; 866824; 1088; 1013; 233; 66823; 4
4; r; 870026; 1088; 781; 213; 70025; 6
4; r; 874508; 1088; 389; 171; 74507; 6
4; r; 876429; 1088; 129; 136; 76428; 8
4; r; 877710; 1088; 418; 175; 77709; 6
4; r; 886035; 1088; 857; 219; 86034; 2
4; r; 886675; 1088; 1007; 232; 86674; 4
4; r; 887316; 1088; 1006; 231; 87315; 3
4; r; 888597; 1088; 492; 185; 88596; 8
4; r; 891799; 1088; 540; 189; 91798; 12
4; r; 893079; 1088; 551; 190; 93078; 5
4; r; 894361; 1088; 8; 0; 894360; 31
4; r; 895642; 1088; 962; 229; 95641; 7
4; r; 896282; 1088; 453; 178; 96281; 8
4; r; 902045; 1088; 503; 56; 902044; 31
4; r; 903967; 1088; 852; 218; 103966; 3
4; r; 907809; 1088; 1075; 239; 107808; 5
4; r; 909731; 1088; 663; 203; 109730; 10
4; r; 918058; 1088; 1002; 230; 118057; 5
4; r; 928946; 1088; 680; 206; 128945; 4
4; r; 932148; 1088; 82; 131; 132147; 10
4; r; 933429; 1088; 17; 123; 133428; 11
4; r; 934069; 1088; 188; 143; 134068; 11
4; r; 936631; 1088; 502; 186; 136630; 8
4; r; 937912; 1088; 185; 142; 137911; 12
4; r; 939193; 1088; 572; 193; 139192; 7
4; r; 943676; 1088; 277; 154; 143675; 13
4; r; 946878; 1088; 673; 204; 146877; 12
4; r; 949440; 1088; 291; 156; 149439; 8
4; r; 955205; 1088; 867; 221; 155204; 9
4; r; 959688; 1088; 809; 215; 159687; 6
4; r; 962891; 1088; 593; 198; 162890; 8
4; r; 964813; 1088; 622; 71; 964812; 33
4; r; 967375; 1088; 810; 216; 167374; 9
4; r; 974421; 1088; 152; 137; 174420; 13
4; r; 976342; 1088; 463; 182; 176341; 10
4; r; 978265; 1088; 67; 130; 178264; 12
4; r; 980827; 1088; 727; 208; 180826; 9
4; r; 983389; 1088; 805; 214; 183388; 13
4; r; 984029; 1088; 1026; 234; 184028; 8
4; r; 986591; 1088; 459; 181; 186590; 12
4; r; 990434; 1088; 676; 205; 190433; 7
4; r; 991075; 1088; 738; 209; 191074; 15
4; r; 1000684; 1088; 195; 145; 200683; 13
4; r; 1006450; 1088; 317; 161; 206449; 11
4; r; 1014137; 1088; 568; 192; 214136; 18
4; r; 1015418; 1088; 777; 212; 215417; 8
4; r; 1019902; 1088; 438; 177; 219901; 8
4; r; 1020542; 1088; 470; 184; 220541; 16
4; r; 1021824; 1088; 153; 138; 221823; 11
4; r; 1023745; 1088; 194; 144; 223744; 15
4; r; 1026948; 1088; 414; 174; 226947; 10
4; r; 1028870; 1088; 122; 135; 228869; 18
4; r; 1035916; 1088; 313; 159; 235915; 15
4; r; 1037838; 1088; 576; 194; 237837; 12
4; r; 1041041; 1088; 960; 227; 241040; 14
4; r; 1046806; 1088; 739; 210; 246805; 9
4; r; 1048087; 1088; 306; 158; 248086; 17
4; r; 1057054; 1088; 380; 168; 257053; 20
4; r; 1067303; 1088; 394; 172; 267302; 11
4; r; 1069225; 1088; 246; 150; 269224; 16
4; r; 1073711; 1088; 256; 152; 273710; 14
4; r; 1079477; 1088; 334; 163; 279476; 16
4; r; 1082040; 1088; 315; 160; 282039; 11
4; r; 1086523; 1088; 95; 132; 286522; 13
4; r; 1088445; 1088; 249; 151; 288444; 13
4; r; 1094852; 1088; 97; 133; 294851; 16
4; r; 1102541; 1088; 1073; 238; 302540; 8
4; r; 1103822; 1088; 578; 195; 303821; 13
4; r; 1108308; 1088; 401; 173; 308307; 14
4; r; 1115356; 1088; 263; 153; 315355; 12
4; r; 1117279; 1088; 369; 166; 317278; 19
4; r; 1127532; 1088; 232; 149; 327531; 17
4; r; 1139705; 1088; 458; 180; 339704; 23
4; r; 1142269; 1088; 180; 141; 342268; 15
4; r; 1142910; 1088; 0; 121; 342909; 15
4; r; 1154447; 1088; 49; 127; 354446; 17
4; r; 1155729; 1088; 196; 146; 355728; 17
4; r; 1165987; 1088; 324; 162; 365986; 20
4; r; 1168554; 1088; 1065; 237; 368553; 21
4; r; 1179457; 1088; 936; 225; 379456; 19
4; r; 1597625; 1088; 628; 201; 797624; 27
4; r; 1602748; 1088; 454; 179; 802747; 19
4; r; 1607231; 1088; 654; 202; 807230; 21
4; r; 1613636; 1088; 381; 169; 813635; 23
4; r; 1614917; 1088; 1032; 235; 814916; 25
4; r; 1616198; 1088; 292; 157; 816197; 27
4; r; 1624525; 1088; 287; 155; 824524; 24
4; r; 1628367; 1088; 13; 122; 828366; 20
4; r; 1644381; 1088; 464; 183; 844380; 26
4; r; 1671933; 1088; 580; 196; 871932; 27
4; r; 1678984; 1088; 373; 167; 878983; 23
4; r; 1689240; 1088; 229; 148; 889239; 18
4; r; 1693734; 1088; 50; 128; 893733; 28
4; r; 1698228; 1088; 1033; 236; 898227; 30
5; r; 3842; 1088; 791; 71; 3841; 3
5; r; 8324; 1088; 720; 69; 8323; 3
5; r; 12165; 1088; 314; 33; 12164; 6
5; r; 28171; 1088; 512; 53; 28170; 7
5; r; 31373; 1088; 995; 84; 31372; 8
5; r; 35855; 1088; 1005; 89; 35854; 6
5; r; 43539; 1088; 879; 76; 43538; 4
5; r; 46741; 1088; 664; 63; 46740; 11
5; r; 50583; 1088; 846; 74; 50582; 3
5; r; 58267; 1088; 922; 80; 58266; 1
5; r; 60188; 1088; 946; 82; 60187; 3
5; r; 65310; 1088; 723; 70; 65309; 3
5; r; 70433; 1088; 848; 75; 70432; 3
5; r; 74915; 1088; 417; 43; 74914; 8
5; r; 79397; 1088; 1021; 90; 79396; 2
5; r; 84520; 1088; 600; 58; 84519; 10
5; r; 87081; 1088; 560; 56; 87080; 4
5; r; 87722; 1088; 494; 50; 87721; 5
5; r; 94767; 1088; 185; 21; 94766; 12
5; r; 97969; 1088; 836; 73; 97968; 6
5; r; 108856; 1088; 398; 40; 108855; 9
5; r; 112058; 1088; 409; 42; 112057; 9
5; r; 117181; 1088; 999; 86; 117180; 13
5; r; 124225; 1088; 1003; 87; 124224; 13
5; r; 126147; 1088; 473; 46; 126146; 17
5; r; 126788; 1088; 468; 45; 126787; 13
5; r; 129990; 1088; 943; 81; 129989; 4
5; r; 133832; 1088; 483; 49; 133831; 6
5; r; 136394; 1088; 508; 52; 136393; 5
5; r; 137675; 1088; 557; 55; 137674; 6
5; r; 138956; 1088; 475; 47; 138955; 16
5; r; 144721; 1088; 666; 64; 144720; 10
5; r; 147283; 1088; 1029; 92; 147282; 5
5; r; 157531; 1088; 482; 48; 157530; 12
5; r; 160093; 1088; 302; 32; 160092; 13
5; r; 163936; 1088; 321; 34; 163935; 19
5; r; 176104; 1088; 240; 27; 176103; 13
5; r; 178666; 1088; 899; 78; 178665; 9
5; r; 179307; 1088; 29; 2; 179306; 10
5; r; 183790; 1088; 121; 12; 183789; 12
5; r; 184431; 1088; 55; 5; 184430; 10
5; r; 185071; 1088; 368; 36; 185070; 13
5; r; 186993; 1088; 374; 38; 186992; 10
5; r; 187634; 1088; 14; 1; 187633; 11
5; r; 192118; 1088; 251; 29; 192117; 16
5; r; 195320; 1088; 683; 65; 195319; 8
5; r; 201084; 1088; 226; 25; 201083; 16
5; r; 203646; 1088; 100; 8; 203645; 15
5; r; 212613; 1088; 693; 66; 212612; 16
5; r; 215175; 1088; 438; 44; 215174; 9
5; r; 217097; 1088; 643; 60; 217096; 10
5; r; 235032; 1088; 538; 54; 235031; 17
5; r; 236954; 1088; 563; 57; 236953; 15
5; r; 249125; 1088; 173; 19; 249124; 17
5; r; 254249; 1088; 1033; 93; 254248; 19
5; r; 663824; 1088; 103; 9; 663823; 18
5; r; 668306; 1088; 178; 20; 668305; 21
5; r; 673429; 1088; 244; 28; 673428; 20
5; r; 674710; 1088; 150; 14; 674709; 19
5; r; 677271; 1088; 650; 61; 677270; 25
5; r; 684956; 1088; 152; 16; 684955; 27
5; r; 692641; 1088; 151; 15; 692640; 21
5; r; 695203; 1088; 401; 41; 695202; 29
5; r; 713774; 1088; 53; 4; 713773; 19
5; r; 726583; 1088; 700; 67; 726582; 22
5; r; 728505; 1088; 711; 68; 728504; 24
5; r; 735550; 1088; 68; 7; 735549; 32
5; r; 753481; 1088; 10; 0; 753480; 21
5; r; 754762; 1088; 881; 77; 754761; 23
5; r; 767572; 1088; 170; 18; 767571; 22
5; r; 776538; 1088; 47; 3; 776537; 27
5; r; 782301; 1088; 120; 11; 782300; 26
5; r; 793830; 1088; 1024; 91; 793829; 23
5; r; 811760; 1088; 323; 130; 11759; 5
5; r; 814320; 1088; 320; 128; 14319; 7
5; r; 815601; 1088; 1015; 200; 15600; 3
5; r; 820723; 1088; 399; 138; 20722; 10
5; r; 823284; 1088; 782; 178; 23283; 3
5; r; 827766; 1088; 914; 194; 27765; 2
5; r; 831607; 1088; 838; 187; 31606; 4
5; r; 834808; 1088; 820; 185; 34807; 4
5; r; 837369; 1088; 1076; 208; 37368; 3
5; r; 845694; 1088; 815; 183; 45693; 2
5; r; 846975; 1088; 850; 188; 46974; 3
5; r; 849536; 1088; 816; 184; 49535; 3
5; r; 861061; 1088; 49; 101; 61060; 10
5; r; 861701; 1088; 789; 179; 61700; 2
5; r; 870667; 1088; 419; 140; 70666; 9
5; r; 872588; 1088; 756; 176; 72587; 3
5; r; 874510; 1088; 568; 155; 74509; 12
5; r; 879634; 1088; 704; 172; 79633; 5
5; r; 880274; 1088; 523; 149; 80273; 4
5; r; 881555; 1088; 694; 171; 81554; 12
5; r; 887318; 1088; 76; 105; 87317; 11
5; r; 889879; 1088; 1013; 199; 89878; 2
5; r; 891800; 1088; 488; 145; 91799; 15
5; r; 902686; 1088; 930; 197; 102685; 6
5; r; 904607; 1088; 616; 164; 104606; 8
5; r; 909089; 1088; 581; 159; 109088; 7
5; r; 912291; 1088; 1020; 202; 112290; 3
5; r; 916774; 1088; 579; 158; 116773; 7
5; r; 921257; 1088; 667; 168; 121256; 8
5; r; 921898; 1088; 439; 142; 121897; 7
5; r; 925740; 1088; 321; 129; 125739; 12
5; r; 934707; 1088; 724; 174; 134706; 5
5; r; 937269; 1088; 359; 133; 137268; 8
5; r; 938550; 1088; 589; 160; 138549; 9
5; r; 939831; 1088; 810; 182; 139830; 8
5; r; 941112; 1088; 387; 136; 141111; 7
5; r; 944314; 1088; 328; 131; 144313; 11
5; r; 946876; 1088; 222; 118; 146875; 5
5; r; 947517; 1088; 372; 135; 147516; 10
5; r; 948798; 1088; 114; 108; 148797; 11
5; r; 953281; 1088; 672; 169; 153280; 8
5; r; 953922; 1088; 120; 109; 153921; 10
5; r; 959686; 1088; 443; 143; 159685; 13
5; r; 961607; 1088; 550; 153; 161606; 6
5; r; 966732; 1088; 154; 112; 166731; 10
5; r; 971215; 1088; 557; 154; 171214; 4
5; r; 976979; 1088; 350; 132; 176978; 6
5; r; 984666; 1088; 865; 190; 184665; 15
5; r; 985306; 1088; 1024; 203; 185305; 12
5; r; 991070; 1088; 597; 161; 191069; 15
5; r; 996194; 1088; 548; 152; 196193; 11
5; r; 999397; 1088; 65; 102; 199396; 16
5; r; 1001319; 1088; 67; 103; 201318; 24
5; r; 1011567; 1088; 280; 126; 211566; 8
5; r; 1016691; 1088; 828; 186; 216690; 11
5; r; 1019254; 1088; 577; 157; 219253; 12
5; r; 1027579; 1088; 570; 156; 227578; 9
5; r; 1042312; 1088; 169; 113; 242311; 14
5; r; 1047436; 1088; 762; 177; 247435; 10
5; r; 1051280; 1088; 235; 120; 251279; 15
5; r; 1053842; 1088; 605; 162; 253841; 16
5; r; 1058326; 1088; 105; 106; 258325; 14
5; r; 1058967; 1088; 1058; 205; 258966; 13
5; r; 1463778; 1088; 628; 165; 663777; 8
5; r; 1469541; 1088; 683; 170; 669540; 15
5; r; 1472743; 1088; 956; 198; 672742; 15
5; r; 1474024; 1088; 24; 98; 674023; 22
5; r; 1475305; 1088; 661; 167; 675304; 18
5; r; 1482350; 1088; 658; 166; 682349; 20
5; r; 1484272; 1088; 297; 127; 684271; 25
5; r; 1488114; 1088; 219; 116; 688113; 20
5; r; 1489395; 1088; 273; 125; 689394; 18
5; r; 1493236; 1088; 513; 148; 693235; 27
5; r; 1495158; 1088; 211; 115; 695157; 20
5; r; 1497079; 1088; 15; 97; 697078; 17
5; r; 1502843; 1088; 499; 146; 702842; 26
5; r; 1510527; 1088; 48; 100; 710526; 21
5; r; 1518852; 1088; 252; 122; 718851; 19
5; r; 1523975; 1088; 220; 117; 723974; 22
5; r; 1531661; 1088; 708; 173; 731660; 24
5; r; 1534863; 1088; 535; 151; 734862; 28
5; r; 1540627; 1088; 889; 192; 740626; 26
5; r; 1543189; 1088; 367; 134; 743188; 23
5; r; 1554076; 1088; 1074; 207; 754075; 22
5; r; 1557279; 1088; 14; 96; 757278; 24
5; r; 1568167; 1088; 121; 110; 768166; 21
5; r; 1577774; 1088; 866; 191; 777773; 25
5; r; 1588021; 1088; 188; 114; 788020; 15
5; r; 1592504; 1088; 896; 193; 792503; 21
5; r; 1605313; 1088; 1018; 201; 805312; 23
5; r; 1609155; 1088; 854; 189; 809154; 20
5; r; 1621326; 1088; 916; 195; 821325; 35
6; r; 4482; 1088; 784; 64; 4481; 3
6; r; 12164; 1088; 1018; 98; 12163; 1
6; r; 26249; 1088; 950; 89; 26248; 3
6; r; 29451; 1088; 667; 53; 29450; 7
6; r; 30091; 1088; 930; 85; 30090; 9
6; r; 33292; 1088; 790; 65; 33291; 3
6; r; 35853; 1088; 858; 74; 35852; 11
6; r; 47378; 1088; 491; 40; 47377; 11
6; r; 51860; 1088; 657; 50; 51859; 5
6; r; 53781; 1088; 159; 15; 53780; 9
6; r; 55702; 1088; 313; 27; 55701; 6
6; r; 62106; 1088; 1020; 99; 62105; 1
6; r; 64668; 1088; 745; 59; 64667; 4
6; r; 69151; 1088; 954; 90; 69150; 1
6; r; 72993; 1088; 805; 67; 72992; 7
6; r; 77476; 1088; 848; 72; 77475; 5
6; r; 81318; 1088; 1035; 100; 81317; 7
6; r; 83239; 1088; 960; 91; 83238; 6
6; r; 84520; 1088; 114; 11; 84519; 15
6; r; 96687; 1088; 904; 83; 96686; 7
6; r; 99248; 1088; 350; 30; 99247; 9
6; r; 108854; 1088; 263; 20; 108853; 9
6; r; 109495; 1088; 1066; 103; 109494; 6
6; r; 115899; 1088; 662; 52; 115898; 8
6; r; 122944; 1088; 103; 9; 122943; 11
6; r; 123584; 1088; 674; 54; 123583; 9
6; r; 124225; 1088; 824; 69; 124224; 3
6; r; 129349; 1088; 851; 73; 129348; 5
6; r; 140876; 1088; 975; 93; 140875; 13
6; r; 144719; 1088; 766; 61; 144718; 10
6; r; 146640; 1088; 36; 4; 146639; 15
6; r; 147281; 1088; 482; 38; 147280; 13
6; r; 149202; 1088; 777; 63; 149201; 13
6; r; 158809; 1088; 893; 80; 158808; 12
6; r; 163292; 1088; 111; 10; 163291; 13
6; r; 165213; 1088; 568; 45; 165212; 17
6; r; 167775; 1088; 219; 18; 167774; 12
6; r; 169056; 1088; 710; 56; 169055; 8
6; r; 176743; 1088; 228; 19; 176742; 10
6; r; 177383; 1088; 295; 22; 177382; 10
6; r; 178024; 1088; 684; 55; 178023; 8
6; r; 179305; 1088; 873; 77; 179304; 8
6; r; 185710; 1088; 310; 25; 185709; 9
6; r; 187631; 1088; 625; 48; 187630; 10
6; r; 188912; 1088; 977; 94; 188911; 11
6; r; 192755; 1088; 9; 1; 192754; 18
6; r; 196597; 1088; 286; 21; 196596; 13
6; r; 197878; 1088; 832; 70; 197877; 9
6; r; 200440; 1088; 872; 76; 200439; 9
6; r; 208766; 1088; 56; 7; 208765; 12
6; r; 212609; 1088; 426; 35; 212608; 9
6; r; 213249; 1088; 543; 42; 213248; 18
6; r; 217733; 1088; 326; 28; 217732; 10
6; r; 219654; 1088; 51; 6; 219653; 15
6; r; 223498; 1088; 961; 92; 223497; 12
6; r; 243995; 1088; 191; 17; 243994; 14
6; r; 249760; 1088; 763; 60; 249759; 18
6; r; 250400; 1088; 875; 78; 250399; 12
6; r; 251682; 1088; 301; 24; 251681; 16
6; r; 253604; 1088; 298; 23; 253603; 13
6; r; 254245; 1088; 495; 41; 254244; 16
6; r; 257448; 1088; 639; 49; 257447; 12
6; r; 258088; 1088; 58; 8; 258087; 20
6; r; 261291; 1088; 1063; 102; 261290; 22
6; r; 263213; 1088; 1070; 104; 263212; 13
6; r; 270901; 1088; 13; 2; 270900; 23
6; r; 276025; 1088; 892; 79; 276024; 18
6; r; 278587; 1088; 991; 97; 278586; 15
6; r; 281790; 1088; 49; 5; 281789; 14
6; r; 284354; 1088; 1039; 101; 284353; 23
6; r; 287558; 1088; 442; 36; 287557; 19
6; r; 295889; 1088; 947; 88; 295888; 17
6; r; 720099; 1088; 559; 44; 720098; 26
6; r; 721380; 1088; 367; 32; 721379; 22
6; r; 722661; 1088; 410; 33; 722660; 24
6; r; 732909; 1088; 661; 51; 732908; 24
6; r; 734830; 1088; 172; 16; 734829; 27
6; r; 761088; 1088; 847; 71; 761087; 19
6; r; 764291; 1088; 556; 43; 764290; 30
6; r; 767493; 1088; 717; 57; 767492; 20
6; r; 780943; 1088; 490; 39; 780942; 22
6; r; 782864; 1088; 312; 26; 782863; 24
6; r; 784145; 1088; 773; 62; 784144; 24
6; r; 791832; 1088; 26; 3; 791831; 24
6; r; 796316; 1088; 913; 84; 796315; 29
6; r; 800160; 1088; 986; 210; 159; 1
6; r; 809764; 1088; 781; 184; 9763; 6
6; r; 813605; 1088; 163; 126; 13604; 7
6; r; 814246; 1088; 817; 68; 814245; 26
6; r; 818087; 1088; 626; 170; 18086; 3
6; r; 819368; 1088; 1002; 212; 19367; 6
6; r; 827053; 1088; 314; 138; 27052; 10
6; r; 829614; 1088; 801; 66; 829613; 30
6; r; 830254; 1088; 1047; 215; 30253; 2
6; r; 836658; 1088; 425; 150; 36657; 9
6; r; 838579; 1088; 913; 202; 38578; 3
6; r; 839219; 1088; 1044; 214; 39218; 2
6; r; 841140; 1088; 875; 197; 41139; 9
6; r; 843061; 1088; 866; 196; 43060; 6
6; r; 848824; 1088; 905; 200; 48823; 5
6; r; 851386; 1088; 758; 182; 51385; 4
6; r; 862273; 1088; 828; 192; 62272; 10
6; r; 869317; 1088; 785; 185; 69316; 3
6; r; 869957; 1088; 147; 124; 69956; 9
6; r; 873159; 1088; 132; 120; 73158; 15
6; r; 876361; 1088; 111; 117; 76360; 10
6; r; 877642; 1088; 589; 168; 77641; 9
6; r; 887248; 1088; 914; 203; 87247; 4
6; r; 887888; 1088; 459; 154; 87887; 7
6; r; 890450; 1088; 916; 205; 90449; 2
6; r; 893011; 1088; 467; 155; 93010; 9
6; r; 894933; 1088; 915; 204; 94932; 2
6; r; 898775; 1088; 521; 160; 98774; 5
6; r; 901337; 1088; 879; 198; 101336; 5
6; r; 905180; 1088; 809; 189; 105179; 6
6; r; 906461; 1088; 526; 163; 106460; 4
6; r; 915427; 1088; 493; 159; 115426; 10
6; r; 917348; 1088; 862; 194; 117347; 10
6; r; 918629; 1088; 405; 148; 118628; 9
6; r; 921831; 1088; 954; 207; 121830; 6
6; r; 928235; 1088; 213; 129; 128234; 13
6; r; 930156; 1088; 73; 114; 130155; 14
6; r; 935280; 1088; 906; 201; 135279; 8
6; r; 939123; 1088; 91; 116; 139122; 10
6; r; 945527; 1088; 674; 172; 145526; 5
6; r; 949369; 1088; 419; 149; 149368; 11
6; r; 953852; 1088; 545; 165; 153851; 9
6; r; 961538; 1088; 273; 134; 161537; 12
6; r; 962819; 1088; 717; 178; 162818; 9
6; r; 963460; 1088; 446; 153; 163459; 13
6; r; 967944; 1088; 702; 176; 167943; 8
6; r; 971787; 1088; 403; 147; 171786; 12
6; r; 985238; 1088; 996; 211; 185237; 10
6; r; 989722; 1088; 840; 193; 189721; 9
6; r; 992284; 1088; 348; 142; 192283; 13
6; r; 996127; 1088; 813; 190; 196126; 7
6; r; 997407; 1088; 345; 141; 197406; 13
6; r; 998048; 1088; 523; 161; 198047; 15
6; r; 1005734; 1088; 471; 156; 205733; 11
6; r; 1009578; 1088; 563; 166; 209577; 11
6; r; 1010859; 1088; 952; 206; 210858; 7
6; r; 1014062; 1088; 981; 209; 214061; 8
6; r; 1015984; 1088; 233; 130; 215983; 17
6; r; 1017265; 1088; 352; 143; 217264; 7
6; r; 1026873; 1088; 865; 195; 226872; 11
6; r; 1030716; 1088; 737; 180; 230715; 10
6; r; 1035841; 1088; 532; 164; 235840; 13
6; r; 1038403; 1088; 800; 187; 238402; 8
6; r; 1041607; 1088; 145; 123; 241606; 9
6; r; 1042889; 1088; 636; 171; 242888; 16
6; r; 1046733; 1088; 59; 111; 246732; 14
6; r; 1047373; 1088; 355; 144; 247372; 9
6; r; 1048655; 1088; 482; 157; 248654; 11
6; r; 1053139; 1088; 268; 133; 253138; 14
6; r; 1060185; 1088; 248; 131; 260184; 13
6; r; 1060825; 1088; 47; 108; 260824; 17
6; r; 1069153; 1088; 68; 113; 269152; 16
6; r; 1080043; 1088; 125; 119; 280042; 9
6; r; 1085809; 1088; 440; 152; 285808; 16
6; r; 1089654; 1088; 176; 127; 289653; 14
6; r; 1098624; 1088; 827; 191; 298623; 11
6; r; 1103749; 1088; 191; 128; 303748; 14
6; r; 1521380; 1088; 712; 177; 721379; 20
6; r; 1525222; 1088; 55; 110; 725221; 24
6; r; 1536108; 1088; 36; 107; 736107; 21
6; r; 1536748; 1088; 402; 146; 736747; 23
6; r; 1541231; 1088; 692; 174; 741230; 27
6; r; 1548275; 1088; 118; 118; 748274; 23
6; r; 1548916; 1088; 299; 137; 748915; 20
6; r; 1550837; 1088; 290; 135; 750836; 16
6; r; 1553399; 1088; 48; 109; 753398; 18
6; r; 1555959; 1088; 892; 199; 755958; 23
6; r; 1563004; 1088; 60; 112; 763003; 18
6; r; 1581576; 1088; 525; 162; 781575; 29
6; r; 1585419; 1088; 24; 106; 785418; 21
6; r; 1591823; 1088; 321; 139; 791822; 29
6; r; 1623847; 1088; 806; 188; 823846; 25
6; r; 1631533; 1088; 140; 122; 831532; 39
7; r; 3202; 1088; 881; 93; 3201; 3
7; r; 7043; 1088; 1082; 113; 7042; 1
7; r; 13446; 1088; 1054; 108; 13445; 2
7; r; 17928; 1088; 989; 101; 17927; 1
7; r; 24971; 1088; 671; 67; 24970; 6
7; r; 29453; 1088; 1079; 112; 29452; 2
7; r; 30093; 1088; 1002; 102; 30092; 6
7; r; 35856; 1088; 789; 81; 35855; 2
7; r; 476420; 1088; 339; 36; 476419; 10
7; r; 483466; 1088; 735; 74; 483465; 13
7; r; 484748; 1088; 31; 3; 484747; 10
7; r; 487953; 1088; 449; 50; 487952; 10
7; r; 496280; 1088; 966; 100; 496279; 8
7; r; 501404; 1088; 245; 27; 501403; 10
7; r; 534068; 1088; 306; 33; 534067; 14
7; r; 543036; 1088; 285; 29; 543035; 12
7; r; 546239; 1088; 228; 25; 546238; 10
7; r; 552003; 1088; 3; 0; 552002; 13
7; r; 558408; 1088; 869; 92; 558407; 13
7; r; 559049; 1088; 770; 79; 559048; 11
7; r; 569297; 1088; 848; 91; 569296; 7
7; r; 572500; 1088; 909; 96; 572499; 5
7; r; 582108; 1088; 300; 31; 582107; 12
7; r; 586591; 1088; 581; 59; 586590; 6
7; r; 589153; 1088; 157; 16; 589152; 16
7; r; 598762; 1088; 803; 83; 598761; 17
7; r; 601965; 1088; 32; 4; 601964; 13
7; r; 610933; 1088; 348; 39; 610932; 12
7; r; 612214; 1088; 1063; 110; 612213; 10
7; r; 617338; 1088; 816; 85; 617337; 15
7; r; 622462; 1088; 83; 9; 622461; 15
7; r; 631428; 1088; 838; 89; 631427; 20
7; r; 635271; 1088; 771; 80; 635270; 16
7; r; 648080; 1088; 911; 97; 648079; 13
7; r; 650002; 1088; 554; 57; 650001; 15
7; r; 663453; 1088; 107; 12; 663452; 21
7; r; 667936; 1088; 200; 21; 667935; 24
7; r; 669218; 1088; 1029; 105; 669217; 18
7; r; 678184; 1088; 23; 1; 678183; 23
7; r; 679465; 1088; 673; 68; 679464; 22
7; r; 685869; 1088; 146; 14; 685868; 24
7; r; 689712; 1088; 242; 26; 689711; 23
7; r; 692915; 1088; 81; 8; 692914; 26
7; r; 697398; 1088; 274; 28; 697397; 21
7; r; 700600; 1088; 680; 69; 700599; 14
7; r; 718530; 1088; 835; 88; 718529; 27
7; r; 723012; 1088; 1011; 103; 723011; 32
7; r; 728135; 1088; 431; 47; 728134; 22
7; r; 729416; 1088; 799; 82; 729415; 28
7; r; 733258; 1088; 359; 40; 733257; 19
7; r; 740942; 1088; 210; 23; 740941; 20
7; r; 742223; 1088; 917; 99; 742222; 14
7; r; 744144; 1088; 1024; 104; 744143; 25
7; r; 745425; 1088; 1060; 109; 745424; 22
7; r; 751189; 1088; 160; 17; 751188; 30
7; r; 759516; 1088; 768; 77; 759515; 30
7; r; 764639; 1088; 669; 66; 764638; 17
7; r; 766560; 1088; 440; 48; 766559; 31
7; r; 768482; 1088; 170; 18; 768481; 24
7; r; 774246; 1088; 406; 46; 774245; 25
7; r; 778730; 1088; 828; 87; 778729; 28
7; r; 788337; 1088; 149; 15; 788336; 27
7; r; 798585; 1088; 340; 37; 798584; 26
7; r; 813309; 1088; 420; 157; 13308; 7
7; r; 819712; 1088; 622; 180; 19711; 4
7; r; 827395; 1088; 519; 169; 27394; 8
7; r; 828676; 1088; 1048; 222; 28675; 3
7; r; 831238; 1088; 489; 166; 31237; 4
7; r; 835720; 1088; 905; 205; 35719; 4
7; r; 1255816; 1088; 458; 162; 455815; 6
7; r; 1267350; 1088; 823; 194; 467349; 3
7; r; 1273116; 1088; 570; 176; 473115; 6
7; r; 1277600; 1088; 561; 175; 477599; 13
7; r; 1285928; 1088; 351; 151; 485927; 13
7; r; 1305789; 1088; 827; 196; 505788; 7
7; r; 1307710; 1088; 166; 128; 507709; 13
7; r; 1318606; 1088; 339; 149; 518605; 11
7; r; 1326935; 1088; 828; 197; 526934; 11
7; r; 1344228; 1088; 2; 115; 544227; 13
7; r; 1346150; 1088; 327; 147; 546149; 14
7; r; 1358321; 1088; 675; 182; 558320; 11
7; r; 1368570; 1088; 204; 132; 568569; 11
7; r; 1382023; 1088; 829; 198; 582022; 12
7; r; 1401236; 1088; 817; 193; 601235; 11
7; r; 1406359; 1088; 354; 153; 606358; 15
7; r; 1408281; 1088; 662; 181; 608280; 11
7; r; 1421732; 1088; 446; 160; 621731; 10
7; r; 1442223; 1088; 424; 159; 642222; 20
7; r; 1442864; 1088; 247; 141; 642863; 17
7; r; 1446066; 1088; 781; 188; 646065; 15
7; r; 1451189; 1088; 680; 184; 651188; 16
7; r; 1451830; 1088; 421; 158; 651829; 16
7; r; 1455673; 1088; 160; 127; 655672; 20
7; r; 1471683; 1088; 1010; 217; 671682; 21
7; r; 1480649; 1088; 600; 178; 680648; 16
7; r; 1481930; 1088; 473; 164; 681929; 24
7; r; 1490255; 1088; 677; 183; 690254; 16
7; r; 1492176; 1088; 931; 208; 692175; 15
7; r; 1496018; 1088; 233; 137; 696017; 17
7; r; 1510107; 1088; 14; 116; 710106; 18
7; r; 1511388; 1088; 241; 139; 711387; 24
7; r; 1514590; 1088; 943; 210; 714589; 21
7; r; 1515871; 1088; 887; 203; 715870; 27
7; r; 1528680; 1088; 502; 167; 728679; 18
7; r; 1533163; 1088; 802; 192; 733162; 28
7; r; 1537005; 1088; 1009; 216; 737004; 25
7; r; 1545330; 1088; 115; 124; 745329; 20
7; r; 1545971; 1088; 1037; 220; 745970; 24
7; r; 1550453; 1088; 343; 150; 750452; 14
7; r; 1554296; 1088; 535; 172; 754295; 26
7; r; 1555577; 1088; 310; 144; 755576; 25
7; r; 1559420; 1088; 475; 165; 759419; 13
7; r; 1563262; 1088; 824; 195; 763261; 17
7; r; 1565183; 1088; 851; 199; 765182; 24
7; r; 1577990; 1088; 408; 156; 777989; 17
7; r; 1578630; 1088; 1045; 221; 778629; 23
7; r; 1580552; 1088; 534; 171; 780551; 22
7; r; 1583113; 1088; 225; 136; 783112; 24
7; r; 1584394; 1088; 1022; 218; 784393; 22
7; r; 1585675; 1088; 941; 209; 785674; 20
7; r; 1590158; 1088; 948; 212; 790157; 15
7; r; 1591439; 1088; 518; 168; 791438; 23
7; r; 1602967; 1088; 312; 145; 802966; 23
7; r; 1608731; 1088; 1051; 223; 808730; 24
7; r; 1611933; 1088; 152; 126; 811932; 26
7; r; 1614495; 1088; 707; 187; 814494; 35
7; r; 1621541; 1088; 1025; 219; 821540; 31
7; r; 1626665; 1088; 300; 142; 826664; 31
7; r; 1629227; 1088; 686; 185; 829226; 27
7; r; 1630508; 1088; 921; 207; 830507; 28
7; r; 1633070; 1088; 963; 213; 833069; 20
7; r; 2049910; 1088; 552; 174; 1249909; 21
7; r; 2072345; 1088; 972; 214; 1272344; 38
7; r; 2090294; 1088; 461; 163; 1290293; 23
7; r; 2091587; 1088; 883; 202; 912548; 41
8; r; 7043; 1088; 884; 76; 7042; 2
8; r; 9603; 1088; 842; 73; 9602; 6
8; r; 16005; 1088; 174; 16; 16004; 8
8; r; 24327; 1088; 913; 80; 24326; 2
8; r; 49938; 1088; 508; 50; 49937; 7
8; r; 55060; 1088; 155; 15; 55059; 12
8; r; 55700; 1088; 743; 68; 55699; 4
8; r; 58261; 1088; 683; 61; 58260; 5
8; r; 62103; 1088; 784; 69; 62102; 3
8; r; 62744; 1088; 952; 84; 62743; 1
8; r; 65946; 1088; 693; 63; 65945; 11
8; r; 69789; 1088; 821; 70; 69788; 2
8; r; 72350; 1088; 1046; 93; 72349; 4
8; r; 73631; 1088; 909; 78; 73630; 6
8; r; 76192; 1088; 111; 10; 76191; 16
8; r; 480776; 1088; 539; 52; 480775; 10
8; r; 483340; 1088; 289; 27; 483339; 7
8; r; 490387; 1088; 1078; 97; 490386; 4
8; r; 492949; 1088; 580; 56; 492948; 13
8; r; 498074; 1088; 924; 82; 498073; 8
8; r; 515369; 1088; 272; 24; 515368; 17
8; r; 523696; 1088; 471; 44; 523695; 11
8; r; 527540; 1088; 287; 26; 527539; 13
8; r; 539069; 1088; 143; 14; 539068; 14
8; r; 544194; 1088; 222; 19; 544193; 14
8; r; 552519; 1088; 1034; 92; 552518; 14
8; r; 553800; 1088; 491; 47; 553799; 13
8; r; 576221; 1088; 667; 60; 576220; 16
8; r; 592235; 1088; 431; 41; 592234; 18
8; r; 603765; 1088; 402; 37; 603764; 18
8; r; 630023; 1088; 368; 33; 630022; 14
8; r; 642193; 1088; 562; 54; 642192; 21
8; r; 643474; 1088; 454; 42; 643473; 17
8; r; 647316; 1088; 845; 74; 647315; 15
8; r; 647956; 1088; 399; 36; 647955; 13
8; r; 665247; 1088; 989; 89; 665246; 18
8; r; 679335; 1088; 1058; 94; 679334; 28
8; r; 681897; 1088; 328; 30; 681896; 19
8; r; 687021; 1088; 410; 39; 687020; 21
8; r; 690864; 1088; 266; 23; 690863; 20
8; r; 691504; 1088; 550; 53; 691503; 23
8; r; 706233; 1088; 494; 48; 706232; 16
8; r; 708795; 1088; 690; 62; 708794; 28
8; r; 710076; 1088; 227; 20; 710075; 15
8; r; 710717; 1088; 933; 83; 710716; 13
8; r; 729289; 1088; 662; 59; 729288; 19
8; r; 731851; 1088; 614; 57; 731850; 18
8; r; 740819; 1088; 234; 21; 740818; 18
8; r; 744663; 1088; 63; 6; 744662; 30
8; r; 750429; 1088; 827; 71; 750428; 20
8; r; 752350; 1088; 263; 22; 752349; 23
8; r; 753631; 1088; 1074; 96; 753630; 32
8; r; 757475; 1088; 205; 18; 757474; 16
8; r; 763240; 1088; 300; 28; 763239; 18
8; r; 764521; 1088; 638; 58; 764520; 19
8; r; 769006; 1088; 1061; 95; 769005; 31
8; r; 771568; 1088; 380; 34; 771567; 26
8; r; 776693; 1088; 472; 45; 776692; 21
8; r; 786302; 1088; 409; 38; 786301; 24
8; r; 807437; 1088; 620; 162; 7436; 4
8; r; 811278; 1088; 522; 153; 11277; 5
8; r; 811918; 1088; 982; 195; 11917; 2
8; r; 825363; 1088; 846; 181; 25362; 5
8; r; 836888; 1088; 1076; 206; 36887; 5
8; r; 842010; 1088; 736; 168; 42009; 6
8; r; 843931; 1088; 985; 197; 43930; 1
8; r; 845852; 1088; 951; 191; 45851; 1
8; r; 847773; 1088; 820; 179; 47772; 3
8; r; 852895; 1088; 8; 0; 852894; 28
8; r; 854816; 1088; 1016; 201; 54815; 3
8; r; 859298; 1088; 835; 180; 59297; 13
8; r; 863140; 1088; 1054; 204; 63139; 1
8; r; 868903; 1088; 879; 185; 68902; 4
8; r; 873385; 1088; 554; 158; 73384; 4
8; r; 874666; 1088; 989; 198; 74665; 1
8; r; 875947; 1088; 516; 151; 75946; 8
8; r; 1286259; 1088; 469; 148; 486258; 9
8; r; 1287540; 1088; 264; 126; 487539; 16
8; r; 1297149; 1088; 609; 161; 497148; 11
8; r; 1299711; 1088; 290; 131; 499710; 6
8; r; 1304836; 1088; 745; 170; 504835; 5
8; r; 1309322; 1088; 525; 154; 509321; 9
8; r; 1311243; 1088; 930; 189; 511242; 10
8; r; 1318930; 1088; 407; 142; 518929; 8
8; r; 1331744; 1088; 520; 152; 531743; 17
8; r; 1335586; 1088; 807; 175; 535585; 7
8; r; 1348400; 1088; 1072; 205; 548399; 7
8; r; 1391317; 1088; 48; 104; 591316; 12
8; r; 1392598; 1088; 669; 164; 592597; 16
8; r; 1404771; 1088; 84; 109; 604770; 17
8; r; 1406693; 1088; 1077; 207; 606692; 22
8; r; 1415020; 1088; 260; 125; 615019; 12
8; r; 1420144; 1088; 501; 149; 620143; 12
8; r; 1422706; 1088; 814; 177; 622705; 19
8; r; 1425909; 1088; 948; 190; 625908; 11
8; r; 1439357; 1088; 804; 174; 639356; 17
8; r; 1442559; 1088; 148; 115; 642558; 12
8; r; 1446403; 1088; 287; 130; 646402; 12
8; r; 1451526; 1088; 233; 122; 651525; 18
8; r; 1452806; 1088; 466; 147; 652805; 16
8; r; 1458570; 1088; 79; 108; 658569; 19
8; r; 1469457; 1088; 704; 165; 669456; 14
8; r; 1477782; 1088; 549; 157; 677781; 14
8; r; 1479063; 1088; 984; 196; 679062; 22
8; r; 1500197; 1088; 325; 136; 700196; 17
8; r; 1505321; 1088; 537; 155; 705320; 22
8; r; 1506602; 1088; 266; 127; 706601; 23
8; r; 1507242; 1088; 64; 106; 707241; 18
8; r; 1511085; 1088; 450; 144; 711084; 27
8; r; 1518130; 1088; 868; 182; 718129; 27
8; r; 1520692; 1088; 27; 100; 720691; 21
8; r; 1523253; 1088; 139; 114; 723252; 20
8; r; 1526455; 1088; 740; 169; 726454; 17
8; r; 1534780; 1088; 344; 138; 734779; 22
8; r; 1537982; 1088; 305; 134; 737981; 21
8; r; 1539263; 1088; 47; 103; 739262; 19
8; r; 1546308; 1088; 163; 117; 746307; 17
8; r; 1550151; 1088; 32; 101; 750150; 23
8; r; 1556556; 1088; 912; 188; 756555; 19
8; r; 1557197; 1088; 298; 133; 757196; 26
8; r; 1564243; 1088; 189; 119; 764242; 21
8; r; 1564883; 1088; 875; 184; 764882; 25
8; r; 1565524; 1088; 40; 102; 765523; 21
8; r; 1568726; 1088; 349; 139; 768725; 19
8; r; 1573209; 1088; 510; 150; 773208; 22
8; r; 1585378; 1088; 317; 135; 785377; 16
8; r; 1587300; 1088; 1004; 200; 787299; 16
8; r; 1591784; 1088; 58; 105; 791783; 27
8; r; 1605878; 1088; 110; 111; 805877; 27
8; r; 1612924; 1088; 442; 143; 812923; 19
8; r; 1617410; 1088; 214; 120; 817409; 23
8; r; 1641119; 1088; 1040; 203; 841118; 27
9; r; 8322; 1088; 93; 7; 8321; 8
9; r; 15364; 1088; 877; 85; 15363; 3
9; r; 17925; 1088; 723; 69; 17924; 5
9; r; 20486; 1088; 719; 68; 20485; 2
9; r; 23687; 1088; 1080; 113; 23686; 2
9; r; 25608; 1088; 295; 30; 25607; 7
9; r; 37773; 1088; 490; 44; 37772; 7
9; r; 40334; 1088; 910; 89; 40333; 4
9; r; 42255; 1088; 954; 95; 42254; 1
9; r; 53141; 1088; 574; 52; 53140; 8
9; r; 55702; 1088; 161; 14; 55701; 6
9; r; 65306; 1088; 1075; 112; 65305; 5
9; r; 71069; 1088; 507; 47; 71068; 7
9; r; 75551; 1088; 901; 86; 75550; 8
9; r; 78753; 1088; 606; 55; 78752; 10
9; r; 88359; 1088; 680; 62; 88358; 7
9; r; 106288; 1088; 140; 12; 106287; 14
9; r; 109489; 1088; 872; 84; 109488; 9
9; r; 117174; 1088; 703; 66; 117173; 13
9; r; 118455; 1088; 843; 79; 118454; 8
9; r; 120376; 1088; 809; 76; 120375; 9
9; r; 122298; 1088; 870; 83; 122297; 7
9; r; 124219; 1088; 935; 93; 124218; 10
9; r; 126781; 1088; 605; 54; 126780; 9
9; r; 131264; 1088; 982; 98; 131263; 6
9; r; 133185; 1088; 514; 48; 133184; 7
9; r; 134466; 1088; 450; 40; 134465; 7
9; r; 135106; 1088; 439; 38; 135105; 10
9; r; 138309; 1088; 337; 33; 138308; 19
9; r; 147917; 1088; 774; 72; 147916; 6
9; r; 151761; 1088; 125; 11; 151760; 11
9; r; 153682; 1088; 23; 1; 153681; 10
9; r; 156245; 1088; 866; 82; 156244; 11
9; r; 158807; 1088; 534; 50; 158806; 9
9; r; 167773; 1088; 927; 90; 167772; 12
9; r; 175458; 1088; 84; 5; 175457; 10
9; r; 176099; 1088; 988; 99; 176098; 7
9; r; 181864; 1088; 434; 37; 181863; 8
9; r; 183785; 1088; 82; 4; 183784; 12
9; r; 184425; 1088; 670; 60; 184424; 10
9; r; 192111; 1088; 424; 36; 192110; 10
9; r; 192752; 1088; 209; 18; 192751; 12
9; r; 193392; 1088; 317; 32; 193391; 10
9; r; 195314; 1088; 1063; 108; 195313; 9
9; r; 196595; 1088; 503; 45; 196594; 7
9; r; 200438; 1088; 699; 64; 200437; 10
9; r; 204281; 1088; 88; 6; 204280; 10
9; r; 206844; 1088; 712; 67; 206843; 13
9; r; 208766; 1088; 1004; 102; 208765; 9
9; r; 215172; 1088; 343; 34; 215171; 9
9; r; 232465; 1088; 661; 59; 232464; 18
9; r; 235668; 1088; 236; 22; 235667; 13
9; r; 236949; 1088; 694; 63; 236948; 14
9; r; 242073; 1088; 905; 87; 242072; 12
9; r; 245276; 1088; 206; 17; 245275; 15
9; r; 255526; 1088; 863; 81; 255525; 10
9; r; 258088; 1088; 67; 3; 258087; 15
9; r; 260651; 1088; 472; 43; 260650; 12
9; r; 261291; 1088; 1039; 106; 261290; 11
9; r; 266416; 1088; 826; 77; 266415; 16
9; r; 267697; 1088; 805; 75; 267696; 15
9; r; 268338; 1088; 1008; 103; 268337; 13
9; r; 269619; 1088; 270; 27; 269618; 17
9; r; 274104; 1088; 767; 71; 274103; 15
9; r; 274745; 1088; 25; 2; 274744; 17
9; r; 276667; 1088; 190; 15; 276666; 10
9; r; 277308; 1088; 0; 0; 277307; 13
9; r; 289480; 1088; 1071; 110; 289479; 15
9; r; 292043; 1088; 105; 9; 292042; 14
9; r; 293325; 1088; 1064; 109; 293324; 17
9; r; 294606; 1088; 964; 96; 294605; 20
9; r; 297169; 1088; 932; 92; 297168; 14
9; r; 300373; 1088; 906; 88; 300372; 12
9; r; 302937; 1088; 225; 21; 302936; 17
9; r; 315112; 1088; 111; 10; 315111; 22
9; r; 323444; 1088; 149; 13; 323443; 15
9; r; 338192; 1088; 279; 28; 338191; 15
9; r; 342037; 1088; 845; 80; 342036; 22
9; r; 769244; 1088; 265; 26; 769243; 23
9; r; 782051; 1088; 733; 70; 782050; 31
9; r; 787815; 1088; 931; 91; 787814; 29
9; r; 791019; 1088; 243; 23; 791018; 35
9; r; 793582; 1088; 611; 56; 793581; 20
9; r; 794863; 1088; 786; 74; 794862; 22
9; r; 798066; 1088; 506; 46; 798065; 23
9; r; 799347; 1088; 194; 16; 799346; 25
9; r; 817917; 1088; 944; 215; 17916; 5
9; r; 827521; 1088; 1074; 111; 827520; 25
9; r; 830723; 1088; 1041; 107; 830722; 22
9; r; 831364; 1088; 711; 186; 31363; 5
9; r; 840328; 1088; 918; 211; 40327; 2
9; r; 845451; 1088; 290; 139; 45450; 5
9; r; 852494; 1088; 578; 167; 52493; 9
9; r; 857617; 1088; 731; 190; 57616; 9
9; r; 858257; 1088; 987; 220; 58256; 2
9; r; 860819; 1088; 222; 133; 60818; 8
9; r; 862100; 1088; 790; 200; 62099; 3
9; r; 863381; 1088; 559; 166; 63380; 6
9; r; 874909; 1088; 948; 216; 74908; 2
9; r; 881954; 1088; 533; 165; 81953; 12
9; r; 890919; 1088; 940; 214; 90918; 8
9; r; 894121; 1088; 317; 142; 94120; 8
9; r; 894762; 1088; 1077; 233; 94761; 2
9; r; 897964; 1088; 956; 217; 97963; 6
9; r; 903088; 1088; 1027; 226; 103087; 9
9; r; 908212; 1088; 741; 194; 108211; 4
9; r; 912054; 1088; 42; 118; 112053; 15
9; r; 915896; 1088; 608; 173; 115895; 9
9; r; 917817; 1088; 1075; 232; 117816; 5
9; r; 924222; 1088; 769; 196; 124221; 13
9; r; 925503; 1088; 816; 206; 125502; 8
9; r; 942795; 1088; 1028; 227; 142794; 7
9; r; 944076; 1088; 708; 185; 144075; 7
9; r; 944717; 1088; 422; 152; 144716; 7
9; r; 948560; 1088; 354; 146; 148559; 13
9; r; 949841; 1088; 23; 116; 149840; 16
9; r; 954965; 1088; 993; 221; 154964; 9
9; r; 956887; 1088; 732; 191; 156886; 11
9; r; 957528; 1088; 1049; 230; 157527; 4
9; r; 967136; 1088; 278; 137; 167135; 10
9; r; 972260; 1088; 274; 136; 172259; 8
9; r; 977385; 1088; 391; 148; 177384; 13
9; r; 986352; 1088; 601; 171; 186351; 16
9; r; 986992; 1088; 802; 202; 186991; 12
9; r; 990835; 1088; 168; 129; 190834; 13
9; r; 992757; 1088; 1004; 224; 192756; 7
9; r; 997881; 1088; 242; 134; 197880; 13
9; r; 999802; 1088; 934; 212; 199801; 12
9; r; 1007488; 1088; 994; 222; 207487; 9
9; r; 1010050; 1088; 19; 115; 210049; 18
9; r; 1012612; 1088; 50; 119; 212611; 15
9; r; 1016455; 1088; 1048; 229; 216454; 5
9; r; 1019658; 1088; 693; 183; 219657; 14
9; r; 1026704; 1088; 896; 209; 226703; 14
9; r; 1029907; 1088; 252; 135; 229906; 10
9; r; 1030547; 1088; 673; 179; 230546; 15
9; r; 1033750; 1088; 631; 176; 233749; 13
9; r; 1034391; 1088; 456; 155; 234390; 14
9; r; 1038875; 1088; 912; 210; 238874; 12
9; r; 1053608; 1088; 499; 162; 253607; 17
9; r; 1054890; 1088; 83; 123; 254889; 12
9; r; 1057452; 1088; 738; 192; 257451; 12
9; r; 1083715; 1088; 100; 124; 283714; 14
9; r; 1089481; 1088; 198; 130; 289480; 20
9; r; 1090763; 1088; 72; 122; 290762; 12
9; r; 1092685; 1088; 939; 213; 292684; 11
9; r; 1095249; 1088; 969; 219; 295248; 20
9; r; 1097813; 1088; 681; 181; 297812; 11
9; r; 1099736; 1088; 27; 117; 299735; 15
9; r; 1102299; 1088; 418; 151; 302298; 17
9; r; 1109347; 1088; 286; 138; 309346; 13
9; r; 1125369; 1088; 742; 195; 325368; 14
9; r; 1152933; 1088; 340; 144; 352932; 15
9; r; 1570316; 1088; 650; 177; 770315; 23
9; r; 1570956; 1088; 216; 132; 770955; 15
9; r; 1571597; 1088; 800; 201; 771596; 18
9; r; 1574158; 1088; 586; 169; 774157; 16
9; r; 1576079; 1088; 811; 204; 776078; 26
9; r; 1584405; 1088; 60; 120; 784404; 24
9; r; 1587607; 1088; 306; 141; 787606; 17
9; r; 1588888; 1088; 66; 121; 788887; 29
9; r; 1592090; 1088; 347; 145; 792089; 26
9; r; 1605536; 1088; 469; 158; 805535; 23
9; r; 1608099; 1088; 776; 197; 808098; 20
9; r; 1610020; 1088; 500; 163; 810019; 30
9; r; 1613223; 1088; 361; 147; 813222; 17
9; r; 1620908; 1088; 462; 157; 820907; 21
9; r; 1623471; 1088; 458; 156; 823470; 26
9; r; 1626033; 1088; 1002; 223; 826032; 23
9; r; 1627314; 1088; 213; 131; 827313; 21
9; r; 1629876; 1088; 692; 182; 829875; 17
9; r; 1630517; 1088; 301; 140; 830516; 20
9; r; 1634361; 1088; 1087; 235; 834360; 29
9; r; 1640127; 1088; 676; 180; 840126; 24
9; r; 1644613; 1088; 1074; 231; 844612; 18
9; r; 1650379; 1088; 123; 127; 850378; 31
9; r; 1660629; 1088; 962; 218; 860628; 27
