iter; type; time slot; d_nodes; s_nodes; pid; nslot; nhop
0; r; 21521; 1088; 863; 0; 21271; 7
0; r; 27286; 1088; 897; 35; 10679; 7
0; r; 40099; 1088; 1017; 16; 33058; 1
0; r; 42021; 1088; 481; 45; 20809; 5
0; r; 45225; 1088; 453; 47; 22711; 5
0; r; 48429; 1088; 1020; 59; 17723; 1
0; r; 63165; 1088; 620; 17; 55889; 3
0; r; 68930; 1088; 936; 29; 55109; 5
0; r; 72775; 1088; 700; 34; 57814; 7
0; r; 74698; 1088; 781; 18; 67285; 4
0; r; 86874; 1088; 791; 8; 83650; 2
0; r; 93923; 1088; 1055; 10; 88801; 1
0; r; 94564; 1088; 803; 1; 94111; 5
0; r; 95205; 1088; 1015; 55; 69311; 2
0; r; 95846; 1088; 1003; 42; 75691; 5
0; r; 106739; 1088; 752; 50; 81948; 2
0; r; 111225; 1088; 327; 11; 105843; 5
0; r; 115710; 1088; 1063; 21; 106661; 5
0; r; 123399; 1088; 641; 52; 98278; 6
0; r; 128527; 1088; 835; 48; 105813; 4
0; r; 131731; 1088; 206; 12; 126293; 8
0; r; 134294; 1088; 773; 32; 119539; 9
0; r; 135576; 1088; 857; 43; 115389; 2
0; r; 147751; 1088; 588; 30; 133256; 4
0; r; 161209; 1088; 424; 40; 141429; 5
0; r; 162490; 1088; 1065; 13; 156372; 7
0; r; 590066; 1088; 581; 23; 580116; 6
0; r; 605446; 1088; 886; 54; 579797; 3
0; r; 611856; 1088; 149; 65; 180671; 9
0; r; 619545; 1088; 564; 37; 602515; 10
0; r; 624032; 1088; 1045; 53; 598824; 9
0; r; 629799; 1088; 441; 51; 604714; 7
0; r; 631080; 1088; 913; 64; 205950; 12
0; r; 637488; 1088; 434; 25; 626062; 11
0; r; 642614; 1088; 394; 28; 630249; 6
0; r; 650943; 1088; 579; 66; 218556; 12
0; r; 657352; 1088; 799; 5; 655645; 12
0; r; 664401; 1088; 97; 4; 662978; 9
0; r; 690678; 1088; 556; 56; 663115; 5
0; r; 693883; 1088; 100; 41; 674014; 15
0; r; 705416; 1088; 488; 22; 696118; 12
0; r; 709261; 1088; 94; 49; 685546; 17
0; r; 713747; 1088; 252; 26; 702287; 15
0; r; 732331; 1088; 370; 19; 723812; 13
0; r; 734894; 1088; 499; 57; 706911; 9
0; r; 740661; 1088; 422; 15; 734120; 7
0; r; 748350; 1088; 43; 44; 727312; 17
0; r; 758603; 1088; 276; 38; 740469; 15
0; r; 766293; 1088; 51; 14; 760032; 12
0; r; 771418; 1088; 238; 3; 770387; 12
0; r; 774622; 1088; 681; 33; 759756; 9
0; r; 778467; 1088; 286; 36; 761829; 14
0; r; 804097; 1088; 689; 9; 800569; 16
0; r; 806659; 1088; 496; 24; 796198; 12
0; r; 809864; 1088; 679; 58; 781537; 17
0; r; 810505; 1088; 168; 46; 788677; 15
0; r; 822041; 1088; 309; 31; 807330; 12
0; r; 837416; 1088; 554; 88; 22620; 5
0; r; 842542; 1088; 244; 7; 840141; 13
0; r; 853435; 1088; 3; 20; 844813; 15
0; r; 870736; 1088; 391; 71; 67827; 8
0; r; 880988; 1088; 551; 110; 49616; 4
0; r; 882270; 1088; 123; 62; 849791; 15
0; r; 890600; 1088; 1017; 76; 83559; 1
0; r; 900851; 1088; 644; 95; 81367; 5
0; r; 905337; 1088; 310; 85; 94501; 9
0; r; 905978; 1088; 821; 113; 73574; 2
0; r; 914949; 1088; 912; 73; 110923; 3
0; r; 923921; 1088; 983; 86; 112879; 2
0; r; 927125; 1088; 1032; 102; 99251; 9
0; r; 932892; 1088; 681; 89; 118026; 4
0; r; 946351; 1088; 555; 70; 144691; 5
0; r; 956602; 1088; 561; 72; 153684; 9
0; r; 957243; 1088; 364; 103; 128736; 12
0; r; 968779; 1088; 134; 78; 161430; 13
0; r; 1377108; 1088; 459; 60; 1346241; 22
0; r; 1378390; 1088; 872; 109; 547045; 7
0; r; 1389286; 1088; 68; 81; 579572; 14
0; r; 1405309; 1088; 608; 93; 587235; 8
0; r; 1411078; 1088; 106; 84; 600502; 11
0; r; 1423896; 1088; 92; 77; 616791; 13
0; r; 1425178; 1088; 966; 27; 1413102; 27
0; r; 1436074; 1088; 957; 92; 620063; 11
0; r; 1464916; 1088; 140; 67; 664234; 15
0; r; 1478371; 1088; 61; 68; 677489; 9
0; r; 1498873; 1088; 1019; 112; 666788; 8
0; r; 1518098; 1088; 98; 90; 703132; 14
0; r; 1530914; 1088; 474; 98; 709069; 14
0; r; 1545653; 1088; 741; 101; 717921; 8
0; r; 1547576; 1088; 264; 80; 738662; 14
0; r; 1556549; 1088; 165; 91; 741406; 14
0; r; 1561675; 1088; 198; 82; 751820; 11
0; r; 1567444; 1088; 42; 96; 746502; 12
0; r; 1571289; 1088; 26; 87; 758248; 8
0; r; 1591157; 1088; 47; 108; 759831; 16
0; r; 1595643; 1088; 18; 100; 768379; 21
0; r; 1604614; 1088; 813; 94; 785646; 7
0; r; 1608459; 1088; 905; 97; 787321; 6
0; r; 1611662; 1088; 432; 105; 781542; 17
0; r; 1619995; 1088; 379; 99; 796257; 11
0; r; 1650757; 1088; 483; 104; 821857; 15
0; r; 1660373; 1088; 359; 83; 850361; 14
0; r; 1671271; 1088; 459; 107; 840404; 12
0; r; 1690505; 1088; 206; 75; 885067; 12
0; r; 1694996; 1088; 342; 79; 887403; 11
0; r; 2173287; 1088; 655; 106; 930320; 17
1; r; 19859; 1088; 1022; 49; 19858; 1
1; r; 32670; 1088; 870; 39; 32669; 6
1; r; 35233; 1088; 577; 22; 35232; 5
1; r; 36514; 1088; 64; 3; 36513; 8
1; r; 46123; 1088; 580; 23; 46122; 5
1; r; 47405; 1088; 456; 20; 47404; 7
1; r; 48045; 1088; 574; 21; 48044; 7
1; r; 58936; 1088; 824; 37; 58935; 2
1; r; 61500; 1088; 998; 48; 61499; 6
1; r; 71109; 1088; 966; 47; 71108; 6
1; r; 73031; 1088; 823; 36; 73030; 2
1; r; 75594; 1088; 790; 34; 75593; 5
1; r; 84565; 1088; 592; 25; 84564; 5
1; r; 85847; 1088; 423; 18; 85846; 6
1; r; 90332; 1088; 185; 9; 90331; 8
1; r; 94817; 1088; 872; 40; 94816; 6
1; r; 103788; 1088; 1036; 50; 103787; 6
1; r; 106351; 1088; 672; 31; 106350; 6
1; r; 106992; 1088; 754; 33; 106991; 2
1; r; 111479; 1088; 590; 24; 111478; 6
1; r; 119809; 1088; 883; 42; 119808; 5
1; r; 121090; 1088; 876; 41; 121089; 4
1; r; 123013; 1088; 354; 15; 123012; 6
1; r; 124295; 1088; 276; 13; 124294; 9
1; r; 126859; 1088; 346; 14; 126858; 6
1; r; 136469; 1088; 1045; 51; 136468; 2
1; r; 140313; 1088; 229; 11; 140312; 8
1; r; 144798; 1088; 1074; 52; 144797; 5
1; r; 148644; 1088; 125; 6; 148643; 9
1; r; 153130; 1088; 426; 19; 153129; 4
1; r; 170435; 1088; 369; 16; 170434; 9
1; r; 181332; 1088; 799; 35; 181331; 6
1; r; 193510; 1088; 727; 32; 193509; 8
1; r; 196074; 1088; 67; 4; 196073; 11
1; r; 201841; 1088; 667; 30; 201840; 6
1; r; 207609; 1088; 53; 2; 207608; 8
1; r; 221709; 1088; 615; 27; 221708; 5
1; r; 251841; 1088; 108; 5; 251840; 10
1; r; 258253; 1088; 829; 38; 258252; 9
1; r; 259535; 1088; 925; 45; 259534; 13
1; r; 264024; 1088; 25; 1; 264023; 8
1; r; 265950; 1088; 926; 46; 265949; 9
1; r; 272372; 1088; 891; 43; 272371; 13
1; r; 761704; 1088; 607; 26; 761703; 25
1; r; 762345; 1088; 402; 17; 762344; 17
1; r; 789262; 1088; 646; 29; 789261; 17
1; r; 794389; 1088; 189; 10; 794388; 14
1; r; 834114; 1088; 320; 70; 34113; 14
1; r; 836035; 1088; 242; 12; 836034; 15
1; r; 837958; 1088; 300; 68; 37957; 9
1; r; 840521; 1088; 479; 75; 40520; 7
1; r; 854619; 1088; 233; 62; 54618; 10
1; r; 855260; 1088; 679; 79; 55259; 4
1; r; 858465; 1088; 473; 74; 58464; 7
1; r; 862950; 1088; 1011; 86; 62949; 4
1; r; 866795; 1088; 1042; 88; 66794; 3
1; r; 873844; 1088; 369; 71; 73843; 10
1; r; 877047; 1088; 789; 83; 77046; 4
1; r; 884097; 1088; 633; 78; 84096; 7
1; r; 888581; 1088; 850; 84; 88580; 2
1; r; 898834; 1088; 403; 73; 98833; 9
1; r; 903960; 1088; 179; 8; 903959; 17
1; r; 905241; 1088; 902; 44; 905240; 15
1; r; 916134; 1088; 222; 61; 116133; 7
1; r; 919979; 1088; 174; 60; 119978; 12
1; r; 923183; 1088; 497; 77; 123182; 16
1; r; 930874; 1088; 690; 80; 130873; 5
1; r; 932797; 1088; 1043; 89; 132796; 6
1; r; 941128; 1088; 724; 81; 141127; 4
1; r; 960995; 1088; 21; 53; 160994; 10
1; r; 963559; 1088; 275; 66; 163558; 10
1; r; 965481; 1088; 294; 67; 165480; 7
1; r; 978937; 1088; 48; 55; 178936; 10
1; r; 979578; 1088; 270; 64; 179577; 8
1; r; 980219; 1088; 273; 65; 180218; 9
1; r; 982141; 1088; 102; 57; 182140; 15
1; r; 985346; 1088; 160; 59; 185345; 9
1; r; 995600; 1088; 399; 72; 195599; 10
1; r; 1004574; 1088; 480; 76; 204573; 6
1; r; 1008419; 1088; 266; 63; 208418; 10
1; r; 1014188; 1088; 106; 58; 214187; 11
1; r; 1016752; 1088; 1023; 87; 216751; 9
1; r; 1037272; 1088; 732; 82; 237271; 10
1; r; 1048178; 1088; 33; 54; 248177; 13
1; r; 1055234; 1088; 313; 69; 255233; 11
1; r; 1068714; 1088; 100; 56; 268713; 11
1; r; 1597069; 1088; 1081; 90; 797068; 27
2; r; 12171; 1088; 1004; 50; 12170; 4
2; r; 24983; 1088; 257; 8; 24982; 7
2; r; 52531; 1088; 515; 24; 52530; 5
2; r; 53172; 1088; 259; 9; 53171; 10
2; r; 57017; 1088; 853; 42; 57016; 2
2; r; 58298; 1088; 550; 26; 58297; 7
2; r; 58939; 1088; 669; 31; 58938; 7
2; r; 59579; 1088; 775; 36; 59578; 4
2; r; 65347; 1088; 193; 6; 65346; 8
2; r; 82649; 1088; 426; 17; 82648; 5
2; r; 105714; 1088; 344; 12; 105713; 8
2; r; 108276; 1088; 609; 28; 108275; 4
2; r; 110198; 1088; 782; 37; 110197; 4
2; r; 111480; 1088; 985; 48; 111479; 1
2; r; 124936; 1088; 805; 40; 124935; 5
2; r; 132625; 1088; 943; 47; 132624; 6
2; r; 136470; 1088; 504; 22; 136469; 9
2; r; 138391; 1088; 341; 11; 138390; 8
2; r; 139032; 1088; 768; 34; 139031; 6
2; r; 143518; 1088; 449; 19; 143517; 7
2; r; 152490; 1088; 773; 35; 152489; 5
2; r; 154413; 1088; 814; 41; 154412; 4
2; r; 155054; 1088; 872; 43; 155053; 5
2; r; 161462; 1088; 749; 33; 161461; 3
2; r; 164665; 1088; 787; 38; 164664; 3
2; r; 174277; 1088; 1030; 52; 174276; 7
2; r; 176200; 1088; 116; 3; 176199; 7
2; r; 586621; 1088; 794; 39; 586620; 15
2; r; 587903; 1088; 920; 45; 587902; 7
2; r; 592391; 1088; 286; 10; 592390; 12
2; r; 603288; 1088; 78; 2; 603287; 16
2; r; 604570; 1088; 992; 49; 604569; 15
2; r; 607133; 1088; 161; 5; 607132; 9
2; r; 629566; 1088; 1012; 51; 629565; 9
2; r; 641103; 1088; 492; 21; 641102; 8
2; r; 660966; 1088; 508; 23; 660965; 14
2; r; 669938; 1088; 942; 46; 669937; 9
2; r; 691088; 1088; 644; 30; 691087; 13
2; r; 698780; 1088; 143; 4; 698779; 11
2; r; 723774; 1088; 608; 27; 723773; 13
2; r; 750050; 1088; 24; 0; 750049; 18
2; r; 752613; 1088; 421; 16; 752612; 19
2; r; 772479; 1088; 427; 18; 772478; 14
2; r; 773761; 1088; 530; 25; 773760; 17
2; r; 818619; 1088; 220; 7; 818618; 18
2; r; 844890; 1088; 611; 29; 844889; 14
2; r; 845530; 1088; 345; 65; 45529; 9
2; r; 846812; 1088; 267; 63; 46811; 11
2; r; 851940; 1088; 316; 64; 51939; 6
2; r; 852580; 1088; 1010; 97; 52579; 3
2; r; 862189; 1088; 954; 94; 62188; 1
2; r; 865393; 1088; 521; 71; 65392; 6
2; r; 866033; 1088; 634; 81; 66032; 7
2; r; 869236; 1088; 598; 77; 69235; 7
2; r; 871799; 1088; 1021; 98; 71798; 1
2; r; 875643; 1088; 947; 93; 75642; 2
2; r; 883972; 1088; 616; 80; 83971; 4
2; r; 904479; 1088; 538; 72; 104478; 6
2; r; 916655; 1088; 565; 76; 116654; 9
2; r; 917937; 1088; 971; 96; 117936; 4
2; r; 918578; 1088; 639; 82; 118577; 7
2; r; 919859; 1088; 752; 86; 119858; 3
2; r; 920500; 1088; 396; 68; 120499; 11
2; r; 922422; 1088; 712; 84; 122421; 3
2; r; 924986; 1088; 655; 83; 124985; 3
2; r; 939083; 1088; 546; 73; 139082; 6
2; r; 946130; 1088; 184; 56; 146129; 10
2; r; 949975; 1088; 262; 62; 149974; 9
2; r; 974964; 1088; 807; 88; 174963; 5
2; r; 976246; 1088; 833; 89; 176245; 7
2; r; 1383559; 1088; 937; 92; 583558; 9
2; r; 1407913; 1088; 563; 75; 607912; 9
2; r; 1414964; 1088; 456; 69; 614963; 10
2; r; 1415605; 1088; 236; 59; 615604; 10
2; r; 1425219; 1088; 553; 74; 625218; 7
2; r; 1426501; 1088; 1; 53; 626500; 13
2; r; 1448292; 1088; 1057; 99; 648291; 13
2; r; 1472641; 1088; 1072; 100; 672640; 10
2; r; 1476486; 1088; 967; 95; 676485; 18
2; r; 1489947; 1088; 601; 78; 689946; 10
2; r; 1495073; 1088; 136; 55; 695072; 15
2; r; 1511738; 1088; 89; 54; 711737; 11
2; r; 1517505; 1088; 385; 67; 717504; 18
2; r; 1535449; 1088; 462; 70; 735448; 11
2; r; 1546985; 1088; 201; 57; 746984; 15
2; r; 1557881; 1088; 239; 60; 757880; 15
2; r; 1560444; 1088; 800; 87; 760443; 18
3; r; 26267; 1088; 441; 17; 26266; 10
3; r; 33312; 1088; 854; 39; 33311; 2
3; r; 34593; 1088; 784; 32; 34592; 2
3; r; 40359; 1088; 519; 21; 40358; 8
3; r; 48048; 1088; 448; 18; 48047; 6
3; r; 52532; 1088; 772; 31; 52531; 7
3; r; 60220; 1088; 1005; 43; 60219; 5
3; r; 64066; 1088; 865; 40; 64065; 7
3; r; 65347; 1088; 985; 42; 65346; 1
3; r; 90331; 1088; 833; 37; 90330; 7
3; r; 105708; 1088; 955; 41; 105707; 1
3; r; 106989; 1088; 1070; 46; 106988; 10
3; r; 110193; 1088; 811; 35; 110192; 3
3; r; 115960; 1088; 397; 12; 115959; 9
3; r; 126212; 1088; 660; 27; 126211; 13
3; r; 128776; 1088; 631; 25; 128775; 9
3; r; 139029; 1088; 558; 22; 139028; 5
3; r; 140311; 1088; 1011; 45; 140310; 4
3; r; 154408; 1088; 464; 19; 154407; 9
3; r; 155689; 1088; 360; 10; 155688; 5
3; r; 158252; 1088; 1006; 44; 158251; 5
3; r; 171708; 1088; 349; 9; 171707; 8
3; r; 187090; 1088; 402; 13; 187089; 8
3; r; 194140; 1088; 372; 11; 194139; 9
3; r; 197345; 1088; 242; 7; 197344; 9
3; r; 201192; 1088; 302; 8; 201191; 11
3; r; 205036; 1088; 234; 5; 205035; 12
3; r; 212087; 1088; 236; 6; 212086; 9
3; r; 239653; 1088; 628; 24; 239652; 9
3; r; 242857; 1088; 52; 1; 242856; 10
3; r; 265324; 1088; 100; 2; 265323; 11
3; r; 267890; 1088; 27; 0; 267889; 15
3; r; 270461; 1088; 804; 34; 270460; 8
3; r; 739813; 1088; 411; 15; 739812; 19
3; r; 763527; 1088; 603; 23; 763526; 18
3; r; 769937; 1088; 104; 3; 769936; 17
3; r; 782755; 1088; 734; 29; 782754; 20
3; r; 796212; 1088; 502; 20; 796211; 19
3; r; 801978; 1088; 789; 33; 801977; 16
3; r; 802619; 1088; 819; 86; 2618; 2
3; r; 807104; 1088; 611; 75; 7103; 4
3; r; 813511; 1088; 952; 91; 13510; 1
3; r; 817355; 1088; 816; 85; 17354; 2
3; r; 836574; 1088; 488; 65; 36573; 4
3; r; 846825; 1088; 517; 67; 46824; 6
3; r; 867969; 1088; 888; 89; 67968; 2
3; r; 871815; 1088; 507; 66; 71814; 8
3; r; 876299; 1088; 396; 62; 76298; 11
3; r; 881424; 1088; 591; 73; 81423; 3
3; r; 882065; 1088; 833; 87; 82064; 6
3; r; 885269; 1088; 966; 93; 85268; 6
3; r; 888473; 1088; 522; 68; 88472; 5
3; r; 891677; 1088; 973; 94; 91676; 9
3; r; 894882; 1088; 58; 52; 94881; 8
3; r; 898086; 1088; 414; 63; 98085; 6
3; r; 898727; 1088; 163; 56; 98726; 7
3; r; 910258; 1088; 24; 47; 110257; 7
3; r; 917950; 1088; 640; 77; 117949; 7
3; r; 922436; 1088; 326; 61; 122435; 7
3; r; 935251; 1088; 637; 76; 135250; 8
3; r; 950632; 1088; 962; 92; 150631; 6
3; r; 952554; 1088; 39; 51; 152553; 11
3; r; 955759; 1088; 523; 69; 155758; 5
3; r; 957682; 1088; 32; 48; 157681; 9
3; r; 968576; 1088; 433; 64; 168575; 11
3; r; 980752; 1088; 38; 50; 180751; 11
3; r; 982033; 1088; 610; 74; 182032; 8
3; r; 992287; 1088; 736; 81; 192286; 8
3; r; 1008951; 1088; 110; 54; 208950; 8
3; r; 1021128; 1088; 804; 84; 221127; 7
3; r; 1023692; 1088; 1029; 95; 223691; 7
3; r; 1037153; 1088; 173; 57; 237152; 10
3; r; 1043563; 1088; 859; 88; 243562; 11
3; r; 1049334; 1088; 531; 71; 249333; 11
3; r; 1051898; 1088; 760; 82; 251897; 9
3; r; 1057667; 1088; 37; 49; 257666; 12
3; r; 1062157; 1088; 69; 53; 262156; 13
3; r; 1071134; 1088; 177; 58; 271133; 10
3; r; 1112928; 1088; 1058; 96; 312927; 9
3; r; 1535331; 1088; 935; 90; 735330; 15
3; r; 1541097; 1088; 646; 79; 741096; 11
3; r; 1564167; 1088; 151; 55; 764166; 24
3; r; 1568012; 1088; 280; 60; 768011; 11
3; r; 1578264; 1088; 525; 70; 778263; 15
3; r; 1617998; 1088; 728; 80; 817997; 18
4; r; 14737; 1088; 556; 35; 14736; 4
4; r; 23704; 1088; 96; 4; 23703; 7
4; r; 31392; 1088; 752; 45; 31391; 3
4; r; 33955; 1088; 955; 60; 33954; 3
4; r; 34596; 1088; 1013; 63; 34595; 2
4; r; 44207; 1088; 666; 43; 44206; 9
4; r; 51897; 1088; 480; 27; 51896; 7
4; r; 57665; 1088; 912; 56; 57664; 2
4; r; 65354; 1088; 986; 62; 65353; 1
4; r; 66636; 1088; 226; 12; 66635; 6
4; r; 79455; 1088; 900; 54; 79454; 7
4; r; 86503; 1088; 806; 48; 86502; 4
4; r; 87144; 1088; 952; 59; 87143; 1
4; r; 90988; 1088; 896; 53; 90987; 10
4; r; 95474; 1088; 347; 21; 95473; 11
4; r; 98678; 1088; 354; 22; 98677; 6
4; r; 108933; 1088; 1064; 66; 108932; 6
4; r; 109574; 1088; 192; 8; 109573; 11
4; r; 114059; 1088; 973; 61; 114058; 4
4; r; 117904; 1088; 813; 49; 117903; 3
4; r; 123672; 1088; 47; 0; 123671; 12
4; r; 135208; 1088; 617; 39; 135207; 7
4; r; 138412; 1088; 325; 20; 138411; 6
4; r; 149307; 1088; 157; 5; 149306; 9
4; r; 151870; 1088; 651; 41; 151869; 4
4; r; 153152; 1088; 366; 23; 153151; 9
4; r; 155074; 1088; 1078; 67; 155073; 3
4; r; 159560; 1088; 910; 55; 159559; 3
4; r; 162124; 1088; 588; 36; 162123; 5
4; r; 165328; 1088; 606; 37; 165327; 5
4; r; 166610; 1088; 236; 16; 166609; 9
4; r; 175581; 1088; 805; 47; 175580; 5
4; r; 177504; 1088; 937; 58; 177503; 4
4; r; 178786; 1088; 280; 17; 178785; 7
4; r; 184554; 1088; 842; 51; 184553; 4
4; r; 214678; 1088; 521; 29; 214677; 5
4; r; 228778; 1088; 935; 57; 228777; 7
4; r; 230701; 1088; 649; 40; 230700; 5
4; r; 233905; 1088; 309; 18; 233904; 8
4; r; 236468; 1088; 1032; 64; 236467; 16
4; r; 244801; 1088; 450; 25; 244800; 6
4; r; 247365; 1088; 53; 1; 247364; 10
4; r; 253775; 1088; 405; 24; 253774; 7
4; r; 269157; 1088; 457; 26; 269156; 5
4; r; 281336; 1088; 209; 10; 281335; 13
4; r; 306983; 1088; 313; 19; 306982; 7
4; r; 307624; 1088; 608; 38; 307623; 6
4; r; 332639; 1088; 1035; 65; 332638; 16
4; r; 335844; 1088; 876; 52; 335843; 5
4; r; 339061; 1088; 233; 14; 339060; 10
4; r; 346117; 1088; 170; 6; 346116; 11
4; r; 354478; 1088; 825; 50; 354477; 9
4; r; 362198; 1088; 665; 42; 362197; 9
4; r; 367365; 1088; 234; 15; 367364; 12
4; r; 369307; 1088; 534; 30; 369306; 9
4; r; 785295; 1088; 536; 31; 785294; 10
4; r; 817975; 1088; 1082; 123; 17974; 1
4; r; 826945; 1088; 961; 116; 26944; 11
4; r; 828227; 1088; 980; 117; 28226; 2
4; r; 830790; 1088; 549; 33; 830789; 8
4; r; 833354; 1088; 984; 118; 33353; 1
4; r; 833995; 1088; 59; 2; 833994; 18
4; r; 853855; 1088; 745; 44; 853854; 14
4; r; 854496; 1088; 93; 3; 854495; 19
4; r; 862185; 1088; 616; 102; 62184; 4
4; r; 864108; 1088; 454; 93; 64107; 6
4; r; 871797; 1088; 321; 86; 71796; 8
4; r; 880765; 1088; 655; 105; 80764; 5
4; r; 882687; 1088; 836; 113; 82686; 8
4; r; 886531; 1088; 613; 101; 86530; 4
4; r; 895503; 1088; 238; 83; 95502; 8
4; r; 896144; 1088; 679; 108; 96143; 6
4; r; 921776; 1088; 1042; 120; 121775; 3
4; r; 932669; 1088; 71; 72; 132668; 10
4; r; 939718; 1088; 226; 81; 139717; 15
4; r; 941000; 1088; 127; 75; 140999; 7
4; r; 954458; 1088; 632; 103; 154457; 8
4; r; 955740; 1088; 941; 114; 155739; 9
4; r; 964071; 1088; 1052; 122; 164070; 2
4; r; 972399; 1088; 367; 88; 172398; 12
4; r; 978167; 1088; 194; 77; 178166; 6
4; r; 980731; 1088; 753; 109; 180730; 3
4; r; 982653; 1088; 189; 7; 982652; 19
4; r; 985217; 1088; 499; 96; 185216; 7
4; r; 993547; 1088; 351; 87; 193546; 7
4; r; 994829; 1088; 832; 112; 194828; 6
4; r; 995470; 1088; 234; 82; 195469; 11
4; r; 1010208; 1088; 300; 84; 210207; 8
4; r; 1018540; 1088; 603; 99; 218539; 8
4; r; 1019181; 1088; 609; 100; 219180; 6
4; r; 1019822; 1088; 111; 74; 219821; 9
4; r; 1021104; 1088; 516; 97; 221103; 6
4; r; 1022386; 1088; 26; 70; 222385; 8
4; r; 1028155; 1088; 44; 71; 228154; 12
4; r; 1037770; 1088; 477; 94; 237769; 8
4; r; 1042898; 1088; 215; 80; 242897; 7
4; r; 1044180; 1088; 379; 89; 244179; 8
4; r; 1062769; 1088; 449; 92; 262768; 7
4; r; 1090979; 1088; 447; 91; 290978; 7
4; r; 1095467; 1088; 760; 110; 295466; 10
4; r; 1096108; 1088; 154; 76; 296107; 9
4; r; 1098032; 1088; 1026; 119; 298031; 10
4; r; 1105729; 1088; 301; 85; 305728; 8
4; r; 1124349; 1088; 827; 111; 324348; 9
4; r; 1138478; 1088; 665; 107; 338477; 7
4; r; 1141053; 1088; 663; 106; 341052; 11
4; r; 1160405; 1088; 196; 78; 360404; 12
4; r; 1605085; 1088; 3; 68; 805084; 18
4; r; 1605726; 1088; 947; 115; 805725; 11
4; r; 1608290; 1088; 1044; 121; 808289; 10
4; r; 1626234; 1088; 201; 79; 826233; 16
4; r; 1630080; 1088; 101; 73; 830079; 16
4; r; 1671740; 1088; 568; 98; 871739; 16
4; r; 1673663; 1088; 5; 69; 873662; 14
4; r; 1675586; 1088; 383; 90; 875585; 18
4; r; 1679432; 1088; 496; 95; 879431; 18
5; r; 3203; 1088; 1049; 49; 3202; 1
5; r; 12815; 1088; 847; 39; 12814; 3
5; r; 18580; 1088; 853; 40; 18579; 2
5; r; 22423; 1088; 1044; 48; 22422; 2
5; r; 26907; 1088; 710; 27; 26906; 4
5; r; 36517; 1088; 56; 1; 36516; 8
5; r; 42924; 1088; 824; 35; 42923; 2
5; r; 47408; 1088; 561; 23; 47407; 9
5; r; 52533; 1088; 670; 26; 52532; 8
5; r; 63425; 1088; 745; 30; 63424; 7
5; r; 68551; 1088; 818; 34; 68550; 2
5; r; 73676; 1088; 1078; 52; 73675; 2
5; r; 80724; 1088; 277; 8; 80723; 8
5; r; 82005; 1088; 473; 18; 82004; 8
5; r; 94180; 1088; 785; 31; 94179; 3
5; r; 103792; 1088; 82; 3; 103791; 11
5; r; 114687; 1088; 880; 44; 114686; 3
5; r; 121094; 1088; 530; 22; 121093; 10
5; r; 123658; 1088; 816; 33; 123657; 3
5; r; 125580; 1088; 74; 2; 125579; 12
5; r; 126221; 1088; 724; 28; 126220; 7
5; r; 135834; 1088; 457; 16; 135833; 7
5; r; 140961; 1088; 490; 19; 140960; 5
5; r; 157624; 1088; 875; 43; 157623; 3
5; r; 175568; 1088; 448; 15; 175567; 6
5; r; 185180; 1088; 861; 41; 185179; 7
5; r; 195434; 1088; 827; 36; 195433; 8
5; r; 202483; 1088; 370; 14; 202482; 10
5; r; 204406; 1088; 306; 11; 204405; 10
5; r; 212737; 1088; 515; 21; 212736; 7
5; r; 218504; 1088; 836; 38; 218503; 5
5; r; 219786; 1088; 299; 10; 219785; 9
5; r; 223633; 1088; 502; 20; 223632; 9
5; r; 224274; 1088; 873; 42; 224273; 9
5; r; 228761; 1088; 975; 46; 228760; 5
5; r; 235172; 1088; 357; 13; 235171; 6
5; r; 235813; 1088; 288; 9; 235812; 6
5; r; 242224; 1088; 52; 0; 242223; 9
5; r; 244148; 1088; 966; 45; 244147; 8
5; r; 265949; 1088; 154; 6; 265948; 9
5; r; 280710; 1088; 458; 17; 280709; 9
5; r; 300625; 1088; 1059; 50; 300624; 11
5; r; 302553; 1088; 1060; 51; 302552; 7
5; r; 748651; 1088; 563; 24; 748650; 18
5; r; 775568; 1088; 977; 47; 775567; 13
5; r; 786464; 1088; 104; 4; 786463; 26
5; r; 806968; 1088; 709; 80; 6967; 5
5; r; 828756; 1088; 828; 37; 828755; 9
5; r; 830038; 1088; 987; 90; 30037; 1
5; r; 833882; 1088; 934; 89; 33881; 6
5; r; 847336; 1088; 1012; 93; 47335; 3
5; r; 853102; 1088; 700; 78; 53101; 7
5; r; 865917; 1088; 684; 76; 65916; 3
5; r; 874246; 1088; 353; 62; 74245; 8
5; r; 874886; 1088; 223; 57; 74885; 8
5; r; 880654; 1088; 1065; 95; 80653; 7
5; r; 896033; 1088; 333; 12; 896032; 32
5; r; 902440; 1088; 1042; 94; 102439; 4
5; r; 903721; 1088; 235; 58; 103720; 10
5; r; 905002; 1088; 608; 73; 105001; 5
5; r; 905643; 1088; 814; 83; 105642; 3
5; r; 912691; 1088; 992; 91; 112690; 9
5; r; 915255; 1088; 104; 54; 115254; 11
5; r; 927430; 1088; 421; 64; 127429; 5
5; r; 935759; 1088; 72; 53; 135758; 11
5; r; 957546; 1088; 870; 85; 157545; 5
5; r; 960110; 1088; 617; 74; 160109; 4
5; r; 962032; 1088; 873; 86; 162031; 5
5; r; 963314; 1088; 874; 87; 163313; 5
5; r; 971004; 1088; 348; 61; 171003; 9
5; r; 978052; 1088; 156; 55; 178051; 7
5; r; 980616; 1088; 439; 66; 180615; 7
5; r; 983820; 1088; 461; 67; 183819; 5
5; r; 984461; 1088; 628; 75; 184460; 10
5; r; 990230; 1088; 116; 5; 990229; 12
5; r; 992793; 1088; 803; 82; 192792; 9
5; r; 1002406; 1088; 1070; 97; 202405; 7
5; r; 1003047; 1088; 306; 59; 203046; 11
5; r; 1006253; 1088; 363; 63; 206252; 9
5; r; 1029331; 1088; 586; 72; 229330; 6
5; r; 1041520; 1088; 497; 68; 241519; 12
5; r; 1044731; 1088; 696; 77; 244730; 7
5; r; 1060780; 1088; 562; 71; 260779; 10
5; r; 1069123; 1088; 1068; 96; 269122; 6
5; r; 1556536; 1088; 423; 65; 756535; 13
5; r; 1559100; 1088; 544; 69; 759099; 16
5; r; 1564226; 1088; 705; 79; 764225; 14
5; r; 1575121; 1088; 722; 81; 775120; 14
5; r; 1599477; 1088; 333; 60; 799476; 17
5; r; 1627037; 1088; 552; 70; 827036; 12
5; r; 1661663; 1088; 179; 56; 861662; 21
6; r; 4487; 1088; 1047; 50; 4486; 2
6; r; 14098; 1088; 808; 36; 14097; 5
6; r; 20503; 1088; 514; 28; 20502; 7
6; r; 43567; 1088; 1024; 48; 43566; 7
6; r; 53179; 1088; 317; 18; 53178; 8
6; r; 54461; 1088; 906; 44; 54460; 6
6; r; 60225; 1088; 1004; 47; 60224; 5
6; r; 60866; 1088; 1037; 49; 60865; 7
6; r; 62147; 1088; 933; 45; 62146; 5
6; r; 75602; 1088; 689; 31; 75601; 3
6; r; 94825; 1088; 140; 10; 94824; 10
6; r; 101231; 1088; 832; 38; 101230; 7
6; r; 103794; 1088; 314; 17; 103793; 8
6; r; 105076; 1088; 1087; 52; 105075; 1
6; r; 110202; 1088; 708; 32; 110201; 6
6; r; 124941; 1088; 288; 16; 124940; 7
6; r; 142244; 1088; 47; 3; 142243; 12
6; r; 163391; 1088; 851; 39; 163390; 3
6; r; 580258; 1088; 881; 40; 580257; 18
6; r; 584103; 1088; 935; 46; 584102; 18
6; r; 621915; 1088; 107; 6; 621914; 12
6; r; 630889; 1088; 349; 20; 630888; 15
6; r; 633452; 1088; 319; 19; 633451; 14
6; r; 641143; 1088; 82; 4; 641142; 16
6; r; 644348; 1088; 805; 35; 644347; 6
6; r; 652681; 1088; 517; 29; 652680; 14
6; r; 662295; 1088; 372; 21; 662294; 12
6; r; 663577; 1088; 376; 22; 663576; 15
6; r; 671907; 1088; 441; 25; 671906; 11
6; r; 677675; 1088; 124; 7; 677674; 9
6; r; 687930; 1088; 898; 42; 687929; 7
6; r; 741125; 1088; 265; 15; 741124; 15
6; r; 749455; 1088; 46; 2; 749454; 11
6; r; 755222; 1088; 749; 34; 755221; 13
6; r; 757786; 1088; 1061; 51; 757785; 12
6; r; 760991; 1088; 573; 30; 760990; 7
6; r; 797520; 1088; 721; 33; 797519; 20
6; r; 798160; 1088; 900; 43; 798159; 16
6; r; 808412; 1088; 252; 14; 808411; 15
6; r; 809053; 1088; 133; 8; 809052; 15
6; r; 820583; 1088; 813; 102; 20582; 5
6; r; 837243; 1088; 716; 92; 37242; 3
6; r; 840446; 1088; 526; 85; 40445; 5
6; r; 847494; 1088; 402; 76; 47493; 8
6; r; 864795; 1088; 981; 106; 64794; 2
6; r; 865435; 1088; 811; 101; 65434; 4
6; r; 867358; 1088; 724; 93; 67357; 3
6; r; 867998; 1088; 457; 77; 67997; 4
6; r; 876967; 1088; 391; 24; 876966; 18
6; r; 878890; 1088; 309; 70; 78889; 7
6; r; 906443; 1088; 492; 82; 106442; 4
6; r; 911570; 1088; 233; 65; 111569; 10
6; r; 914774; 1088; 27; 1; 914773; 19
6; r; 917338; 1088; 162; 60; 117337; 8
6; r; 932721; 1088; 949; 105; 132720; 2
6; r; 933362; 1088; 591; 88; 133361; 5
6; r; 935925; 1088; 1034; 107; 135924; 5
6; r; 942974; 1088; 556; 87; 142973; 4
6; r; 946819; 1088; 659; 89; 146818; 3
6; r; 949383; 1088; 730; 94; 149382; 8
6; r; 951946; 1088; 340; 72; 151945; 9
6; r; 959636; 1088; 937; 104; 159635; 6
6; r; 1396548; 1088; 479; 80; 596547; 9
6; r; 1399751; 1088; 385; 23; 1399750; 27
6; r; 1412569; 1088; 495; 83; 612568; 12
6; r; 1448462; 1088; 255; 68; 648461; 16
6; r; 1449744; 1088; 396; 75; 649743; 25
6; r; 1468969; 1088; 1067; 108; 668968; 15
6; r; 1471533; 1088; 819; 37; 1471532; 23
6; r; 1472815; 1088; 312; 71; 672814; 15
6; r; 1476019; 1088; 671; 90; 676018; 7
6; r; 1483710; 1088; 757; 96; 683709; 5
6; r; 1488196; 1088; 232; 64; 688195; 14
6; r; 1495887; 1088; 924; 103; 695886; 18
6; r; 1510629; 1088; 384; 73; 710628; 9
6; r; 1517038; 1088; 156; 59; 717037; 16
6; r; 1521525; 1088; 149; 58; 721524; 13
6; r; 1526011; 1088; 99; 55; 726010; 11
6; r; 1532419; 1088; 250; 66; 732418; 14
6; r; 1534342; 1088; 393; 74; 734341; 7
6; r; 1534983; 1088; 201; 61; 734982; 18
6; r; 1540111; 1088; 523; 84; 740110; 20
6; r; 1543316; 1088; 759; 97; 743315; 11
6; r; 1549085; 1088; 120; 56; 749084; 15
6; r; 1581766; 1088; 10; 53; 781765; 13
6; r; 1590739; 1088; 539; 86; 790738; 15
6; r; 1592662; 1088; 695; 91; 792661; 13
6; r; 1606120; 1088; 146; 57; 806119; 11
6; r; 1617656; 1088; 471; 79; 817655; 16
6; r; 1618297; 1088; 767; 98; 818296; 13
6; r; 1654198; 1088; 97; 54; 854197; 21
6; r; 1658045; 1088; 259; 69; 858044; 15
6; r; 1679214; 1088; 229; 63; 879213; 17
6; r; 1694615; 1088; 253; 67; 894614; 16
7; r; 9611; 1088; 250; 13; 9610; 9
7; r; 30109; 1088; 831; 33; 30108; 8
7; r; 32030; 1088; 709; 28; 32029; 7
7; r; 41640; 1088; 855; 36; 41639; 3
7; r; 49327; 1088; 520; 22; 49326; 4
7; r; 53812; 1088; 600; 26; 53811; 10
7; r; 85844; 1088; 910; 38; 85843; 3
7; r; 86485; 1088; 847; 35; 86484; 5
7; r; 87126; 1088; 348; 17; 87125; 6
7; r; 94816; 1088; 931; 40; 94815; 6
7; r; 95457; 1088; 92; 5; 95456; 9
7; r; 99942; 1088; 146; 7; 99941; 9
7; r; 104427; 1088; 1074; 43; 104426; 7
7; r; 105068; 1088; 1034; 42; 105067; 5
7; r; 107631; 1088; 158; 9; 107630; 7
7; r; 108272; 1088; 389; 19; 108271; 5
7; r; 112756; 1088; 788; 31; 112755; 2
7; r; 117882; 1088; 385; 18; 117881; 5
7; r; 119163; 1088; 37; 2; 119162; 11
7; r; 124289; 1088; 233; 12; 124288; 11
7; r; 132620; 1088; 841; 34; 132619; 4
7; r; 139668; 1088; 795; 32; 139667; 7
7; r; 174272; 1088; 52; 3; 174271; 9
7; r; 175554; 1088; 299; 15; 175553; 9
7; r; 180680; 1088; 669; 27; 180679; 6
7; r; 189654; 1088; 980; 41; 189653; 3
7; r; 202468; 1088; 122; 6; 202467; 10
7; r; 204393; 1088; 11; 0; 204392; 10
7; r; 218500; 1088; 473; 20; 218499; 7
7; r; 222987; 1088; 532; 23; 222986; 8
7; r; 237741; 1088; 20; 1; 237740; 9
7; r; 240946; 1088; 496; 21; 240945; 11
7; r; 251212; 1088; 859; 37; 251211; 9
7; r; 253137; 1088; 56; 4; 253136; 11
7; r; 255063; 1088; 166; 10; 255062; 11
7; r; 702724; 1088; 572; 24; 702723; 15
7; r; 717467; 1088; 205; 11; 717466; 15
7; r; 735415; 1088; 731; 29; 735414; 16
7; r; 737979; 1088; 749; 30; 737978; 13
7; r; 740543; 1088; 148; 8; 740542; 20
7; r; 754643; 1088; 584; 25; 754642; 9
7; r; 766181; 1088; 303; 16; 766180; 11
7; r; 815536; 1088; 954; 91; 15535; 1
7; r; 821943; 1088; 245; 55; 21942; 8
7; r; 822583; 1088; 901; 87; 22582; 5
7; r; 834116; 1088; 521; 67; 34115; 4
7; r; 852693; 1088; 3; 45; 52692; 11
7; r; 855896; 1088; 933; 90; 55895; 6
7; r; 865507; 1088; 837; 86; 65506; 6
7; r; 875117; 1088; 770; 82; 75116; 5
7; r; 875758; 1088; 643; 73; 75757; 5
7; r; 902033; 1088; 1016; 95; 102032; 1
7; r; 918051; 1088; 264; 56; 118050; 9
7; r; 918692; 1088; 548; 69; 118691; 8
7; r; 925741; 1088; 981; 93; 125740; 2
7; r; 927022; 1088; 1067; 96; 127021; 7
7; r; 934071; 1088; 451; 62; 134070; 5
7; r; 941119; 1088; 961; 92; 141118; 7
7; r; 943042; 1088; 704; 76; 143041; 7
7; r; 943683; 1088; 161; 50; 143682; 7
7; r; 946247; 1088; 353; 59; 146246; 10
7; r; 950733; 1088; 267; 57; 150732; 8
7; r; 951374; 1088; 438; 61; 151373; 8
7; r; 953296; 1088; 537; 68; 153295; 8
7; r; 955860; 1088; 648; 74; 155859; 4
7; r; 964830; 1088; 791; 84; 164829; 2
7; r; 971240; 1088; 291; 58; 171239; 7
7; r; 973804; 1088; 634; 72; 173803; 7
7; r; 975086; 1088; 461; 63; 175085; 5
7; r; 980212; 1088; 571; 70; 180211; 6
7; r; 985338; 1088; 766; 81; 185337; 6
7; r; 990466; 1088; 689; 75; 190465; 3
7; r; 996235; 1088; 196; 53; 196234; 7
7; r; 1002643; 1088; 170; 51; 202642; 11
7; r; 1003924; 1088; 193; 52; 203923; 9
7; r; 1006487; 1088; 827; 85; 206486; 8
7; r; 1007128; 1088; 927; 88; 207127; 11
7; r; 1033406; 1088; 499; 65; 233405; 8
7; r; 1034047; 1088; 209; 54; 234046; 9
7; r; 1053273; 1088; 507; 66; 253272; 7
7; r; 1060965; 1088; 42; 47; 260964; 12
7; r; 1078914; 1088; 0; 44; 278913; 15
7; r; 1079556; 1088; 789; 83; 279555; 3
7; r; 1090456; 1088; 18; 46; 290455; 9
7; r; 1499941; 1088; 474; 64; 699940; 12
7; r; 1512119; 1088; 80; 49; 712118; 13
7; r; 1521091; 1088; 931; 89; 721090; 14
7; r; 1523013; 1088; 727; 78; 723012; 14
7; r; 1531985; 1088; 736; 80; 731984; 9
7; r; 1571719; 1088; 44; 48; 771718; 21
7; r; 1580690; 1088; 584; 71; 780689; 13
8; r; 12815; 1088; 493; 15; 12814; 4
8; r; 22424; 1088; 1064; 45; 22423; 7
8; r; 26268; 1088; 281; 9; 26267; 9
8; r; 41644; 1088; 866; 35; 41643; 7
8; r; 44848; 1088; 225; 7; 44847; 7
8; r; 59585; 1088; 573; 18; 59584; 10
8; r; 60866; 1088; 873; 37; 60865; 6
8; r; 61507; 1088; 682; 22; 61506; 3
8; r; 485408; 1088; 937; 41; 485407; 10
8; r; 487972; 1088; 436; 13; 487971; 8
8; r; 496948; 1088; 823; 28; 496947; 5
8; r; 509130; 1088; 285; 11; 509129; 11
8; r; 510412; 1088; 868; 36; 510411; 8
8; r; 552720; 1088; 874; 38; 552719; 6
8; r; 553361; 1088; 469; 14; 553360; 6
8; r; 573230; 1088; 1021; 42; 573229; 8
8; r; 593099; 1088; 402; 12; 593098; 8
8; r; 594381; 1088; 598; 19; 594380; 10
8; r; 600149; 1088; 203; 6; 600148; 14
8; r; 607841; 1088; 1076; 46; 607840; 24
8; r; 618737; 1088; 928; 40; 618736; 12
8; r; 629632; 1088; 830; 30; 629631; 7
8; r; 646935; 1088; 859; 33; 646934; 12
8; r; 653985; 1088; 601; 20; 653984; 8
8; r; 659111; 1088; 229; 8; 659110; 15
8; r; 666160; 1088; 895; 39; 666159; 15
8; r; 706534; 1088; 691; 23; 706533; 12
8; r; 707175; 1088; 9; 0; 707174; 10
8; r; 712303; 1088; 284; 10; 712302; 11
8; r; 734736; 1088; 662; 21; 734735; 23
8; r; 741147; 1088; 1022; 43; 741146; 19
8; r; 743711; 1088; 97; 1; 743710; 20
8; r; 770628; 1088; 843; 32; 770627; 19
8; r; 783447; 1088; 754; 24; 783446; 19
8; r; 815488; 1088; 441; 71; 15487; 6
8; r; 822536; 1088; 1021; 93; 22535; 1
8; r; 831504; 1088; 425; 68; 31503; 8
8; r; 846882; 1088; 412; 67; 46881; 7
8; r; 854570; 1088; 603; 77; 54569; 9
8; r; 861618; 1088; 348; 63; 61617; 6
8; r; 862899; 1088; 165; 55; 62898; 12
8; r; 864180; 1088; 757; 81; 64179; 2
8; r; 1271638; 1088; 510; 73; 471637; 7
8; r; 1282555; 1088; 887; 86; 482554; 2
8; r; 1324252; 1088; 616; 79; 524251; 4
8; r; 1350532; 1088; 1078; 97; 550531; 4
8; r; 1367200; 1088; 758; 82; 567199; 4
8; r; 1369764; 1088; 1059; 96; 569763; 9
8; r; 1378735; 1088; 1087; 98; 578734; 13
8; r; 1381940; 1088; 546; 74; 581939; 9
8; r; 1429368; 1088; 331; 62; 629367; 14
8; r; 1441546; 1088; 230; 57; 641545; 13
8; r; 1451798; 1088; 1007; 92; 651797; 18
8; r; 1458206; 1088; 155; 53; 658205; 11
8; r; 1459487; 1088; 605; 78; 659486; 7
8; r; 1462050; 1088; 280; 60; 662049; 7
8; r; 1483200; 1088; 966; 90; 683199; 15
8; r; 1501143; 1088; 646; 80; 701142; 9
8; r; 1505627; 1088; 150; 51; 705626; 9
8; r; 1520365; 1088; 1054; 95; 720364; 7
8; r; 1524209; 1088; 438; 69; 724208; 15
8; r; 1537026; 1088; 983; 91; 737025; 21
8; r; 1548559; 1088; 440; 70; 748558; 14
8; r; 1550481; 1088; 267; 58; 750480; 9
8; r; 1579960; 1088; 596; 76; 779959; 11
8; r; 1587650; 1088; 61; 48; 787649; 17
8; r; 1596623; 1088; 325; 61; 796622; 9
8; r; 1601751; 1088; 1041; 94; 801750; 21
8; r; 1613929; 1088; 66; 49; 813928; 12
8; r; 1633158; 1088; 380; 66; 833157; 19
8; r; 1636363; 1088; 490; 72; 836362; 18
8; r; 1637003; 1088; 810; 84; 837002; 18
8; r; 1646617; 1088; 800; 83; 846616; 11
9; r; 14738; 1088; 1052; 47; 14737; 1
9; r; 16661; 1088; 456; 22; 16660; 5
9; r; 26912; 1088; 950; 40; 26911; 2
9; r; 36522; 1088; 287; 15; 36521; 7
9; r; 38445; 1088; 822; 32; 38444; 2
9; r; 39727; 1088; 941; 39; 39726; 5
9; r; 57668; 1088; 872; 36; 57667; 6
9; r; 60870; 1088; 952; 41; 60869; 1
9; r; 65357; 1088; 479; 23; 65356; 8
9; r; 65998; 1088; 1087; 49; 65997; 1
9; r; 67279; 1088; 75; 2; 67278; 9
9; r; 76248; 1088; 516; 25; 76247; 5
9; r; 83937; 1088; 174; 7; 83936; 10
9; r; 96108; 1088; 847; 34; 96107; 3
9; r; 98030; 1088; 115; 4; 98029; 10
9; r; 98671; 1088; 1025; 46; 98670; 7
9; r; 108281; 1088; 416; 19; 108280; 6
9; r; 113407; 1088; 229; 12; 113406; 8
9; r; 118533; 1088; 706; 30; 118532; 7
9; r; 123659; 1088; 188; 9; 123658; 8
9; r; 126222; 1088; 380; 17; 126221; 6
9; r; 128145; 1088; 1068; 48; 128144; 4
9; r; 128786; 1088; 884; 37; 128785; 2
9; r; 133912; 1088; 224; 11; 133911; 9
9; r; 140319; 1088; 586; 27; 140318; 4
9; r; 162750; 1088; 299; 16; 162749; 10
9; r; 166596; 1088; 970; 42; 166595; 4
9; r; 176208; 1088; 396; 18; 176207; 10
9; r; 183259; 1088; 7; 0; 183258; 9
9; r; 186464; 1088; 625; 28; 186463; 6
9; r; 187746; 1088; 247; 13; 187745; 8
9; r; 215303; 1088; 834; 33; 215302; 6
9; r; 224919; 1088; 533; 26; 224918; 9
9; r; 234537; 1088; 691; 29; 234536; 5
9; r; 248646; 1088; 204; 10; 248645; 9
9; r; 251210; 1088; 20; 1; 251209; 9
9; r; 258262; 1088; 452; 21; 258261; 6
9; r; 275578; 1088; 185; 8; 275577; 9
9; r; 680396; 1088; 419; 20; 680395; 14
9; r; 689369; 1088; 278; 14; 689368; 11
9; r; 700906; 1088; 980; 43; 700905; 10
9; r; 705391; 1088; 146; 6; 705390; 11
9; r; 706032; 1088; 926; 38; 706031; 17
9; r; 709879; 1088; 861; 35; 709878; 12
9; r; 716289; 1088; 143; 5; 716288; 16
9; r; 730389; 1088; 1009; 45; 730388; 17
9; r; 754745; 1088; 725; 31; 754744; 16
9; r; 764359; 1088; 496; 24; 764358; 17
9; r; 777820; 1088; 1007; 44; 777819; 21
9; r; 813709; 1088; 713; 84; 13708; 4
9; r; 818193; 1088; 392; 68; 18192; 5
9; r; 836772; 1088; 411; 69; 36771; 5
9; r; 843179; 1088; 467; 72; 43178; 10
9; r; 847023; 1088; 864; 90; 47022; 8
9; r; 850226; 1088; 730; 85; 50225; 8
9; r; 872008; 1088; 951; 93; 72007; 1
9; r; 891875; 1088; 1081; 99; 91874; 3
9; r; 894437; 1088; 583; 78; 94436; 4
9; r; 896359; 1088; 253; 60; 96358; 6
9; r; 902766; 1088; 752; 87; 102765; 3
9; r; 904048; 1088; 347; 66; 104047; 8
9; r; 907892; 1088; 664; 81; 107891; 7
9; r; 922629; 1088; 14; 51; 122628; 11
9; r; 923911; 1088; 148; 58; 123910; 9
9; r; 930961; 1088; 517; 76; 130960; 6
9; r; 933524; 1088; 79; 3; 933523; 19
9; r; 935446; 1088; 267; 61; 135445; 12
9; r; 937369; 1088; 1066; 98; 137368; 6
9; r; 949543; 1088; 84; 55; 149542; 7
9; r; 954671; 1088; 953; 94; 154670; 1
9; r; 961720; 1088; 319; 64; 161719; 7
9; r; 974539; 1088; 364; 67; 174538; 10
9; r; 991201; 1088; 627; 80; 191200; 8
9; r; 1008504; 1088; 775; 88; 208503; 6
9; r; 1023885; 1088; 465; 71; 223884; 10
9; r; 1026449; 1088; 945; 92; 226448; 3
9; r; 1036704; 1088; 219; 59; 236703; 7
9; r; 1037345; 1088; 732; 86; 237344; 8
9; r; 1056574; 1088; 510; 75; 256573; 7
9; r; 1064269; 1088; 1026; 97; 264268; 9
9; r; 1066834; 1088; 56; 54; 266833; 11
9; r; 1070682; 1088; 281; 62; 270681; 8
9; r; 1074534; 1088; 839; 89; 274533; 7
9; r; 1481785; 1088; 907; 91; 681784; 6
9; r; 1488194; 1088; 469; 73; 688193; 13
9; r; 1499091; 1088; 291; 63; 699090; 6
9; r; 1504859; 1088; 561; 77; 704858; 14
9; r; 1518316; 1088; 37; 53; 718315; 13
9; r; 1525365; 1088; 954; 95; 725364; 13
9; r; 1546512; 1088; 441; 70; 746511; 13
9; r; 1559970; 1088; 11; 50; 759969; 11
9; r; 1571507; 1088; 681; 83; 771506; 15
9; r; 1578557; 1088; 671; 82; 778556; 13
9; r; 1588168; 1088; 480; 74; 788167; 18
9; r; 1593295; 1088; 94; 56; 793294; 21
9; r; 1599063; 1088; 337; 65; 799062; 18
