iter; type; time slot; d_nodes; s_nodes; pid; nslot; nhop
0; r; 14975; 1088; 741; 5; 14018; 5
0; r; 23945; 1088; 361; 0; 23749; 4
0; r; 48942; 1088; 42; 6; 47853; 9
0; r; 57916; 1088; 1047; 135; 32931; 2
0; r; 61121; 1088; 814; 111; 41417; 3
0; r; 64967; 1088; 494; 87; 49827; 5
0; r; 70094; 1088; 781; 58; 59276; 3
0; r; 84195; 1088; 884; 57; 73420; 2
0; r; 86118; 1088; 812; 47; 77668; 5
0; r; 87400; 1088; 1085; 3; 86528; 1
0; r; 89324; 1088; 985; 55; 78686; 1
0; r; 89965; 1088; 989; 93; 73743; 1
0; r; 119447; 1088; 1013; 131; 94796; 2
0; r; 133546; 1088; 707; 38; 126394; 6
0; r; 136752; 1088; 987; 28; 130562; 1
0; r; 175856; 1088; 1056; 76; 162073; 9
0; r; 177779; 1088; 735; 99; 160436; 6
0; r; 179061; 1088; 327; 14; 176464; 7
0; r; 221369; 1088; 555; 71; 208574; 4
0; r; 224574; 1088; 294; 54; 214005; 5
0; r; 231626; 1088; 914; 77; 217831; 2
0; r; 240601; 1088; 950; 59; 229519; 2
0; r; 666617; 1088; 982; 89; 650778; 3
0; r; 673028; 1088; 739; 165; 245848; 8
0; r; 678797; 1088; 877; 104; 660040; 5
0; r; 683924; 1088; 621; 110; 664384; 5
0; r; 685847; 1088; 643; 90; 669878; 9
0; r; 688411; 1088; 718; 107; 669111; 5
0; r; 702513; 1088; 614; 140; 676887; 5
0; r; 706359; 1088; 939; 35; 699394; 6
0; r; 715974; 1088; 485; 43; 708217; 9
0; r; 721743; 1088; 1043; 33; 714893; 3
0; r; 725589; 1088; 940; 161; 693676; 4
0; r; 732639; 1088; 870; 141; 706748; 6
0; r; 733280; 1088; 114; 21; 729134; 11
0; r; 741613; 1088; 862; 150; 713502; 7
0; r; 742254; 1088; 229; 168; 310897; 9
0; r; 744177; 1088; 717; 11; 742325; 3
0; r; 745459; 1088; 377; 27; 739589; 9
0; r; 756996; 1088; 792; 116; 736108; 8
0; r; 757637; 1088; 658; 166; 328116; 9
0; r; 758278; 1088; 428; 139; 732855; 6
0; r; 759560; 1088; 211; 61; 748317; 7
0; r; 763407; 1088; 656; 127; 740383; 4
0; r; 764048; 1088; 992; 167; 333421; 8
0; r; 768535; 1088; 908; 149; 740724; 3
0; r; 783917; 1088; 966; 46; 775580; 8
0; r; 814037; 1088; 519; 119; 792818; 4
0; r; 817242; 1088; 518; 66; 804921; 4
0; r; 823009; 1088; 863; 134; 798126; 7
0; r; 844161; 1088; 1005; 88; 828553; 5
0; r; 845443; 1088; 383; 101; 827068; 7
0; r; 848007; 1088; 195; 51; 838212; 8
0; r; 853776; 1088; 602; 1; 853539; 6
0; r; 856980; 1088; 572; 4; 856075; 8
0; r; 860185; 1088; 374; 155; 829825; 7
0; r; 865313; 1088; 713; 34; 858396; 4
0; r; 866595; 1088; 613; 97; 849801; 5
0; r; 869159; 1088; 1031; 82; 854635; 6
0; r; 878133; 1088; 925; 64; 866026; 8
0; r; 886466; 1088; 797; 126; 863575; 6
0; r; 889671; 1088; 1049; 159; 857885; 4
0; r; 897363; 1088; 1072; 95; 880989; 5
0; r; 899926; 1088; 568; 164; 480208; 12
0; r; 900567; 1088; 554; 125; 878436; 3
0; r; 902490; 1088; 449; 169; 469945; 8
0; r; 915309; 1088; 772; 118; 894183; 4
0; r; 915950; 1088; 443; 62; 904475; 7
0; r; 944150; 1088; 557; 145; 917161; 5
0; r; 947355; 1088; 807; 153; 917847; 5
0; r; 970431; 1088; 636; 147; 943166; 9
0; r; 987097; 1088; 988; 243; 173321; 1
0; r; 989661; 1088; 954; 233; 176985; 1
0; r; 990302; 1088; 438; 45; 982226; 10
0; r; 997994; 1088; 646; 32; 991151; 5
0; r; 1005046; 1088; 1022; 24; 1000349; 7
0; r; 1014662; 1088; 474; 115; 993863; 6
0; r; 1024280; 1088; 844; 65; 1012156; 5
0; r; 1028126; 1088; 140; 75; 1014733; 11
0; r; 1033254; 1088; 997; 23; 1028632; 10
0; r; 1049921; 1088; 516; 67; 1037545; 5
0; r; 1054408; 1088; 321; 130; 1030250; 13
0; r; 1470807; 1088; 409; 63; 1459217; 6
0; r; 1484268; 1088; 552; 133; 1459407; 6
0; r; 1486832; 1088; 853; 310; 658786; 2
0; r; 1498369; 1088; 780; 2; 1497773; 6
0; r; 1515674; 1088; 896; 56; 1504945; 7
0; r; 1542596; 1088; 855; 306; 715274; 2
0; r; 1545160; 1088; 258; 85; 1530412; 7
0; r; 1547083; 1088; 770; 13; 1544563; 7
0; r; 1549006; 1088; 577; 105; 1529924; 5
0; r; 1556056; 1088; 417; 9; 1554665; 7
0; r; 1565669; 1088; 965; 44; 1557680; 7
0; r; 1568233; 1088; 251; 53; 1557675; 8
0; r; 1569515; 1088; 950; 227; 758433; 3
0; r; 1572079; 1088; 210; 49; 1563060; 9
0; r; 1577207; 1088; 1086; 207; 770104; 2
0; r; 1578489; 1088; 1055; 196; 773747; 2
0; r; 1581053; 1088; 818; 187; 777735; 3
0; r; 1586180; 1088; 437; 20; 1582169; 9
0; r; 1586821; 1088; 873; 80; 1572726; 8
0; r; 1601564; 1088; 663; 68; 1589161; 13
0; r; 1606050; 1088; 986; 252; 790617; 3
0; r; 1615023; 1088; 581; 136; 1589982; 5
0; r; 1630406; 1088; 1045; 292; 805888; 3
0; r; 1636816; 1088; 335; 84; 1622117; 8
0; r; 1656684; 1088; 521; 69; 1644234; 8
0; r; 1661171; 1088; 182; 16; 1658327; 7
0; r; 1685526; 1088; 838; 79; 1671465; 7
0; r; 1686167; 1088; 478; 70; 1673716; 7
0; r; 1688731; 1088; 380; 109; 1669245; 7
0; r; 1689372; 1088; 582; 39; 1682035; 6
0; r; 1711165; 1088; 26; 143; 1684478; 10
0; r; 1713728; 1088; 493; 113; 1693528; 6
0; r; 1714369; 1088; 1067; 100; 1696420; 7
0; r; 1719497; 1088; 912; 228; 908151; 3
0; r; 1720138; 1088; 364; 30; 1713830; 12
0; r; 1724624; 1088; 5; 83; 1710000; 9
0; r; 1733596; 1088; 459; 248; 919451; 4
0; r; 1740648; 1088; 278; 36; 1733524; 9
0; r; 1743212; 1088; 878; 212; 935274; 3
0; r; 1757313; 1088; 179; 72; 1744271; 8
0; r; 1757954; 1088; 687; 215; 949039; 4
0; r; 1765005; 1088; 209; 48; 1756441; 11
0; r; 1775259; 1088; 1058; 314; 945822; 7
0; r; 1784232; 1088; 192; 103; 1765478; 9
0; r; 1800899; 1088; 980; 285; 977740; 3
0; r; 1813721; 1088; 454; 160; 1781923; 7
0; r; 1827184; 1088; 1077; 302; 1000721; 2
0; r; 1829107; 1088; 909; 241; 1015498; 4
0; r; 2266748; 1088; 317; 26; 2261465; 7
0; r; 2268671; 1088; 304; 108; 2249299; 7
0; r; 2289823; 1088; 239; 121; 2268180; 8
0; r; 2293669; 1088; 928; 31; 2287347; 9
0; r; 2295591; 1088; 967; 267; 1476267; 5
0; r; 2318027; 1088; 440; 112; 2298122; 7
0; r; 2319950; 1088; 495; 114; 2299346; 12
0; r; 2327641; 1088; 688; 273; 1506882; 3
0; r; 2334690; 1088; 596; 17; 2331733; 7
0; r; 2345586; 1088; 1040; 321; 1513971; 3
0; r; 2351355; 1088; 615; 142; 2325142; 6
0; r; 2355842; 1088; 779; 240; 1542280; 3
0; r; 2379558; 1088; 635; 15; 2376727; 11
0; r; 2380199; 1088; 915; 235; 1567061; 3
0; r; 2381481; 1088; 372; 138; 2356122; 8
0; r; 2390453; 1088; 375; 41; 2382822; 8
0; r; 2418013; 1088; 781; 226; 1607195; 3
0; r; 2423782; 1088; 329; 170; 1623671; 5
0; r; 2435961; 1088; 893; 86; 2420998; 8
0; r; 2444933; 1088; 370; 156; 2414086; 8
0; r; 2449419; 1088; 674; 271; 1629364; 4
0; r; 2460316; 1088; 404; 8; 2458950; 8
0; r; 2460957; 1088; 292; 129; 2436847; 9
0; r; 2462880; 1088; 226; 137; 2437660; 7
0; r; 2472495; 1088; 572; 175; 1671590; 6
0; r; 2473136; 1088; 50; 7; 2471868; 10
0; r; 2476982; 1088; 70; 123; 2455192; 14
0; r; 2482751; 1088; 282; 94; 2466513; 8
0; r; 2487879; 1088; 754; 216; 1678955; 4
0; r; 2489162; 1088; 871; 262; 1671085; 4
0; r; 2497495; 1088; 649; 184; 1695082; 5
0; r; 2503265; 1088; 547; 179; 1701665; 5
0; r; 2504547; 1088; 436; 73; 2491356; 9
0; r; 2520572; 1088; 902; 280; 1699240; 7
0; r; 2521213; 1088; 396; 10; 2519556; 10
0; r; 2525059; 1088; 8; 117; 2504066; 11
0; r; 2528264; 1088; 691; 176; 1727201; 5
0; r; 2536597; 1088; 695; 151; 2507839; 9
0; r; 2537879; 1088; 398; 29; 2531586; 9
0; r; 2541725; 1088; 558; 12; 2539424; 9
0; r; 2554546; 1088; 847; 199; 1749265; 6
0; r; 2578262; 1088; 589; 239; 1764834; 5
0; r; 2589159; 1088; 351; 329; 1756426; 5
0; r; 2591083; 1088; 312; 102; 2572636; 9
0; r; 2609033; 1088; 914; 244; 1795238; 4
0; r; 2615443; 1088; 541; 272; 1795250; 5
0; r; 2646852; 1088; 519; 279; 1825633; 5
0; r; 2653903; 1088; 429; 148; 2626297; 12
0; r; 2660315; 1088; 93; 78; 2646339; 9
0; r; 2660956; 1088; 171; 106; 2641798; 9
0; r; 3076987; 1088; 631; 146; 3049994; 8
0; r; 3093652; 1088; 40; 162; 3061592; 13
0; r; 3132111; 1088; 491; 230; 2320395; 4
0; r; 3136598; 1088; 44; 144; 3109657; 10
0; r; 3143649; 1088; 685; 188; 2340285; 5
0; r; 3155827; 1088; 908; 307; 2328016; 6
0; r; 3160314; 1088; 867; 74; 3147009; 7
0; r; 3168005; 1088; 185; 172; 2367747; 6
0; r; 3179540; 1088; 253; 198; 2374491; 7
0; r; 3180181; 1088; 462; 25; 3175003; 12
0; r; 3185950; 1088; 516; 232; 2373574; 7
0; r; 3197487; 1088; 514; 231; 2385574; 7
0; r; 3199410; 1088; 41; 122; 3177625; 15
0; r; 3210306; 1088; 958; 197; 2405290; 8
0; r; 3218640; 1088; 210; 217; 2409621; 8
0; r; 3222486; 1088; 726; 190; 2419067; 7
0; r; 3234023; 1088; 683; 183; 2431802; 5
0; r; 3247481; 1088; 383; 263; 2429106; 6
0; r; 3266710; 1088; 474; 275; 2445911; 7
0; r; 3278247; 1088; 152; 205; 2471409; 9
0; r; 3284657; 1088; 461; 174; 2483925; 6
0; r; 3294271; 1088; 742; 316; 2464444; 5
0; r; 3296835; 1088; 257; 132; 3272035; 10
0; r; 3306449; 1088; 10; 37; 3299299; 10
0; r; 3311577; 1088; 51; 266; 2492541; 8
0; r; 3323113; 1088; 155; 261; 2505687; 9
0; r; 3326318; 1088; 714; 225; 2515567; 6
0; r; 3328882; 1088; 276; 191; 2525406; 8
0; r; 3330164; 1088; 670; 293; 2505098; 7
0; r; 3337856; 1088; 344; 194; 2533701; 7
0; r; 3344908; 1088; 634; 189; 2541507; 7
0; r; 3357087; 1088; 745; 274; 2536308; 5
0; r; 3360933; 1088; 592; 317; 2530672; 5
0; r; 3365418; 1088; 377; 202; 2559548; 8
0; r; 3418619; 1088; 62; 206; 2611547; 8
0; r; 3435286; 1088; 16; 60; 3424102; 10
0; r; 3440415; 1088; 289; 325; 2608423; 6
0; r; 3448108; 1088; 349; 257; 2631565; 6
0; r; 3455161; 1088; 205; 158; 3423480; 11
0; r; 3460931; 1088; 417; 178; 2659540; 5
0; r; 3461572; 1088; 1070; 318; 2630839; 7
0; r; 3867055; 1088; 22; 203; 3060989; 9
0; r; 3867696; 1088; 444; 200; 3062356; 6
0; r; 3883720; 1088; 963; 177; 3082401; 8
0; r; 3886284; 1088; 472; 311; 3058206; 7
0; r; 3886925; 1088; 101; 157; 3855936; 11
0; r; 3887565; 1088; 205; 322; 3055884; 9
0; r; 3892693; 1088; 506; 327; 3060487; 8
0; r; 3899744; 1088; 58; 270; 3079838; 9
0; r; 3904231; 1088; 57; 309; 3076323; 10
0; r; 3906154; 1088; 602; 171; 3105917; 7
0; r; 3925381; 1088; 667; 301; 3098932; 6
0; r; 3929227; 1088; 190; 249; 3115063; 8
0; r; 3931791; 1088; 1028; 221; 3121823; 9
0; r; 3942686; 1088; 307; 297; 3117201; 9
0; r; 3946532; 1088; 507; 256; 3130264; 7
0; r; 3947173; 1088; 891; 324; 3115222; 8
0; r; 3954223; 1088; 113; 220; 3144500; 8
0; r; 3957428; 1088; 353; 219; 3147850; 8
0; r; 3961915; 1088; 160; 236; 3148768; 8
0; r; 3965120; 1088; 656; 284; 3142096; 6
0; r; 3967684; 1088; 139; 299; 3141883; 9
0; r; 3970248; 1088; 233; 173; 3169965; 9
0; r; 3982426; 1088; 976; 154; 3952910; 14
0; r; 3985631; 1088; 868; 238; 3172339; 8
0; r; 3992042; 1088; 84; 218; 3182650; 9
1; r; 10253; 1088; 1021; 147; 10252; 1
1; r; 13458; 1088; 779; 110; 13457; 3
1; r; 14099; 1088; 751; 105; 14098; 2
1; r; 21789; 1088; 758; 106; 21788; 3
1; r; 26916; 1088; 952; 137; 26915; 1
1; r; 30761; 1088; 1084; 156; 30760; 1
1; r; 39735; 1088; 356; 43; 39734; 6
1; r; 48066; 1088; 523; 66; 48065; 4
1; r; 63446; 1088; 923; 134; 63445; 1
1; r; 64728; 1088; 1051; 152; 64727; 1
1; r; 85881; 1088; 828; 120; 85880; 8
1; r; 101905; 1088; 789; 113; 101904; 2
1; r; 119854; 1088; 790; 114; 119853; 2
1; r; 129468; 1088; 457; 55; 129467; 5
1; r; 142930; 1088; 19; 1; 142929; 10
1; r; 143571; 1088; 528; 68; 143570; 8
1; r; 148699; 1088; 1005; 144; 148698; 3
1; r; 558022; 1088; 525; 67; 558021; 6
1; r; 561870; 1088; 225; 27; 561869; 11
1; r; 574692; 1088; 1020; 146; 574691; 7
1; r; 578538; 1088; 860; 123; 578537; 9
1; r; 583023; 1088; 747; 104; 583022; 3
1; r; 593279; 1088; 944; 136; 593278; 3
1; r; 615718; 1088; 695; 97; 615717; 9
1; r; 625332; 1088; 744; 101; 625331; 3
1; r; 636867; 1088; 769; 108; 636866; 11
1; r; 647124; 1088; 504; 62; 647123; 7
1; r; 652252; 1088; 977; 139; 652251; 5
1; r; 660585; 1088; 926; 135; 660584; 10
1; r; 661225; 1088; 678; 92; 661224; 4
1; r; 662507; 1088; 455; 54; 662506; 12
1; r; 668917; 1088; 824; 118; 668916; 6
1; r; 686223; 1088; 529; 69; 686222; 10
1; r; 695195; 1088; 616; 83; 695194; 5
1; r; 710578; 1088; 605; 80; 710577; 6
1; r; 713143; 1088; 1076; 154; 713142; 4
1; r; 715066; 1088; 54; 6; 715065; 8
1; r; 743269; 1088; 459; 56; 743268; 5
1; r; 747757; 1088; 207; 25; 747756; 10
1; r; 758652; 1088; 901; 132; 758651; 6
1; r; 761857; 1088; 98; 9; 761856; 8
1; r; 762499; 1088; 492; 60; 762498; 6
1; r; 770830; 1088; 558; 73; 770829; 4
1; r; 772753; 1088; 746; 103; 772752; 3
1; r; 773394; 1088; 96; 8; 773393; 8
1; r; 775958; 1088; 568; 77; 775957; 6
1; r; 791341; 1088; 543; 70; 791340; 8
1; r; 793263; 1088; 612; 81; 793262; 5
1; r; 814413; 1088; 783; 111; 814412; 5
1; r; 826591; 1088; 692; 95; 826590; 4
1; r; 827232; 1088; 686; 94; 827231; 3
1; r; 829796; 1088; 903; 133; 829795; 6
1; r; 833000; 1088; 454; 53; 832999; 8
1; r; 835563; 1088; 613; 82; 835562; 5
1; r; 846459; 1088; 659; 87; 846458; 7
1; r; 859278; 1088; 655; 86; 859277; 4
1; r; 867612; 1088; 979; 140; 867611; 11
1; r; 868253; 1088; 488; 59; 868252; 4
1; r; 872740; 1088; 861; 124; 872739; 7
1; r; 874022; 1088; 469; 58; 874021; 8
1; r; 882995; 1088; 671; 89; 882994; 7
1; r; 903506; 1088; 636; 85; 903505; 5
1; r; 913121; 1088; 745; 102; 913120; 5
1; r; 919530; 1088; 776; 109; 919529; 6
1; r; 928503; 1088; 452; 52; 928502; 4
1; r; 936193; 1088; 312; 36; 936192; 6
1; r; 1364059; 1088; 680; 93; 1364058; 6
1; r; 1367905; 1088; 816; 117; 1367904; 5
1; r; 1402522; 1088; 954; 302; 602521; 1
1; r; 1416625; 1088; 785; 112; 1416624; 6
1; r; 1421754; 1088; 1032; 149; 1421753; 6
1; r; 1432009; 1088; 853; 285; 632008; 2
1; r; 1432650; 1088; 707; 99; 1432649; 6
1; r; 1439060; 1088; 420; 49; 1439059; 7
1; r; 1450598; 1088; 1080; 155; 1450597; 6
1; r; 1461495; 1088; 673; 90; 1461494; 6
1; r; 1464059; 1088; 1085; 322; 664058; 1
1; r; 1470469; 1088; 708; 100; 1470468; 6
1; r; 1476237; 1088; 184; 21; 1476236; 9
1; r; 1480724; 1088; 870; 125; 1480723; 5
1; r; 1484570; 1088; 597; 79; 1484569; 8
1; r; 1493543; 1088; 306; 34; 1493542; 7
1; r; 1507002; 1088; 988; 309; 707001; 1
1; r; 1510207; 1088; 697; 98; 1510206; 8
1; r; 1510848; 1088; 1052; 317; 710847; 1
1; r; 1539693; 1088; 690; 264; 739692; 2
1; r; 1540975; 1088; 878; 128; 1540974; 6
1; r; 1548026; 1088; 554; 72; 1548025; 6
1; r; 1559565; 1088; 825; 119; 1559564; 7
1; r; 1575587; 1088; 722; 268; 775586; 3
1; r; 1580074; 1088; 1000; 142; 1580073; 5
1; r; 1585201; 1088; 174; 19; 1585200; 10
1; r; 1587124; 1088; 514; 65; 1587123; 6
1; r; 1596739; 1088; 166; 18; 1596738; 11
1; r; 1598021; 1088; 130; 12; 1598020; 9
1; r; 1615325; 1088; 149; 15; 1615324; 10
1; r; 1635195; 1088; 789; 277; 835194; 2
1; r; 1636477; 1088; 871; 126; 1636476; 5
1; r; 1637118; 1088; 854; 286; 837117; 2
1; r; 1639041; 1088; 447; 51; 1639040; 9
1; r; 1655706; 1088; 853; 122; 1655705; 7
1; r; 1665321; 1088; 180; 20; 1665320; 8
1; r; 1680063; 1088; 963; 138; 1680062; 7
1; r; 1697367; 1088; 894; 131; 1697366; 7
1; r; 1712110; 1088; 915; 295; 912109; 2
1; r; 1728134; 1088; 382; 46; 1728133; 8
1; r; 1731338; 1088; 981; 141; 1731337; 4
1; r; 1731979; 1088; 848; 284; 931978; 3
1; r; 2170498; 1088; 347; 41; 2170497; 7
1; r; 2205753; 1088; 361; 212; 1405752; 6
1; r; 2210881; 1088; 199; 24; 2210880; 10
1; r; 2229471; 1088; 507; 63; 2229470; 8
1; r; 2249340; 1088; 424; 50; 2249339; 7
1; r; 2249981; 1088; 877; 289; 1449980; 3
1; r; 2257031; 1088; 550; 71; 2257030; 8
1; r; 2263441; 1088; 1023; 148; 2263440; 8
1; r; 2269209; 1088; 783; 276; 1469208; 4
1; r; 2269850; 1088; 983; 308; 1469849; 2
1; r; 2271773; 1088; 562; 75; 2271772; 11
1; r; 2277542; 1088; 146; 14; 2277541; 9
1; r; 2292283; 1088; 876; 288; 1492282; 4
1; r; 2305743; 1088; 2; 0; 2305742; 10
1; r; 2321767; 1088; 452; 226; 1521766; 4
1; r; 2324331; 1088; 651; 254; 1524330; 3
1; r; 2331382; 1088; 131; 13; 2331381; 9
1; r; 2332664; 1088; 778; 275; 1532663; 4
1; r; 2337791; 1088; 285; 32; 2337790; 7
1; r; 2338432; 1088; 683; 263; 1538431; 4
1; r; 2344201; 1088; 1005; 312; 1544200; 4
1; r; 2344842; 1088; 798; 116; 2344841; 9
1; r; 2381378; 1088; 160; 17; 2381377; 9
1; r; 2383301; 1088; 594; 78; 2383300; 12
1; r; 2391634; 1088; 158; 16; 2391633; 8
1; r; 2394198; 1088; 978; 307; 1594197; 4
1; r; 2396762; 1088; 237; 30; 2396761; 9
1; r; 2400608; 1088; 326; 209; 1600607; 5
1; r; 2401249; 1088; 338; 40; 2401248; 9
1; r; 2411505; 1088; 49; 5; 2411504; 10
1; r; 2421120; 1088; 694; 96; 2421119; 9
1; r; 2429452; 1088; 564; 76; 2429451; 9
1; r; 2439707; 1088; 506; 235; 1639706; 6
1; r; 2440989; 1088; 1062; 153; 2440988; 11
1; r; 2448681; 1088; 718; 267; 1648680; 3
1; r; 2450604; 1088; 319; 38; 2450603; 8
1; r; 2451886; 1088; 682; 262; 1651885; 4
1; r; 2462141; 1088; 30; 4; 2462140; 7
1; r; 2471115; 1088; 1004; 143; 2471114; 8
1; r; 2472397; 1088; 209; 26; 2472396; 12
1; r; 2484575; 1088; 652; 255; 1684574; 4
1; r; 2487780; 1088; 383; 47; 2487779; 8
1; r; 2503805; 1088; 492; 231; 1703804; 4
1; r; 2510856; 1088; 1074; 319; 1710855; 4
1; r; 2523035; 1088; 25; 2; 2523034; 10
1; r; 2531368; 1088; 226; 28; 2531367; 11
1; r; 2548675; 1088; 584; 245; 1748674; 5
1; r; 2552521; 1088; 929; 298; 1752520; 6
1; r; 2958207; 1088; 1083; 321; 2158206; 4
1; r; 2961412; 1088; 1076; 320; 2161411; 4
1; r; 2967181; 1088; 673; 260; 2167180; 5
1; r; 2972949; 1088; 148; 180; 2172948; 8
1; r; 2981282; 1088; 351; 211; 2181281; 6
1; r; 2985769; 1088; 27; 3; 2985768; 9
1; r; 2986410; 1088; 775; 274; 2186409; 5
1; r; 2991538; 1088; 451; 225; 2191537; 6
1; r; 2995383; 1088; 285; 204; 2195382; 7
1; r; 2999229; 1088; 581; 243; 2199228; 5
1; r; 3023586; 1088; 668; 259; 2223585; 7
1; r; 3031919; 1088; 794; 115; 3031918; 10
1; r; 3033201; 1088; 1035; 314; 2233200; 6
1; r; 3045379; 1088; 216; 190; 2245378; 7
1; r; 3063325; 1088; 641; 252; 2263324; 6
1; r; 3063965; 1088; 194; 185; 2263964; 6
1; r; 3067811; 1088; 250; 197; 2267810; 6
1; r; 3081912; 1088; 378; 216; 2281911; 7
1; r; 3085757; 1088; 561; 74; 3085756; 12
1; r; 3093449; 1088; 710; 266; 2293448; 6
1; r; 3104987; 1088; 76; 7; 3104986; 9
1; r; 3106910; 1088; 471; 228; 2306909; 8
1; r; 3117807; 1088; 709; 265; 2317806; 5
1; r; 3128063; 1088; 395; 218; 2328062; 4
1; r; 3133831; 1088; 839; 283; 2333830; 5
1; r; 3140882; 1088; 495; 233; 2340881; 8
1; r; 3142164; 1088; 645; 253; 2342163; 5
1; r; 3146650; 1088; 658; 256; 2346649; 5
1; r; 3165879; 1088; 553; 242; 2365878; 5
1; r; 3177417; 1088; 751; 271; 2377416; 6
1; r; 3199850; 1088; 322; 208; 2399849; 7
1; r; 3202414; 1088; 583; 244; 2402413; 7
1; r; 3203055; 1088; 128; 11; 3203054; 12
1; r; 3204978; 1088; 504; 234; 2404977; 6
1; r; 3213310; 1088; 933; 299; 2413309; 7
1; r; 3214592; 1088; 462; 57; 3214591; 11
1; r; 3216515; 1088; 493; 232; 2416514; 6
1; r; 3251125; 1088; 224; 191; 2451124; 7
1; r; 3255612; 1088; 324; 39; 3255611; 9
1; r; 3260740; 1088; 512; 64; 3260739; 13
1; r; 3276121; 1088; 971; 306; 2476120; 6
1; r; 3277403; 1088; 906; 293; 2477402; 6
1; r; 3278685; 1088; 186; 22; 3278684; 8
1; r; 3293426; 1088; 611; 248; 2493425; 8
1; r; 3316500; 1088; 101; 10; 3316499; 11
1; r; 3317782; 1088; 484; 230; 2517781; 6
1; r; 3320987; 1088; 835; 282; 2520986; 8
1; r; 3328679; 1088; 312; 206; 2528678; 8
1; r; 3332525; 1088; 226; 193; 2532524; 9
1; r; 3345345; 1088; 402; 220; 2545344; 8
1; r; 3351115; 1088; 969; 305; 2551114; 6
1; r; 3351756; 1088; 905; 292; 2551755; 7
1; r; 3759096; 1088; 60; 164; 2959095; 7
1; r; 3807171; 1088; 398; 219; 3007170; 9
1; r; 3818712; 1088; 724; 269; 3018711; 6
1; r; 3825124; 1088; 258; 200; 3025123; 6
1; r; 3834741; 1088; 225; 192; 3034740; 8
1; r; 3840509; 1088; 510; 236; 3040508; 7
1; r; 3841791; 1088; 800; 279; 3041790; 8
1; r; 3851404; 1088; 48; 160; 3051403; 9
1; r; 3855250; 1088; 937; 300; 3055249; 8
1; r; 3859096; 1088; 926; 296; 3059095; 9
1; r; 3861660; 1088; 370; 214; 3061659; 9
1; r; 3864224; 1088; 499; 61; 3864223; 12
1; r; 3868712; 1088; 408; 222; 3068711; 8
1; r; 3869353; 1088; 128; 177; 3069352; 9
1; r; 3880891; 1088; 180; 183; 3080890; 9
1; r; 3882814; 1088; 93; 171; 3082813; 9
1; r; 3889865; 1088; 1064; 318; 3089864; 9
1; r; 3902043; 1088; 49; 161; 3102042; 10
1; r; 3918067; 1088; 151; 181; 3118066; 12
1; r; 3925758; 1088; 275; 203; 3125757; 9
1; r; 3951397; 1088; 96; 172; 3151396; 9
1; r; 3968062; 1088; 542; 241; 3168061; 7
1; r; 3971267; 1088; 256; 199; 3171266; 7
1; r; 3971908; 1088; 995; 310; 3171907; 9
1; r; 3973190; 1088; 633; 251; 3173189; 12
1; r; 3979600; 1088; 964; 304; 3179599; 11
1; r; 3982164; 1088; 12; 158; 3182163; 12
1; r; 3983446; 1088; 265; 202; 3183445; 13
1; r; 3990497; 1088; 662; 257; 3190496; 11
2; r; 42300; 1088; 919; 158; 42299; 1
2; r; 51272; 1088; 988; 169; 51271; 1
2; r; 53195; 1088; 1083; 178; 53194; 1
2; r; 57680; 1088; 685; 119; 57679; 3
2; r; 77548; 1088; 754; 126; 77547; 3
2; r; 92290; 1088; 1030; 173; 92289; 8
2; r; 94213; 1088; 1086; 179; 94212; 1
2; r; 107031; 1088; 576; 99; 107030; 7
2; r; 112157; 1088; 853; 146; 112156; 2
2; r; 113439; 1088; 809; 136; 113438; 5
2; r; 124977; 1088; 51; 7; 124976; 8
2; r; 126900; 1088; 792; 133; 126899; 8
2; r; 127541; 1088; 1079; 177; 127540; 4
2; r; 141002; 1088; 878; 152; 141001; 3
2; r; 149976; 1088; 721; 124; 149975; 3
2; r; 151899; 1088; 608; 106; 151898; 5
2; r; 160873; 1088; 952; 163; 160872; 1
2; r; 169207; 1088; 847; 145; 169206; 3
2; r; 171129; 1088; 651; 112; 171128; 4
2; r; 175616; 1088; 550; 92; 175615; 4
2; r; 178821; 1088; 917; 157; 178820; 3
2; r; 182025; 1088; 483; 82; 182024; 5
2; r; 188438; 1088; 923; 159; 188437; 2
2; r; 228186; 1088; 872; 150; 228185; 5
2; r; 231392; 1088; 949; 162; 231391; 2
2; r; 637085; 1088; 778; 132; 637084; 3
2; r; 639649; 1088; 352; 61; 639648; 9
2; r; 642854; 1088; 255; 46; 642853; 16
2; r; 643495; 1088; 531; 88; 643494; 10
2; r; 653110; 1088; 491; 84; 653109; 6
2; r; 658238; 1088; 556; 94; 658237; 4
2; r; 660161; 1088; 947; 161; 660160; 4
2; r; 675545; 1088; 707; 122; 675544; 9
2; r; 687084; 1088; 650; 111; 687083; 4
2; r; 710799; 1088; 758; 128; 710798; 3
2; r; 712081; 1088; 882; 153; 712080; 2
2; r; 717209; 1088; 1070; 176; 717208; 3
2; r; 718491; 1088; 755; 127; 718490; 3
2; r; 731309; 1088; 244; 45; 731308; 7
2; r; 742204; 1088; 471; 81; 742203; 9
2; r; 744768; 1088; 113; 17; 744767; 11
2; r; 755023; 1088; 876; 151; 755022; 4
2; r; 765920; 1088; 813; 137; 765919; 7
2; r; 767843; 1088; 579; 100; 767842; 7
2; r; 771047; 1088; 623; 108; 771046; 7
2; r; 788353; 1088; 719; 123; 788352; 4
2; r; 794762; 1088; 411; 72; 794761; 6
2; r; 796044; 1088; 816; 138; 796043; 3
2; r; 801172; 1088; 626; 109; 801171; 8
2; r; 802454; 1088; 844; 143; 802453; 5
2; r; 807581; 1088; 593; 102; 807580; 5
2; r; 821042; 1088; 538; 89; 821041; 12
2; r; 823606; 1088; 584; 101; 823605; 7
2; r; 824247; 1088; 199; 38; 824246; 11
2; r; 833861; 1088; 867; 148; 833860; 7
2; r; 835784; 1088; 442; 76; 835783; 6
2; r; 837707; 1088; 817; 139; 837706; 4
2; r; 860779; 1088; 845; 144; 860778; 5
2; r; 880009; 1088; 345; 57; 880008; 8
2; r; 889622; 1088; 510; 87; 889621; 5
2; r; 895390; 1088; 552; 93; 895389; 5
2; r; 903080; 1088; 747; 125; 903079; 5
2; r; 916539; 1088; 566; 98; 916538; 7
2; r; 931922; 1088; 615; 107; 931921; 5
2; r; 935127; 1088; 675; 117; 935126; 5
2; r; 942178; 1088; 656; 113; 942177; 3
2; r; 947947; 1088; 191; 36; 947946; 9
2; r; 957560; 1088; 565; 97; 957559; 11
2; r; 958201; 1088; 484; 83; 958200; 6
2; r; 969098; 1088; 884; 154; 969097; 3
2; r; 980637; 1088; 774; 131; 980636; 6
2; r; 981919; 1088; 974; 168; 981918; 4
2; r; 984483; 1088; 805; 135; 984482; 7
2; r; 1001150; 1088; 973; 167; 1001149; 5
2; r; 1441053; 1088; 918; 328; 641052; 3
2; r; 1444258; 1088; 1053; 346; 644257; 1
2; r; 1460924; 1088; 1085; 352; 660923; 1
2; r; 1469256; 1088; 461; 79; 1469255; 7
2; r; 1475025; 1088; 396; 69; 1475024; 8
2; r; 1483999; 1088; 904; 156; 1483998; 5
2; r; 1484640; 1088; 642; 110; 1484639; 5
2; r; 1486563; 1088; 437; 75; 1486562; 8
2; r; 1500665; 1088; 1023; 171; 1500664; 8
2; r; 1503869; 1088; 227; 42; 1503868; 6
2; r; 1504510; 1088; 1084; 351; 704509; 1
2; r; 1513484; 1088; 449; 78; 1513483; 5
2; r; 1514125; 1088; 508; 85; 1514124; 5
2; r; 1517329; 1088; 351; 60; 1517328; 5
2; r; 1528225; 1088; 884; 323; 728224; 2
2; r; 1547453; 1088; 443; 77; 1547452; 7
2; r; 1551299; 1088; 666; 115; 1551298; 9
2; r; 1583350; 1088; 371; 65; 1583349; 11
2; r; 1631417; 1088; 981; 336; 831416; 2
2; r; 1645519; 1088; 547; 91; 1645518; 6
2; r; 1655771; 1088; 723; 294; 855770; 2
2; r; 1656412; 1088; 138; 25; 1656411; 9
2; r; 1673078; 1088; 561; 95; 1673077; 12
2; r; 1676283; 1088; 766; 130; 1676282; 8
2; r; 1687178; 1088; 986; 338; 887177; 4
2; r; 1692306; 1088; 359; 62; 1692305; 8
2; r; 1698716; 1088; 851; 319; 898715; 2
2; r; 1701920; 1088; 856; 320; 901919; 2
2; r; 1706406; 1088; 818; 310; 906405; 2
2; r; 1710252; 1088; 688; 289; 910251; 2
2; r; 1711534; 1088; 927; 160; 1711533; 10
2; r; 1733969; 1088; 821; 312; 933968; 2
2; r; 1746790; 1088; 122; 20; 1746789; 6
2; r; 1751277; 1088; 59; 9; 1751276; 9
2; r; 1753840; 1088; 261; 47; 1753839; 8
2; r; 1773711; 1088; 45; 5; 1773710; 9
2; r; 1774352; 1088; 124; 21; 1774351; 12
2; r; 1780764; 1088; 882; 322; 980763; 3
2; r; 1809612; 1088; 840; 142; 1809611; 7
2; r; 1814099; 1088; 725; 295; 1014098; 4
2; r; 1817305; 1088; 822; 313; 1017304; 2
2; r; 1818587; 1088; 968; 166; 1818586; 7
2; r; 1825639; 1088; 380; 67; 1825638; 7
2; r; 1830768; 1088; 367; 64; 1830767; 8
2; r; 2245723; 1088; 813; 309; 1445722; 3
2; r; 2250851; 1088; 785; 305; 1450850; 3
2; r; 2272002; 1088; 812; 308; 1472001; 3
2; r; 2273283; 1088; 372; 66; 2273282; 7
2; r; 2280975; 1088; 595; 103; 2280974; 7
2; r; 2284821; 1088; 603; 105; 2284820; 7
2; r; 2316869; 1088; 847; 317; 1516868; 3
2; r; 2322638; 1088; 121; 19; 2322637; 6
2; r; 2323920; 1088; 1011; 342; 1523919; 4
2; r; 2328407; 1088; 709; 293; 1528406; 5
2; r; 2334816; 1088; 324; 55; 2334815; 6
2; r; 2342508; 1088; 659; 280; 1542507; 3
2; r; 2350199; 1088; 30; 3; 2350198; 9
2; r; 2365583; 1088; 119; 18; 2365582; 8
2; r; 2382250; 1088; 186; 35; 2382249; 8
2; r; 2389942; 1088; 848; 318; 1589941; 3
2; r; 2392506; 1088; 626; 274; 1592505; 4
2; r; 2398275; 1088; 5; 0; 2398274; 10
2; r; 2398916; 1088; 225; 41; 2398915; 14
2; r; 2399557; 1088; 685; 288; 1599556; 3
2; r; 2403403; 1088; 1015; 343; 1603402; 3
2; r; 2414299; 1088; 182; 34; 2414298; 9
2; r; 2414940; 1088; 1034; 175; 2414939; 8
2; r; 2416222; 1088; 858; 147; 2416221; 8
2; r; 2429042; 1088; 956; 332; 1629041; 3
2; r; 2436734; 1088; 669; 116; 2436733; 8
2; r; 2461732; 1088; 1043; 345; 1661731; 3
2; r; 2462373; 1088; 596; 104; 2462372; 10
2; r; 2463655; 1088; 311; 54; 2463654; 9
2; r; 2472628; 1088; 126; 22; 2472627; 9
2; r; 2488013; 1088; 585; 270; 1688012; 5
2; r; 2492500; 1088; 841; 315; 1692499; 4
2; r; 2493141; 1088; 349; 59; 2493140; 7
2; r; 2495064; 1088; 593; 271; 1695063; 4
2; r; 2496346; 1088; 826; 140; 2496345; 9
2; r; 2499551; 1088; 195; 37; 2499550; 8
2; r; 2500192; 1088; 346; 58; 2500191; 9
2; r; 2508525; 1088; 763; 129; 2508524; 9
2; r; 2509166; 1088; 280; 52; 2509165; 8
2; r; 2511730; 1088; 98; 16; 2511729; 8
2; r; 2513653; 1088; 647; 277; 1713652; 5
2; r; 2529038; 1088; 962; 165; 2529037; 7
2; r; 2532884; 1088; 436; 74; 2532883; 8
2; r; 2536089; 1088; 923; 329; 1736088; 4
2; r; 2536730; 1088; 541; 90; 2536729; 8
2; r; 2558522; 1088; 227; 215; 1758521; 5
2; r; 2559804; 1088; 1069; 350; 1759803; 4
2; r; 2561727; 1088; 175; 33; 2561726; 10
2; r; 2562368; 1088; 682; 287; 1762367; 5
2; r; 2575830; 1088; 167; 32; 2575829; 9
2; r; 2600828; 1088; 832; 141; 2600827; 9
2; r; 2605955; 1088; 157; 29; 2605954; 8
2; r; 2611725; 1088; 465; 80; 2611724; 8
2; r; 2622623; 1088; 22; 2; 2622622; 11
2; r; 2629033; 1088; 1038; 344; 1829032; 5
2; r; 2629674; 1088; 81; 13; 2629673; 9
2; r; 2634802; 1088; 907; 327; 1834801; 5
2; r; 3040477; 1088; 264; 49; 3040476; 10
2; r; 3042400; 1088; 228; 43; 3042399; 12
2; r; 3051374; 1088; 932; 331; 2251373; 5
2; r; 3057143; 1088; 989; 339; 2257142; 5
2; r; 3061630; 1088; 414; 73; 3061629; 8
2; r; 3071245; 1088; 319; 234; 2271244; 5
2; r; 3108423; 1088; 74; 11; 3108422; 11
2; r; 3133421; 1088; 902; 155; 3133420; 9
2; r; 3134062; 1088; 142; 27; 3134061; 12
2; r; 3137908; 1088; 672; 285; 2337907; 5
2; r; 3142394; 1088; 706; 292; 2342393; 5
2; r; 3143676; 1088; 230; 217; 2343675; 6
2; r; 3144316; 1088; 966; 334; 2344315; 7
2; r; 3156494; 1088; 762; 301; 2356493; 7
2; r; 3159058; 1088; 214; 211; 2359057; 6
2; r; 3162904; 1088; 906; 326; 2362903; 5
2; r; 3164826; 1088; 136; 24; 3164825; 10
2; r; 3167390; 1088; 154; 201; 2367389; 7
2; r; 3173158; 1088; 393; 244; 2373157; 4
2; r; 3174440; 1088; 516; 262; 2374439; 6
2; r; 3196231; 1088; 420; 248; 2396230; 5
2; r; 3201358; 1088; 648; 278; 2401357; 5
2; r; 3212894; 1088; 428; 250; 2412893; 7
2; r; 3218021; 1088; 652; 279; 2418020; 6
2; r; 3228277; 1088; 39; 4; 3228276; 10
2; r; 3248147; 1088; 119; 195; 2448146; 7
2; r; 3249428; 1088; 448; 253; 2449427; 6
2; r; 3254556; 1088; 742; 298; 2454555; 6
2; r; 3264170; 1088; 488; 260; 2464169; 6
2; r; 3278271; 1088; 1068; 349; 2478270; 7
2; r; 3282758; 1088; 405; 70; 3282757; 10
2; r; 3292373; 1088; 537; 264; 2492372; 6
2; r; 3293014; 1088; 56; 8; 3293013; 12
2; r; 3296219; 1088; 315; 233; 2496218; 7
2; r; 3298783; 1088; 993; 170; 3298782; 9
2; r; 3302629; 1088; 1067; 348; 2502628; 7
2; r; 3320576; 1088; 571; 268; 2520575; 7
2; r; 3321217; 1088; 480; 259; 2521216; 6
2; r; 3330191; 1088; 603; 272; 2530190; 6
2; r; 3334037; 1088; 674; 286; 2534036; 4
2; r; 3336599; 1088; 564; 96; 3336598; 11
2; r; 3339804; 1088; 213; 40; 3339803; 9
2; r; 3341727; 1088; 664; 114; 3341726; 10
2; r; 3351983; 1088; 845; 316; 2551982; 6
2; r; 3362879; 1088; 1027; 172; 3362878; 10
2; r; 3364161; 1088; 65; 10; 3364160; 13
2; r; 3369930; 1088; 332; 56; 3369929; 12
2; r; 3377621; 1088; 958; 164; 3377620; 9
2; r; 3387876; 1088; 833; 314; 2587875; 5
2; r; 3398773; 1088; 217; 213; 2598772; 8
2; r; 3406466; 1088; 700; 290; 2606465; 6
2; r; 3410312; 1088; 78; 12; 3410311; 8
2; r; 3419930; 1088; 958; 333; 2619929; 7
2; r; 3846239; 1088; 423; 249; 3046238; 6
2; r; 3850725; 1088; 926; 330; 3050724; 7
2; r; 3851366; 1088; 525; 263; 3051365; 6
2; r; 3860340; 1088; 604; 273; 3060339; 8
2; r; 3870597; 1088; 193; 207; 3070596; 7
2; r; 3877648; 1088; 759; 299; 3077647; 9
2; r; 3902648; 1088; 373; 243; 3102647; 7
2; r; 3903930; 1088; 544; 265; 3103929; 7
2; r; 3924440; 1088; 579; 269; 3124439; 7
2; r; 3927645; 1088; 565; 266; 3127644; 9
2; r; 3936619; 1088; 48; 185; 3136618; 8
2; r; 3945594; 1088; 275; 226; 3145593; 8
2; r; 3959697; 1088; 258; 222; 3159696; 7
2; r; 3962261; 1088; 445; 252; 3162260; 8
2; r; 3970594; 1088; 363; 63; 3970593; 10
2; r; 3980209; 1088; 416; 247; 3180208; 7
2; r; 3980850; 1088; 49; 186; 3180849; 9
2; r; 3983414; 1088; 186; 206; 3183413; 9
2; r; 3996875; 1088; 84; 14; 3996874; 11
2; r; 3998797; 1088; 760; 300; 3198796; 7
3; r; 19870; 1088; 93; 18; 19869; 7
3; r; 21792; 1088; 1005; 136; 21791; 5
3; r; 29480; 1088; 854; 113; 29479; 2
3; r; 49348; 1088; 248; 41; 49347; 8
3; r; 53192; 1088; 623; 84; 53191; 4
3; r; 55756; 1088; 869; 115; 55755; 6
3; r; 64725; 1088; 952; 123; 64724; 1
3; r; 68571; 1088; 1078; 144; 68570; 2
3; r; 71773; 1088; 790; 105; 71772; 3
3; r; 74337; 1088; 896; 118; 74336; 7
3; r; 77542; 1088; 1020; 139; 77541; 1
3; r; 110233; 1088; 834; 110; 110232; 7
3; r; 110874; 1088; 827; 109; 110873; 9
3; r; 140997; 1088; 569; 79; 140996; 8
3; r; 146124; 1088; 669; 91; 146123; 8
3; r; 153175; 1088; 719; 96; 153174; 3
3; r; 156381; 1088; 844; 111; 156380; 3
3; r; 157022; 1088; 624; 85; 157021; 4
3; r; 158946; 1088; 354; 48; 158945; 7
3; r; 173689; 1088; 1009; 137; 173688; 3
3; r; 178176; 1088; 459; 60; 178175; 4
3; r; 181380; 1088; 536; 73; 181379; 6
3; r; 629660; 1088; 1018; 138; 629659; 5
3; r; 631583; 1088; 1070; 143; 631582; 5
3; r; 636070; 1088; 876; 116; 636069; 4
3; r; 645687; 1088; 681; 94; 645686; 6
3; r; 658507; 1088; 584; 82; 658506; 4
3; r; 668763; 1088; 206; 35; 668762; 14
3; r; 695041; 1088; 389; 55; 695040; 9
3; r; 704657; 1088; 679; 93; 704656; 6
3; r; 709145; 1088; 732; 97; 709144; 10
3; r; 711067; 1088; 813; 108; 711066; 10
3; r; 714913; 1088; 634; 88; 714912; 11
3; r; 716836; 1088; 51; 10; 716835; 8
3; r; 736707; 1088; 592; 83; 736706; 4
3; r; 743117; 1088; 47; 9; 743116; 13
3; r; 743758; 1088; 491; 68; 743757; 9
3; r; 759781; 1088; 736; 98; 759780; 6
3; r; 766832; 1088; 914; 120; 766831; 10
3; r; 780932; 1088; 962; 126; 780931; 6
3; r; 783494; 1088; 695; 95; 783493; 7
3; r; 786699; 1088; 581; 80; 786698; 4
3; r; 807849; 1088; 744; 101; 807848; 4
3; r; 816823; 1088; 60; 12; 816822; 11
3; r; 825157; 1088; 445; 59; 825156; 6
3; r; 832847; 1088; 384; 54; 832846; 6
3; r; 833488; 1088; 477; 63; 833487; 6
3; r; 837975; 1088; 490; 67; 837974; 6
3; r; 846948; 1088; 998; 134; 846947; 6
3; r; 861049; 1088; 562; 75; 861048; 8
3; r; 862330; 1088; 973; 129; 862329; 5
3; r; 869380; 1088; 99; 21; 869379; 9
3; r; 889892; 1088; 123; 24; 889891; 9
3; r; 890533; 1088; 473; 61; 890532; 8
3; r; 891174; 1088; 10; 4; 891173; 8
3; r; 895020; 1088; 976; 131; 895019; 8
3; r; 895661; 1088; 294; 46; 895660; 7
3; r; 903353; 1088; 756; 102; 903352; 4
3; r; 908481; 1088; 367; 52; 908480; 9
3; r; 909763; 1088; 978; 132; 909762; 5
3; r; 911045; 1088; 285; 45; 911044; 6
3; r; 921299; 1088; 888; 278; 121298; 1
3; r; 922581; 1088; 1020; 295; 122580; 1
3; r; 926427; 1088; 738; 99; 926426; 5
3; r; 936041; 1088; 370; 53; 936040; 8
3; r; 946937; 1088; 96; 20; 946936; 7
3; r; 966166; 1088; 194; 34; 966165; 5
3; r; 970011; 1088; 787; 104; 970010; 4
3; r; 985394; 1088; 988; 291; 185393; 1
3; r; 997574; 1088; 1084; 306; 197573; 1
3; r; 1002061; 1088; 967; 128; 1002060; 5
3; r; 1014883; 1088; 177; 30; 1014882; 8
3; r; 1015524; 1088; 986; 290; 215523; 1
3; r; 1020012; 1088; 483; 64; 1020011; 6
3; r; 1429087; 1088; 1017; 294; 629086; 1
3; r; 1441908; 1088; 222; 38; 1441907; 8
3; r; 1475881; 1088; 108; 23; 1475880; 9
3; r; 1504725; 1088; 487; 66; 1504724; 6
3; r; 1506647; 1088; 1052; 299; 706646; 2
3; r; 1514339; 1088; 742; 100; 1514338; 5
3; r; 1552154; 1088; 849; 271; 752153; 3
3; r; 1554078; 1088; 87; 17; 1554077; 8
3; r; 1561768; 1088; 94; 19; 1561767; 7
3; r; 1563050; 1088; 1081; 304; 763049; 2
3; r; 1569459; 1088; 783; 265; 769458; 3
3; r; 1570100; 1088; 27; 6; 1570099; 8
3; r; 1583561; 1088; 999; 135; 1583560; 8
3; r; 1584843; 1088; 568; 78; 1584842; 9
3; r; 1586125; 1088; 540; 74; 1586124; 10
3; r; 1591253; 1088; 84; 16; 1591252; 8
3; r; 1597662; 1088; 949; 285; 797661; 2
3; r; 1602788; 1088; 718; 258; 802787; 3
3; r; 1605352; 1088; 966; 127; 1605351; 7
3; r; 1605993; 1088; 851; 272; 805992; 2
3; r; 1606634; 1088; 948; 284; 806633; 3
3; r; 1632911; 1088; 360; 50; 1632910; 7
3; r; 1639320; 1088; 852; 273; 839319; 3
3; r; 1644448; 1088; 755; 261; 844447; 2
3; r; 1649575; 1088; 229; 40; 1649574; 6
3; r; 1670086; 1088; 788; 266; 870085; 3
3; r; 1676495; 1088; 857; 274; 876494; 2
3; r; 1677777; 1088; 750; 260; 877776; 3
3; r; 1684827; 1088; 663; 90; 1684826; 9
3; r; 1685468; 1088; 981; 289; 885467; 2
3; r; 1689314; 1088; 914; 280; 889313; 5
3; r; 1693800; 1088; 1082; 305; 893799; 2
3; r; 1695082; 1088; 904; 119; 1695081; 7
3; r; 1712389; 1088; 688; 253; 912388; 2
3; r; 1722003; 1088; 105; 22; 1722002; 8
3; r; 1737385; 1088; 171; 28; 1737384; 11
3; r; 1743795; 1088; 1068; 142; 1743794; 7
3; r; 1764948; 1088; 183; 33; 1764947; 13
3; r; 1767512; 1088; 653; 250; 967511; 3
3; r; 1784820; 1088; 404; 57; 1784819; 9
3; r; 1792513; 1088; 784; 103; 1792512; 7
3; r; 1794436; 1088; 524; 227; 994435; 4
3; r; 1811745; 1088; 1064; 141; 1811744; 7
3; r; 1813668; 1088; 758; 262; 1013667; 2
3; r; 1820720; 1088; 390; 56; 1820719; 7
3; r; 1824566; 1088; 647; 248; 1024565; 4
3; r; 2238003; 1088; 620; 242; 1438002; 4
3; r; 2252745; 1088; 836; 268; 1452744; 6
3; r; 2277102; 1088; 804; 107; 2277101; 7
3; r; 2286076; 1088; 522; 72; 2286075; 7
3; r; 2303382; 1088; 776; 264; 1503381; 4
3; r; 2314279; 1088; 143; 27; 2314278; 7
3; r; 2315560; 1088; 690; 254; 1515559; 4
3; r; 2316201; 1088; 476; 62; 2316200; 7
3; r; 2320047; 1088; 30; 7; 2320046; 9
3; r; 2333504; 1088; 496; 69; 2333503; 8
3; r; 2357219; 1088; 1075; 303; 1557218; 4
3; r; 2361065; 1088; 56; 11; 2361064; 11
3; r; 2366193; 1088; 12; 5; 2366192; 11
3; r; 2381574; 1088; 619; 241; 1581573; 3
3; r; 2382856; 1088; 1044; 298; 1582855; 4
3; r; 2403364; 1088; 942; 283; 1603363; 3
3; r; 2415542; 1088; 649; 249; 1615541; 4
3; r; 2440540; 1088; 493; 223; 1640539; 4
3; r; 2442463; 1088; 891; 117; 2442462; 9
3; r; 2446309; 1088; 1038; 297; 1646308; 4
3; r; 2456566; 1088; 961; 125; 2456565; 8
3; r; 2459130; 1088; 332; 47; 2459129; 9
3; r; 2463617; 1088; 361; 208; 1663616; 5
3; r; 2466822; 1088; 930; 122; 2466821; 7
3; r; 2478359; 1088; 548; 230; 1678358; 5
3; r; 2486692; 1088; 712; 257; 1686691; 5
3; r; 2514250; 1088; 363; 51; 2514249; 10
3; r; 2518095; 1088; 45; 8; 2518094; 9
3; r; 2520017; 1088; 871; 276; 1720016; 6
3; r; 2523863; 1088; 626; 243; 1723862; 5
3; r; 2532838; 1088; 873; 277; 1732837; 5
3; r; 2537966; 1088; 137; 26; 2537965; 8
3; r; 2546940; 1088; 574; 234; 1746939; 5
3; r; 2554636; 1088; 405; 58; 2554635; 8
3; r; 2566174; 1088; 583; 81; 2566173; 9
3; r; 2566815; 1088; 374; 210; 1766814; 7
3; r; 2569379; 1088; 1; 1; 2569378; 14
3; r; 2579635; 1088; 1003; 293; 1779634; 6
3; r; 2595019; 1088; 932; 282; 1795018; 5
3; r; 2603351; 1088; 505; 224; 1803350; 6
3; r; 2611043; 1088; 209; 36; 2611042; 11
3; r; 2624502; 1088; 678; 252; 1824501; 5
3; r; 2625143; 1088; 2; 2; 2625142; 11
3; r; 3047650; 1088; 383; 211; 2247649; 7
3; r; 3061751; 1088; 445; 217; 2261750; 7
3; r; 3073288; 1088; 627; 86; 3073287; 11
3; r; 3084185; 1088; 447; 218; 2284184; 8
3; r; 3104057; 1088; 76; 15; 3104056; 10
3; r; 3104698; 1088; 290; 193; 2304697; 6
3; r; 3113672; 1088; 549; 231; 2313671; 5
3; r; 3124567; 1088; 843; 269; 2324566; 5
3; r; 3130336; 1088; 147; 175; 2330335; 8
3; r; 3138669; 1088; 641; 247; 2338668; 6
3; r; 3144436; 1088; 610; 239; 2344435; 7
3; r; 3161742; 1088; 832; 267; 2361741; 8
3; r; 3166869; 1088; 191; 181; 2366868; 6
3; r; 3167510; 1088; 136; 25; 3167509; 10
3; r; 3168151; 1088; 284; 192; 2368150; 7
3; r; 3182894; 1088; 344; 207; 2382893; 7
3; r; 3195071; 1088; 710; 256; 2395070; 6
3; r; 3205968; 1088; 326; 204; 2405967; 6
3; r; 3207891; 1088; 964; 287; 2407890; 6
3; r; 3209814; 1088; 8; 3; 3209813; 14
3; r; 3210455; 1088; 639; 246; 2410454; 6
3; r; 3213660; 1088; 1073; 302; 2413659; 4
3; r; 3217506; 1088; 531; 229; 2417505; 8
3; r; 3228403; 1088; 674; 92; 3228402; 8
3; r; 3233530; 1088; 269; 42; 3233529; 11
3; r; 3238016; 1088; 660; 89; 3238015; 10
3; r; 3241221; 1088; 67; 13; 3241220; 11
3; r; 3248913; 1088; 90; 158; 2448912; 6
3; r; 3252118; 1088; 467; 221; 2452117; 8
3; r; 3264297; 1088; 180; 32; 3264296; 10
3; r; 3266220; 1088; 95; 160; 2466219; 7
3; r; 3280320; 1088; 440; 216; 2480319; 7
3; r; 3285447; 1088; 25; 147; 2485446; 8
3; r; 3306600; 1088; 637; 245; 2506599; 7
3; r; 3314934; 1088; 116; 167; 2514933; 9
3; r; 3335446; 1088; 420; 214; 2535445; 6
3; r; 3352111; 1088; 957; 124; 3352110; 13
3; r; 3354675; 1088; 564; 233; 2554674; 8
3; r; 3355315; 1088; 171; 177; 2555314; 10
3; r; 3361724; 1088; 190; 180; 2561723; 7
3; r; 3373262; 1088; 142; 174; 2573261; 9
3; r; 3380954; 1088; 174; 178; 2580953; 10
3; r; 3382236; 1088; 526; 228; 2582235; 6
3; r; 3405956; 1088; 327; 205; 2605955; 6
3; r; 3406597; 1088; 28; 148; 2606596; 6
3; r; 3833080; 1088; 597; 236; 3033079; 8
3; r; 3847823; 1088; 214; 37; 3847822; 10
3; r; 3872826; 1088; 112; 165; 3072825; 9
3; r; 3878595; 1088; 76; 156; 3078594; 9
3; r; 3884364; 1088; 858; 275; 3084363; 8
3; r; 3885646; 1088; 115; 166; 3085645; 11
3; r; 3900389; 1088; 958; 286; 3100388; 9
3; r; 3920261; 1088; 54; 150; 3120260; 10
3; r; 3924107; 1088; 71; 155; 3124106; 11
3; r; 3932440; 1088; 430; 215; 3132439; 12
3; r; 3934363; 1088; 325; 203; 3134362; 7
3; r; 3936926; 1088; 204; 182; 3136925; 9
3; r; 3949746; 1088; 967; 288; 3149745; 8
3; r; 3959362; 1088; 92; 159; 3159361; 10
3; r; 3961926; 1088; 990; 133; 3961925; 12
3; r; 3962567; 1088; 272; 191; 3162566; 11
3; r; 3965772; 1088; 63; 151; 3165771; 10
3; r; 3979232; 1088; 260; 187; 3179231; 8
3; r; 3982437; 1088; 310; 199; 3182436; 7
3; r; 3995897; 1088; 561; 232; 3195896; 8
3; r; 3998462; 1088; 1058; 301; 3198461; 7
4; r; 2563; 1088; 1021; 173; 2562; 1
4; r; 12820; 1088; 1017; 171; 12819; 1
4; r; 18589; 1088; 554; 103; 18588; 5
4; r; 76268; 1088; 417; 73; 76267; 5
4; r; 78832; 1088; 553; 102; 78831; 8
4; r; 85241; 1088; 948; 160; 85240; 2
4; r; 85882; 1088; 1020; 172; 85881; 1
4; r; 89729; 1088; 659; 118; 89728; 3
4; r; 95497; 1088; 1045; 176; 95496; 2
4; r; 97419; 1088; 940; 158; 97418; 4
4; r; 98060; 1088; 980; 168; 98059; 3
4; r; 102547; 1088; 1074; 179; 102546; 3
4; r; 113443; 1088; 692; 125; 113442; 3
4; r; 123698; 1088; 885; 150; 123697; 2
4; r; 124339; 1088; 777; 138; 124338; 3
4; r; 142286; 1088; 756; 133; 142285; 3
4; r; 153822; 1088; 586; 107; 153821; 4
4; r; 161516; 1088; 942; 159; 161515; 3
4; r; 167286; 1088; 441; 81; 167285; 6
4; r; 593382; 1088; 843; 146; 593381; 8
4; r; 594664; 1088; 955; 162; 594663; 8
4; r; 601075; 1088; 690; 123; 601074; 6
4; r; 607486; 1088; 418; 74; 607485; 7
4; r; 612614; 1088; 518; 98; 612613; 6
4; r; 613255; 1088; 640; 114; 613254; 7
4; r; 631203; 1088; 229; 45; 631202; 6
4; r; 636972; 1088; 450; 85; 636971; 10
4; r; 661328; 1088; 691; 124; 661327; 3
4; r; 663251; 1088; 485; 92; 663250; 6
4; r; 688253; 1088; 410; 71; 688252; 10
4; r; 692099; 1088; 444; 83; 692098; 10
4; r; 701071; 1088; 625; 110; 701070; 7
4; r; 708763; 1088; 910; 154; 708762; 4
4; r; 723503; 1088; 157; 34; 723502; 7
4; r; 735039; 1088; 1044; 175; 735038; 4
4; r; 738244; 1088; 411; 72; 738243; 9
4; r; 740167; 1088; 867; 148; 740166; 6
4; r; 752346; 1088; 803; 143; 752345; 5
4; r; 761319; 1088; 771; 135; 761318; 7
4; r; 763242; 1088; 714; 128; 763241; 6
4; r; 780548; 1088; 523; 100; 780547; 8
4; r; 783112; 1088; 755; 132; 783111; 4
4; r; 783753; 1088; 440; 80; 783752; 7
4; r; 788881; 1088; 394; 65; 788880; 5
4; r; 794009; 1088; 521; 99; 794008; 7
4; r; 827335; 1088; 675; 119; 827334; 8
4; r; 829899; 1088; 616; 109; 829898; 5
4; r; 835027; 1088; 93; 20; 835026; 10
4; r; 836950; 1088; 802; 142; 836949; 6
4; r; 838232; 1088; 262; 50; 838231; 7
4; r; 839514; 1088; 978; 167; 839513; 3
4; r; 850409; 1088; 161; 35; 850408; 7
4; r; 851691; 1088; 745; 130; 851690; 5
4; r; 863228; 1088; 126; 27; 863227; 8
4; r; 864510; 1088; 749; 131; 864509; 8
4; r; 865151; 1088; 643; 115; 865150; 6
4; r; 885020; 1088; 461; 86; 885019; 5
4; r; 887584; 1088; 245; 46; 887583; 9
4; r; 893995; 1088; 958; 163; 893994; 8
4; r; 896559; 1088; 779; 139; 896558; 5
4; r; 902327; 1088; 1042; 174; 902326; 6
4; r; 904250; 1088; 708; 127; 904249; 6
4; r; 906173; 1088; 384; 64; 906172; 7
4; r; 910660; 1088; 845; 147; 910659; 4
4; r; 929247; 1088; 185; 39; 929246; 11
4; r; 930529; 1088; 682; 121; 930528; 4
4; r; 931170; 1088; 286; 52; 931169; 7
4; r; 939503; 1088; 41; 11; 939502; 10
4; r; 947836; 1088; 1005; 169; 947835; 4
4; r; 952323; 1088; 920; 322; 152322; 1
4; r; 958092; 1088; 905; 153; 958091; 4
4; r; 1400909; 1088; 681; 120; 1400908; 4
4; r; 1416935; 1088; 131; 28; 1416934; 10
4; r; 1418858; 1088; 9; 5; 1418857; 9
4; r; 1462450; 1088; 509; 97; 1462449; 12
4; r; 1473989; 1088; 838; 145; 1473988; 6
4; r; 1482321; 1088; 783; 140; 1482320; 6
4; r; 1488089; 1088; 966; 166; 1488088; 5
4; r; 1492576; 1088; 772; 136; 1492575; 5
4; r; 1500908; 1088; 933; 156; 1500907; 9
4; r; 1502830; 1088; 551; 101; 1502829; 5
4; r; 1518212; 1088; 5; 4; 1518211; 13
4; r; 1524621; 1088; 1021; 331; 724620; 3
4; r; 1531031; 1088; 689; 122; 1531030; 6
4; r; 1532953; 1088; 774; 137; 1532952; 5
4; r; 1535517; 1088; 878; 149; 1535516; 7
4; r; 1556027; 1088; 1009; 170; 1556026; 6
4; r; 1566923; 1088; 474; 91; 1566922; 7
4; r; 1567564; 1088; 634; 112; 1567563; 8
4; r; 1575255; 1088; 635; 113; 1575254; 7
4; r; 1606661; 1088; 52; 14; 1606660; 7
4; r; 1614352; 1088; 602; 108; 1614351; 6
4; r; 1620761; 1088; 934; 157; 1620760; 5
4; r; 1627171; 1088; 149; 33; 1627170; 7
4; r; 1632299; 1088; 1059; 178; 1632298; 9
4; r; 1632940; 1088; 888; 318; 832939; 2
4; r; 1634863; 1088; 744; 291; 834862; 4
4; r; 1640632; 1088; 507; 96; 1640631; 7
4; r; 1643837; 1088; 138; 31; 1643836; 14
4; r; 1644478; 1088; 749; 292; 844477; 3
4; r; 1645119; 1088; 252; 48; 1645118; 6
4; r; 1649606; 1088; 948; 326; 849605; 2
4; r; 1654734; 1088; 784; 300; 854733; 2
4; r; 1663707; 1088; 694; 126; 1663706; 7
4; r; 1668835; 1088; 318; 58; 1668834; 7
4; r; 1675885; 1088; 288; 53; 1675884; 8
4; r; 1681654; 1088; 850; 310; 881653; 2
4; r; 1692551; 1088; 847; 308; 892550; 3
4; r; 1706653; 1088; 897; 151; 1706652; 6
4; r; 1715626; 1088; 464; 89; 1715625; 8
4; r; 1722677; 1088; 359; 59; 1722676; 6
4; r; 1723318; 1088; 148; 32; 1723317; 8
4; r; 1734213; 1088; 849; 309; 934212; 3
4; r; 1750240; 1088; 177; 37; 1750239; 10
4; r; 1752804; 1088; 573; 106; 1752803; 9
4; r; 2201452; 1088; 815; 304; 1401451; 3
4; r; 2223249; 1088; 206; 42; 2223248; 8
4; r; 2239274; 1088; 688; 282; 1439273; 3
4; r; 2253376; 1088; 60; 16; 2253375; 8
4; r; 2254017; 1088; 460; 254; 1454016; 4
4; r; 2257863; 1088; 581; 271; 1457862; 4
4; r; 2271323; 1088; 251; 47; 2271322; 8
4; r; 2273246; 1088; 561; 104; 2273245; 8
4; r; 2296320; 1088; 110; 25; 2296319; 8
4; r; 2302089; 1088; 25; 6; 2302088; 12
4; r; 2302730; 1088; 524; 266; 1502729; 4
4; r; 2309780; 1088; 1043; 337; 1509779; 4
4; r; 2311062; 1088; 592; 273; 1511061; 5
4; r; 2330933; 1088; 123; 199; 1530932; 6
4; r; 2334137; 1088; 1069; 340; 1534136; 4
4; r; 2348879; 1088; 1042; 336; 1548878; 3
4; r; 2350802; 1088; 1044; 338; 1550801; 4
4; r; 2352084; 1088; 407; 70; 2352083; 7
4; r; 2357211; 1088; 456; 253; 1557210; 4
4; r; 2358493; 1088; 946; 325; 1558492; 4
4; r; 2361057; 1088; 223; 43; 2361056; 7
4; r; 2375799; 1088; 423; 76; 2375798; 11
4; r; 2377722; 1088; 964; 165; 2377721; 8
4; r; 2380927; 1088; 1046; 177; 2380926; 7
4; r; 2381568; 1088; 400; 68; 2381567; 11
4; r; 2385414; 1088; 778; 299; 1585413; 4
4; r; 2393745; 1088; 878; 316; 1593744; 4
4; r; 2400796; 1088; 1070; 341; 1600795; 7
4; r; 2402718; 1088; 1041; 335; 1602717; 3
4; r; 2418741; 1088; 3; 2; 2418740; 10
4; r; 2420023; 1088; 4; 3; 2420022; 10
4; r; 2420664; 1088; 1047; 339; 1620663; 3
4; r; 2422587; 1088; 307; 56; 2422586; 7
4; r; 2426433; 1088; 901; 152; 2426432; 9
4; r; 2427074; 1088; 328; 238; 1627073; 4
4; r; 2427715; 1088; 435; 79; 2427714; 9
4; r; 2431560; 1088; 591; 272; 1631559; 6
4; r; 2436047; 1088; 107; 23; 2436046; 8
4; r; 2443097; 1088; 427; 77; 2443096; 11
4; r; 2445020; 1088; 742; 290; 1645019; 4
4; r; 2460403; 1088; 27; 7; 2460402; 10
4; r; 2461685; 1088; 442; 82; 2461684; 7
4; r; 2479631; 1088; 462; 87; 2479630; 9
4; r; 2486682; 1088; 500; 94; 2486681; 8
4; r; 2487323; 1088; 397; 66; 2487322; 9
4; r; 2490528; 1088; 404; 69; 2490527; 10
4; r; 2491169; 1088; 431; 78; 2491168; 9
4; r; 2510399; 1088; 113; 26; 2510398; 9
4; r; 2520654; 1088; 499; 93; 2520653; 10
4; r; 2529628; 1088; 422; 249; 1729627; 4
4; r; 2533474; 1088; 371; 61; 2533473; 8
4; r; 2543088; 1088; 1007; 329; 1743087; 6
4; r; 2545011; 1088; 196; 215; 1745010; 5
4; r; 2555907; 1088; 804; 302; 1755906; 5
4; r; 2567444; 1088; 32; 8; 2567443; 9
4; r; 2973251; 1088; 689; 283; 2173250; 5
4; r; 3015555; 1088; 448; 84; 3015554; 8
4; r; 3016837; 1088; 205; 41; 3016836; 9
4; r; 3034145; 1088; 484; 259; 2234144; 6
4; r; 3052093; 1088; 630; 111; 3052092; 10
4; r; 3052734; 1088; 611; 274; 2252733; 6
4; r; 3056580; 1088; 412; 248; 2256579; 5
4; r; 3071964; 1088; 463; 88; 3071963; 10
4; r; 3086066; 1088; 676; 280; 2286065; 5
4; r; 3093118; 1088; 777; 298; 2293117; 4
4; r; 3096964; 1088; 298; 54; 3096963; 10
4; r; 3120039; 1088; 941; 324; 2320038; 5
4; r; 3121321; 1088; 202; 40; 3121320; 10
4; r; 3136064; 1088; 699; 285; 2336063; 7
4; r; 3145037; 1088; 786; 301; 2345036; 4
4; r; 3146960; 1088; 522; 265; 2346959; 4
4; r; 3157857; 1088; 1; 0; 3157856; 11
4; r; 3163626; 1088; 933; 323; 2363625; 6
4; r; 3166190; 1088; 261; 49; 3166189; 8
4; r; 3175163; 1088; 549; 269; 2375162; 6
4; r; 3190547; 1088; 837; 306; 2390546; 6
4; r; 3196316; 1088; 349; 242; 2396315; 5
4; r; 3202083; 1088; 841; 307; 2402082; 5
4; r; 3210415; 1088; 169; 211; 2410414; 11
4; r; 3216824; 1088; 901; 320; 2416823; 6
4; r; 3219388; 1088; 156; 207; 2419387; 7
4; r; 3225156; 1088; 910; 321; 2425155; 5
4; r; 3230283; 1088; 712; 287; 2430282; 6
4; r; 3237974; 1088; 647; 116; 3237973; 8
4; r; 3242459; 1088; 101; 22; 3242458; 11
4; r; 3263609; 1088; 551; 270; 2463608; 5
4; r; 3278351; 1088; 501; 262; 2478350; 7
4; r; 3279633; 1088; 63; 17; 3279632; 9
4; r; 3289889; 1088; 432; 250; 2489888; 8
4; r; 3295018; 1088; 249; 221; 2495017; 6
4; r; 3299505; 1088; 871; 314; 2499504; 7
4; r; 3327709; 1088; 310; 235; 2527708; 6
4; r; 3329632; 1088; 374; 245; 2529631; 8
4; r; 3333478; 1088; 98; 21; 3333477; 10
4; r; 3339888; 1088; 60; 188; 2539887; 7
4; r; 3344375; 1088; 128; 200; 2544374; 6
4; r; 3346298; 1088; 505; 264; 2546297; 6
4; r; 3350785; 1088; 316; 236; 2550784; 7
4; r; 3358477; 1088; 451; 252; 2558476; 7
4; r; 3365528; 1088; 47; 12; 3365527; 13
4; r; 3773867; 1088; 35; 9; 3773866; 10
4; r; 3787329; 1088; 891; 319; 2987328; 7
4; r; 3788611; 1088; 536; 267; 2988610; 7
4; r; 3795022; 1088; 132; 29; 3795021; 10
4; r; 3802075; 1088; 677; 281; 3002074; 7
4; r; 3807843; 1088; 270; 51; 3807842; 11
4; r; 3813612; 1088; 129; 201; 3013611; 7
4; r; 3827072; 1088; 224; 44; 3827071; 9
4; r; 3828995; 1088; 761; 293; 3028994; 7
4; r; 3830277; 1088; 175; 213; 3030276; 9
4; r; 3832200; 1088; 329; 239; 3032199; 7
4; r; 3859123; 1088; 352; 243; 3059122; 7
4; r; 3865534; 1088; 833; 305; 3065533; 7
4; r; 3872586; 1088; 703; 286; 3072585; 8
4; r; 3882200; 1088; 256; 222; 3082199; 9
4; r; 3882841; 1088; 381; 246; 3082840; 6
4; r; 3886687; 1088; 1035; 334; 3086686; 7
4; r; 3893096; 1088; 403; 247; 3093095; 9
4; r; 3894378; 1088; 22; 183; 3094377; 8
4; r; 3898865; 1088; 638; 276; 3098864; 7
4; r; 3902711; 1088; 167; 36; 3902710; 13
4; r; 3904634; 1088; 1000; 327; 3104633; 6
4; r; 3910403; 1088; 108; 24; 3910402; 10
4; r; 3912967; 1088; 161; 209; 3112966; 8
4; r; 3914890; 1088; 792; 141; 3914889; 9
4; r; 3921301; 1088; 159; 208; 3121300; 9
4; r; 3935403; 1088; 369; 60; 3935402; 10
4; r; 3937967; 1088; 470; 256; 3137966; 8
4; r; 3940531; 1088; 1029; 332; 3140530; 9
4; r; 3952709; 1088; 730; 129; 3952708; 13
4; r; 3964245; 1088; 296; 231; 3164244; 6
4; r; 3973860; 1088; 836; 144; 3973859; 20
4; r; 3976423; 1088; 271; 225; 3176422; 8
4; r; 3978987; 1088; 130; 202; 3178986; 6
4; r; 3984756; 1088; 68; 18; 3984755; 12
4; r; 3995653; 1088; 131; 203; 3195652; 7
5; r; 13467; 1088; 811; 112; 13466; 3
5; r; 29489; 1088; 948; 136; 29488; 2
5; r; 30130; 1088; 615; 89; 30129; 6
5; r; 33335; 1088; 868; 119; 33334; 6
5; r; 34617; 1088; 879; 122; 34616; 2
5; r; 37180; 1088; 1017; 152; 37179; 1
5; r; 58331; 1088; 1070; 161; 58330; 6
5; r; 71790; 1088; 939; 134; 71789; 4
5; r; 76918; 1088; 423; 66; 76917; 7
5; r; 82046; 1088; 667; 95; 82045; 8
5; r; 96789; 1088; 923; 128; 96788; 1
5; r; 99353; 1088; 749; 108; 99352; 3
5; r; 103199; 1088; 356; 53; 103198; 5
5; r; 103840; 1088; 961; 137; 103839; 9
5; r; 105764; 1088; 1064; 160; 105763; 5
5; r; 113457; 1088; 969; 141; 113456; 4
5; r; 119867; 1088; 1078; 162; 119866; 3
5; r; 120508; 1088; 123; 15; 120507; 9
5; r; 130123; 1088; 833; 115; 130122; 7
5; r; 130764; 1088; 989; 146; 130763; 1
5; r; 136533; 1088; 191; 25; 136532; 9
5; r; 153198; 1088; 1021; 153; 153197; 1
5; r; 156405; 1088; 1084; 163; 156404; 1
5; r; 615863; 1088; 267; 39; 615862; 9
5; r; 620350; 1088; 910; 124; 620349; 5
5; r; 620991; 1088; 358; 54; 620990; 6
5; r; 622273; 1088; 918; 127; 622272; 5
5; r; 635733; 1088; 687; 100; 635732; 7
5; r; 636374; 1088; 882; 123; 636373; 7
5; r; 640221; 1088; 574; 84; 640220; 13
5; r; 646631; 1088; 624; 90; 646630; 5
5; r; 653683; 1088; 445; 70; 653682; 7
5; r; 654324; 1088; 848; 117; 654323; 4
5; r; 658170; 1088; 636; 91; 658169; 6
5; r; 666504; 1088; 588; 86; 666503; 10
5; r; 669068; 1088; 716; 104; 669067; 4
5; r; 671632; 1088; 463; 73; 671631; 10
5; r; 676759; 1088; 1029; 156; 676758; 11
5; r; 710087; 1088; 766; 109; 710086; 8
5; r; 721624; 1088; 554; 82; 721623; 3
5; r; 722265; 1088; 1004; 150; 722264; 13
5; r; 724187; 1088; 875; 120; 724186; 5
5; r; 731239; 1088; 877; 121; 731238; 4
5; r; 732521; 1088; 935; 133; 732520; 6
5; r; 741495; 1088; 684; 99; 741494; 5
5; r; 744700; 1088; 523; 79; 744699; 6
5; r; 759440; 1088; 681; 98; 759439; 4
5; r; 763286; 1088; 1014; 151; 763285; 8
5; r; 767772; 1088; 792; 110; 767771; 10
5; r; 778026; 1088; 844; 116; 778025; 5
5; r; 782513; 1088; 689; 101; 782512; 4
5; r; 784437; 1088; 549; 81; 784436; 5
5; r; 789564; 1088; 680; 97; 789563; 4
5; r; 790205; 1088; 970; 142; 790204; 5
5; r; 792769; 1088; 611; 88; 792768; 5
5; r; 796614; 1088; 373; 59; 796613; 10
5; r; 799818; 1088; 415; 65; 799817; 9
5; r; 819689; 1088; 913; 125; 819688; 5
5; r; 822894; 1088; 314; 45; 822893; 7
5; r; 832508; 1088; 457; 71; 832507; 5
5; r; 839559; 1088; 746; 107; 839558; 5
5; r; 842123; 1088; 8; 1; 842122; 10
5; r; 852379; 1088; 326; 47; 852378; 5
5; r; 860071; 1088; 176; 23; 860070; 10
5; r; 863917; 1088; 297; 42; 863916; 13
5; r; 875455; 1088; 516; 78; 875454; 4
5; r; 879301; 1088; 361; 55; 879300; 6
5; r; 881864; 1088; 275; 40; 881863; 8
5; r; 882505; 1088; 966; 140; 882504; 5
5; r; 915195; 1088; 692; 102; 915194; 4
5; r; 939552; 1088; 319; 46; 939551; 7
5; r; 948526; 1088; 941; 135; 948525; 5
5; r; 953013; 1088; 1019; 311; 153012; 1
5; r; 961989; 1088; 977; 144; 961988; 6
5; r; 971604; 1088; 638; 93; 971603; 8
5; r; 978015; 1088; 575; 85; 978014; 6
5; r; 992758; 1088; 1027; 155; 992757; 7
5; r; 1416740; 1088; 821; 277; 616739; 3
5; r; 1424432; 1088; 824; 278; 624431; 3
5; r; 1426355; 1088; 1017; 310; 626354; 1
5; r; 1430841; 1088; 351; 52; 1430840; 5
5; r; 1431482; 1088; 811; 275; 631481; 4
5; r; 1434046; 1088; 637; 92; 1434045; 7
5; r; 1435969; 1088; 313; 44; 1435968; 10
5; r; 1443661; 1088; 933; 131; 1443660; 7
5; r; 1458405; 1088; 365; 57; 1458404; 10
5; r; 1463532; 1088; 538; 80; 1463531; 7
5; r; 1465455; 1088; 109; 13; 1465454; 7
5; r; 1475069; 1088; 129; 18; 1475068; 9
5; r; 1491090; 1088; 988; 305; 691089; 4
5; r; 1505193; 1088; 953; 299; 705192; 2
5; r; 1509039; 1088; 119; 14; 1509038; 9
5; r; 1515449; 1088; 507; 77; 1515448; 7
5; r; 1517372; 1088; 442; 69; 1517371; 10
5; r; 1531472; 1088; 394; 61; 1531471; 6
5; r; 1535318; 1088; 882; 290; 735317; 4
5; r; 1550061; 1088; 846; 282; 750060; 3
5; r; 1578262; 1088; 987; 304; 778261; 2
5; r; 1579544; 1088; 1036; 157; 1579543; 6
5; r; 1587877; 1088; 1063; 159; 1587876; 10
5; r; 1592364; 1088; 155; 22; 1592363; 7
5; r; 1617362; 1088; 214; 30; 1617361; 8
5; r; 1618003; 1088; 737; 105; 1618002; 7
5; r; 1618644; 1088; 785; 269; 818643; 3
5; r; 1632104; 1088; 237; 32; 1632103; 9
5; r; 1634027; 1088; 1025; 154; 1634026; 7
5; r; 1636591; 1088; 789; 270; 836590; 3
5; r; 1643001; 1088; 999; 149; 1643000; 7
5; r; 1650052; 1088; 649; 250; 850051; 4
5; r; 1651334; 1088; 830; 114; 1651333; 8
5; r; 1655821; 1088; 1080; 314; 855820; 2
5; r; 1660950; 1088; 934; 132; 1660949; 6
5; r; 1661591; 1088; 295; 41; 1661590; 9
5; r; 1666719; 1088; 504; 76; 1666718; 8
5; r; 1682103; 1088; 437; 68; 1682102; 9
5; r; 1689793; 1088; 252; 37; 1689792; 9
5; r; 1691075; 1088; 346; 50; 1691074; 6
5; r; 1703253; 1088; 800; 111; 1703252; 7
5; r; 1713508; 1088; 827; 113; 1713507; 9
5; r; 1724405; 1088; 875; 286; 924404; 3
5; r; 1725687; 1088; 434; 67; 1725686; 9
5; r; 1732738; 1088; 996; 148; 1732737; 6
5; r; 1739789; 1088; 408; 63; 1739788; 6
5; r; 1741712; 1088; 976; 143; 1741711; 10
5; r; 1752608; 1088; 926; 130; 1752607; 8
5; r; 1776326; 1088; 962; 138; 1776325; 7
5; r; 1782094; 1088; 877; 287; 982093; 4
5; r; 1789785; 1088; 696; 103; 1789784; 8
5; r; 2234096; 1088; 750; 266; 1434095; 4
5; r; 2239224; 1088; 741; 263; 1439223; 6
5; r; 2250121; 1088; 626; 247; 1450120; 3
5; r; 2257814; 1088; 880; 289; 1457813; 4
5; r; 2259096; 1088; 462; 72; 2259095; 11
5; r; 2264864; 1088; 813; 276; 1464863; 4
5; r; 2270632; 1088; 808; 273; 1470631; 4
5; r; 2298195; 1088; 449; 226; 1498194; 5
5; r; 2315502; 1088; 96; 10; 2315501; 12
5; r; 2321271; 1088; 673; 253; 1521270; 6
5; r; 2327040; 1088; 19; 4; 2327039; 12
5; r; 2336654; 1088; 400; 62; 2336653; 9
5; r; 2337295; 1088; 243; 34; 2337294; 13
5; r; 2337935; 1088; 219; 31; 2337934; 9
5; r; 2342422; 1088; 261; 38; 2342421; 11
5; r; 2362292; 1088; 1058; 158; 2362291; 9
5; r; 2366777; 1088; 925; 129; 2366776; 8
5; r; 2368700; 1088; 586; 243; 1568699; 4
5; r; 2373187; 1088; 200; 26; 2373186; 9
5; r; 2402673; 1088; 678; 254; 1602672; 4
5; r; 2408442; 1088; 973; 303; 1608441; 3
5; r; 2419977; 1088; 248; 35; 2419976; 8
5; r; 2421900; 1088; 136; 19; 2421899; 10
5; r; 2438566; 1088; 139; 20; 2438565; 9
5; r; 2439207; 1088; 455; 228; 1639206; 5
5; r; 2446899; 1088; 864; 118; 2446898; 9
5; r; 2466768; 1088; 101; 11; 2466767; 16
5; r; 2467408; 1088; 332; 49; 2467407; 13
5; r; 2468049; 1088; 878; 288; 1668048; 4
5; r; 2471894; 1088; 908; 295; 1671893; 4
5; r; 2485996; 1088; 108; 12; 2485995; 12
5; r; 2510994; 1088; 241; 33; 2510993; 12
5; r; 2519327; 1088; 124; 16; 2519326; 10
5; r; 2523174; 1088; 810; 274; 1723173; 4
5; r; 2530867; 1088; 1087; 315; 1730866; 5
5; r; 2532149; 1088; 208; 28; 2532148; 10
5; r; 2537919; 1088; 249; 36; 2537918; 8
5; r; 2538560; 1088; 749; 265; 1738559; 4
5; r; 2544970; 1088; 936; 298; 1744969; 4
5; r; 2547533; 1088; 713; 260; 1747532; 5
5; r; 2549456; 1088; 305; 43; 2549455; 9
5; r; 2552020; 1088; 409; 64; 2552019; 8
5; r; 2554584; 1088; 496; 75; 2554583; 9
5; r; 2571252; 1088; 934; 297; 1771251; 5
5; r; 2571893; 1088; 578; 242; 1771892; 4
5; r; 2579585; 1088; 711; 259; 1779584; 4
5; r; 2605226; 1088; 547; 239; 1805225; 5
5; r; 2606508; 1088; 326; 205; 1806507; 5
5; r; 2614200; 1088; 904; 293; 1814199; 5
5; r; 3020121; 1088; 319; 204; 2220120; 7
5; r; 3023968; 1088; 364; 56; 3023967; 11
5; r; 3045120; 1088; 861; 284; 2245119; 7
5; r; 3057939; 1088; 414; 218; 2257938; 5
5; r; 3069477; 1088; 227; 192; 2269476; 7
5; r; 3078450; 1088; 442; 225; 2278449; 7
5; r; 3082295; 1088; 692; 256; 2282294; 5
5; r; 3085500; 1088; 88; 171; 2285499; 8
5; r; 3111138; 1088; 906; 294; 2311137; 6
5; r; 3115624; 1088; 31; 5; 3115623; 10
5; r; 3132287; 1088; 607; 87; 3132286; 10
5; r; 3134851; 1088; 993; 306; 2334850; 8
5; r; 3136132; 1088; 347; 51; 3136131; 8
5; r; 3152157; 1088; 211; 29; 3152156; 10
5; r; 3166257; 1088; 18; 165; 2366256; 8
5; r; 3172024; 1088; 665; 251; 2372023; 8
5; r; 3177792; 1088; 441; 224; 2377791; 7
5; r; 3221378; 1088; 591; 244; 2421377; 7
5; r; 3225223; 1088; 388; 213; 2425222; 6
5; r; 3234838; 1088; 1003; 308; 2434837; 5
5; r; 3243809; 1088; 537; 236; 2443808; 9
5; r; 3244450; 1088; 569; 83; 3244449; 15
5; r; 3259189; 1088; 0; 0; 3259188; 12
5; r; 3259830; 1088; 13; 3; 3259829; 10
5; r; 3269445; 1088; 793; 271; 2469444; 6
5; r; 3274573; 1088; 265; 195; 2474572; 9
5; r; 3277137; 1088; 418; 219; 2477136; 7
5; r; 3279700; 1088; 207; 27; 3279699; 10
5; r; 3282905; 1088; 902; 292; 2482904; 6
5; r; 3290597; 1088; 461; 230; 2490596; 5
5; r; 3292520; 1088; 275; 197; 2492519; 9
5; r; 3294443; 1088; 998; 307; 2494442; 5
5; r; 3305980; 1088; 30; 168; 2505979; 7
5; r; 3309185; 1088; 368; 58; 3309184; 13
5; r; 3321365; 1088; 437; 223; 2521364; 9
5; r; 3323288; 1088; 990; 147; 3323287; 9
5; r; 3327775; 1088; 742; 264; 2527774; 5
5; r; 3330339; 1088; 964; 301; 2530338; 6
5; r; 3330980; 1088; 930; 296; 2530979; 6
5; r; 3332262; 1088; 803; 272; 2532261; 6
5; r; 3338671; 1088; 385; 212; 2538670; 6
5; r; 3345722; 1088; 970; 302; 2545721; 6
5; r; 3347645; 1088; 427; 220; 2547644; 6
5; r; 3348927; 1088; 129; 177; 2548926; 8
5; r; 3386744; 1088; 430; 221; 2586743; 8
5; r; 3396360; 1088; 330; 48; 3396359; 12
5; r; 3405974; 1088; 695; 257; 2605973; 7
5; r; 3408538; 1088; 545; 238; 2608537; 6
5; r; 3412384; 1088; 525; 233; 2612383; 6
5; r; 3414949; 1088; 382; 211; 2614948; 7
5; r; 3824488; 1088; 151; 180; 3024487; 9
5; r; 3853336; 1088; 357; 208; 3053335; 7
5; r; 3855900; 1088; 610; 245; 3055899; 9
5; r; 3873847; 1088; 400; 215; 3073846; 9
5; r; 3885385; 1088; 526; 234; 3085384; 8
5; r; 3886667; 1088; 327; 206; 3086666; 8
5; r; 3929614; 1088; 373; 210; 3129613; 9
5; r; 3957819; 1088; 830; 280; 3157818; 10
5; r; 3968716; 1088; 961; 300; 3168715; 9
5; r; 3977049; 1088; 411; 217; 3177048; 7
5; r; 3989225; 1088; 457; 229; 3189224; 7
5; r; 3994993; 1088; 204; 187; 3194992; 9
5; r; 3996916; 1088; 640; 249; 3196915; 8
5; r; 3997557; 1088; 198; 185; 3197556; 10
6; r; 15387; 1088; 789; 120; 15386; 2
6; r; 27561; 1088; 888; 143; 27560; 1
6; r; 28843; 1088; 1049; 169; 28842; 1
6; r; 29484; 1088; 988; 157; 29483; 1
6; r; 31407; 1088; 1022; 165; 31406; 1
6; r; 41020; 1088; 879; 139; 41019; 2
6; r; 62172; 1088; 989; 158; 62171; 1
6; r; 64095; 1088; 698; 108; 64094; 7
6; r; 72426; 1088; 804; 124; 72425; 7
6; r; 493570; 1088; 680; 105; 493569; 6
6; r; 496776; 1088; 883; 141; 496775; 5
6; r; 522432; 1088; 747; 111; 522431; 4
6; r; 528843; 1088; 1048; 168; 528842; 2
6; r; 532690; 1088; 1079; 173; 532689; 2
6; r; 538461; 1088; 869; 138; 538460; 7
6; r; 552564; 1088; 855; 136; 552563; 2
6; r; 573082; 1088; 642; 98; 573081; 5
6; r; 587182; 1088; 848; 135; 587181; 2
6; r; 602569; 1088; 636; 96; 602568; 6
6; r; 614107; 1088; 685; 107; 614106; 3
6; r; 632055; 1088; 941; 150; 632054; 3
6; r; 646797; 1088; 770; 116; 646796; 10
6; r; 648079; 1088; 591; 90; 648078; 4
6; r; 657053; 1088; 588; 88; 657052; 4
6; r; 658335; 1088; 426; 61; 658334; 6
6; r; 671796; 1088; 507; 74; 671795; 7
6; r; 676924; 1088; 930; 148; 676923; 6
6; r; 682692; 1088; 621; 94; 682691; 5
6; r; 683333; 1088; 894; 145; 683332; 7
6; r; 688461; 1088; 758; 113; 688460; 15
6; r; 696794; 1088; 907; 147; 696793; 4
6; r; 709615; 1088; 974; 155; 709614; 4
6; r; 724358; 1088; 810; 126; 724357; 4
6; r; 742302; 1088; 762; 115; 742301; 8
6; r; 744225; 1088; 1043; 167; 744224; 4
6; r; 753839; 1088; 980; 156; 753838; 4
6; r; 762172; 1088; 968; 154; 762171; 7
6; r; 771785; 1088; 640; 97; 771784; 5
6; r; 785886; 1088; 881; 140; 785885; 3
6; r; 793578; 1088; 676; 104; 793577; 5
6; r; 801270; 1088; 547; 81; 801269; 5
6; r; 805757; 1088; 558; 84; 805756; 4
6; r; 808320; 1088; 617; 92; 808319; 5
6; r; 814089; 1088; 292; 50; 814088; 6
6; r; 818575; 1088; 131; 21; 818574; 9
6; r; 819857; 1088; 619; 93; 819856; 5
6; r; 823703; 1088; 901; 146; 823702; 6
6; r; 837804; 1088; 812; 127; 837803; 3
6; r; 838445; 1088; 772; 117; 838444; 4
6; r; 844214; 1088; 415; 60; 844213; 6
6; r; 849342; 1088; 1003; 163; 849341; 5
6; r; 849983; 1088; 802; 123; 849982; 7
6; r; 858956; 1088; 62; 5; 858955; 11
6; r; 859597; 1088; 585; 87; 859596; 5
6; r; 876902; 1088; 575; 86; 876901; 6
6; r; 1290336; 1088; 840; 132; 1290335; 7
6; r; 1313429; 1088; 798; 121; 1313428; 7
6; r; 1321125; 1088; 1006; 164; 1321124; 6
6; r; 1358958; 1088; 951; 331; 558957; 1
6; r; 1366010; 1088; 809; 125; 1366009; 5
6; r; 1367933; 1088; 414; 59; 1367932; 6
6; r; 1376911; 1088; 1022; 340; 576910; 1
6; r; 1387805; 1088; 192; 33; 1387804; 13
6; r; 1391651; 1088; 956; 332; 591650; 1
6; r; 1407677; 1088; 654; 100; 1407676; 6
6; r; 1416650; 1088; 883; 320; 616649; 2
6; r; 1438446; 1088; 946; 330; 638445; 4
6; r; 1450623; 1088; 253; 47; 1450622; 6
6; r; 1453829; 1088; 427; 62; 1453828; 5
6; r; 1474982; 1088; 989; 334; 674981; 1
6; r; 1476905; 1088; 291; 49; 1476904; 8
6; r; 1501264; 1088; 182; 31; 1501263; 7
6; r; 1503827; 1088; 592; 91; 1503826; 7
6; r; 1505750; 1088; 837; 131; 1505749; 9
6; r; 1542929; 1088; 1079; 352; 742928; 2
6; r; 1548057; 1088; 557; 83; 1548056; 5
6; r; 1574336; 1088; 1016; 339; 774335; 3
6; r; 1575618; 1088; 933; 149; 1575617; 5
6; r; 1576901; 1088; 75; 10; 1576900; 9
6; r; 1577543; 1088; 246; 44; 1577542; 9
6; r; 1582030; 1088; 348; 56; 1582029; 7
6; r; 1583312; 1088; 555; 82; 1583311; 6
6; r; 1584594; 1088; 455; 68; 1584593; 6
6; r; 1586517; 1088; 521; 76; 1586516; 5
6; r; 1590364; 1088; 844; 133; 1590363; 6
6; r; 1599336; 1088; 244; 43; 1599335; 9
6; r; 1605105; 1088; 918; 324; 805104; 2
6; r; 1628178; 1088; 720; 109; 1628177; 5
6; r; 1629460; 1088; 723; 296; 829459; 2
6; r; 1637793; 1088; 887; 142; 1637792; 6
6; r; 1656382; 1088; 673; 103; 1656381; 6
6; r; 1667280; 1088; 965; 153; 1667279; 7
6; r; 1677534; 1088; 857; 317; 877533; 2
6; r; 1678816; 1088; 441; 65; 1678815; 6
6; r; 2132792; 1088; 226; 37; 2132791; 10
6; r; 2141766; 1088; 836; 130; 2141765; 6
6; r; 2146898; 1088; 112; 17; 2146897; 9
6; r; 2148822; 1088; 754; 300; 1348821; 2
6; r; 2178313; 1088; 784; 310; 1378312; 3
6; r; 2184082; 1088; 994; 160; 2184081; 13
6; r; 2194979; 1088; 234; 41; 2194978; 8
6; r; 2209723; 1088; 214; 36; 2209722; 8
6; r; 2210364; 1088; 777; 306; 1410363; 4
6; r; 2231518; 1088; 786; 311; 1431517; 3
6; r; 2232800; 1088; 847; 134; 2232799; 8
6; r; 2246903; 1088; 735; 110; 2246902; 9
6; r; 2255236; 1088; 999; 162; 2255235; 7
6; r; 2268698; 1088; 844; 316; 1468697; 3
6; r; 2272544; 1088; 756; 301; 1472543; 3
6; r; 2277030; 1088; 759; 114; 2277029; 8
6; r; 2282158; 1088; 672; 102; 2282157; 7
6; r; 2289850; 1088; 485; 255; 1489849; 6
6; r; 2304592; 1088; 21; 1; 2304591; 9
6; r; 2320618; 1088; 773; 118; 2320617; 7
6; r; 2324464; 1088; 754; 112; 2324463; 9
6; r; 2331513; 1088; 318; 53; 2331512; 7
6; r; 2332154; 1088; 327; 54; 2332153; 9
6; r; 2337922; 1088; 963; 152; 2337921; 8
6; r; 2339845; 1088; 1010; 337; 1539844; 4
6; r; 2369329; 1088; 252; 46; 2369328; 11
6; r; 2389200; 1088; 1077; 351; 1589199; 3
6; r; 2399455; 1088; 1075; 349; 1599454; 3
6; r; 2401378; 1088; 613; 277; 1601377; 4
6; r; 2403301; 1088; 719; 295; 1603300; 4
6; r; 2414839; 1088; 634; 95; 2414838; 10
6; r; 2415480; 1088; 456; 69; 2415479; 6
6; r; 2423812; 1088; 275; 48; 2423811; 8
6; r; 2444323; 1088; 885; 321; 1644322; 4
6; r; 2450091; 1088; 400; 58; 2450090; 9
6; r; 2469962; 1088; 79; 11; 2469961; 10
6; r; 2472526; 1088; 504; 72; 2472525; 10
6; r; 2479577; 1088; 476; 70; 2479576; 9
6; r; 2890255; 1088; 1029; 166; 2890254; 8
6; r; 2891537; 1088; 1051; 170; 2891536; 8
6; r; 2894746; 1088; 382; 57; 2894745; 11
6; r; 2898596; 1088; 478; 71; 2898595; 11
6; r; 2904365; 1088; 74; 9; 2904364; 10
6; r; 2911418; 1088; 921; 325; 2111417; 4
6; r; 2979376; 1088; 1072; 348; 2179375; 4
6; r; 2986429; 1088; 933; 328; 2186428; 5
6; r; 2990916; 1088; 556; 267; 2190915; 5
6; r; 2991557; 1088; 552; 266; 2191556; 5
6; r; 3010791; 1088; 548; 265; 2210790; 5
6; r; 3019125; 1088; 657; 280; 2219124; 5
6; r; 3056304; 1088; 752; 299; 2256303; 4
6; r; 3063356; 1088; 772; 305; 2263355; 5
6; r; 3063997; 1088; 353; 228; 2263996; 5
6; r; 3090919; 1088; 589; 273; 2290918; 4
6; r; 3092842; 1088; 486; 256; 2292841; 5
6; r; 3100534; 1088; 149; 22; 3100533; 11
6; r; 3103098; 1088; 37; 4; 3103097; 14
6; r; 3103739; 1088; 321; 223; 2303738; 6
6; r; 3105021; 1088; 991; 159; 3105020; 11
6; r; 3111430; 1088; 535; 78; 3111429; 7
6; r; 3115917; 1088; 86; 13; 3115916; 10
6; r; 3125532; 1088; 578; 269; 2325531; 5
6; r; 3128737; 1088; 1041; 343; 2328736; 5
6; r; 3133224; 1088; 1063; 347; 2333223; 7
6; r; 3156299; 1088; 346; 226; 2356298; 7
6; r; 3157581; 1088; 238; 42; 3157580; 10
6; r; 3158863; 1088; 221; 212; 2358862; 8
6; r; 3171042; 1088; 768; 303; 2371041; 6
6; r; 3176810; 1088; 588; 272; 2376809; 5
6; r; 3178733; 1088; 680; 286; 2378732; 5
6; r; 3180656; 1088; 547; 264; 2380655; 6
6; r; 3188989; 1088; 832; 129; 3188988; 9
6; r; 3194117; 1088; 120; 18; 3194116; 9
6; r; 3194758; 1088; 538; 260; 2394757; 8
6; r; 3196040; 1088; 168; 27; 3196039; 12
6; r; 3205654; 1088; 1002; 336; 2405653; 5
6; r; 3206936; 1088; 461; 249; 2406935; 8
6; r; 3218473; 1088; 536; 79; 3218472; 11
6; r; 3223600; 1088; 709; 293; 2423599; 4
6; r; 3224882; 1088; 666; 101; 3224881; 16
6; r; 3231933; 1088; 683; 106; 3231932; 7
6; r; 3235138; 1088; 718; 294; 2435137; 4
6; r; 3236420; 1088; 765; 302; 2436419; 9
6; r; 3237061; 1088; 668; 284; 2437060; 7
6; r; 3237702; 1088; 806; 312; 2437701; 6
6; r; 3244752; 1088; 473; 252; 2444751; 6
6; r; 3255648; 1088; 305; 52; 3255647; 11
6; r; 3260776; 1088; 543; 262; 2460775; 6
6; r; 3261417; 1088; 26; 2; 3261416; 10
6; r; 3267826; 1088; 475; 253; 2467825; 8
6; r; 3272313; 1088; 16; 0; 3272312; 11
6; r; 3273595; 1088; 125; 20; 3273594; 9
6; r; 3279364; 1088; 451; 246; 2479363; 4
6; r; 3712199; 1088; 459; 248; 2912198; 7
6; r; 3734633; 1088; 335; 55; 3734632; 12
6; r; 3766686; 1088; 188; 209; 2966685; 7
6; r; 3789760; 1088; 603; 275; 2989759; 7
6; r; 3790401; 1088; 769; 304; 2990400; 7
6; r; 3810915; 1088; 894; 322; 3010914; 7
6; r; 3812197; 1088; 1057; 171; 3812196; 10
6; r; 3815402; 1088; 665; 282; 3015401; 6
6; r; 3826939; 1088; 541; 261; 3026938; 6
6; r; 3841041; 1088; 117; 195; 3041040; 8
6; r; 3858347; 1088; 632; 279; 3058346; 7
6; r; 3885908; 1088; 56; 183; 3085907; 8
6; r; 3889754; 1088; 511; 75; 3889753; 14
6; r; 3896164; 1088; 834; 313; 3096163; 6
6; r; 3901933; 1088; 316; 222; 3101932; 8
6; r; 3905137; 1088; 1023; 341; 3105136; 7
6; r; 3921801; 1088; 624; 278; 3121800; 6
6; r; 3939107; 1088; 456; 247; 3139106; 6
6; r; 3942953; 1088; 371; 229; 3142952; 7
6; r; 3951927; 1088; 527; 259; 3151926; 6
6; r; 3961542; 1088; 209; 35; 3961541; 12
6; r; 3962824; 1088; 68; 6; 3962823; 12
6; r; 3966670; 1088; 1076; 350; 3166669; 4
6; r; 3968593; 1088; 393; 234; 3168592; 7
6; r; 3980131; 1088; 271; 216; 3180130; 9
6; r; 3981413; 1088; 929; 327; 3181412; 9
6; r; 3983337; 1088; 859; 318; 3183336; 9
6; r; 3987823; 1088; 99; 15; 3987822; 12
6; r; 3994233; 1088; 187; 208; 3194232; 6
7; r; 8975; 1088; 688; 97; 8974; 3
7; r; 10257; 1088; 742; 102; 10256; 5
7; r; 23714; 1088; 652; 88; 23713; 3
7; r; 25637; 1088; 922; 131; 25636; 3
7; r; 27560; 1088; 658; 90; 27559; 5
7; r; 37816; 1088; 509; 61; 37815; 6
7; r; 38457; 1088; 945; 135; 38456; 2
7; r; 41021; 1088; 592; 79; 41020; 4
7; r; 55120; 1088; 883; 124; 55119; 3
7; r; 62171; 1088; 899; 127; 62170; 8
7; r; 73068; 1088; 485; 54; 73067; 4
7; r; 85247; 1088; 857; 121; 85246; 2
7; r; 499143; 1088; 615; 82; 499142; 5
7; r; 504914; 1088; 583; 77; 504913; 12
7; r; 510047; 1088; 820; 113; 510046; 8
7; r; 535055; 1088; 553; 74; 535054; 6
7; r; 535696; 1088; 904; 128; 535695; 4
7; r; 549164; 1088; 810; 110; 549163; 4
7; r; 553010; 1088; 987; 139; 553009; 5
7; r; 564549; 1088; 771; 107; 564548; 6
7; r; 590831; 1088; 624; 83; 590830; 6
7; r; 614552; 1088; 686; 96; 614551; 5
7; r; 648525; 1088; 491; 56; 648524; 4
7; r; 652372; 1088; 162; 17; 652371; 9
7; r; 660704; 1088; 657; 89; 660703; 3
7; r; 665831; 1088; 650; 86; 665830; 6
7; r; 666472; 1088; 1086; 154; 666471; 3
7; r; 670318; 1088; 749; 104; 670317; 4
7; r; 679933; 1088; 511; 62; 679932; 8
7; r; 695315; 1088; 587; 78; 695314; 5
7; r; 700443; 1088; 651; 87; 700442; 4
7; r; 704289; 1088; 722; 101; 704288; 6
7; r; 704930; 1088; 518; 64; 704929; 5
7; r; 726722; 1088; 787; 108; 726721; 4
7; r; 728004; 1088; 372; 43; 728003; 9
7; r; 729927; 1088; 456; 52; 729926; 5
7; r; 738258; 1088; 817; 112; 738257; 3
7; r; 744027; 1088; 973; 137; 744026; 3
7; r; 747873; 1088; 1079; 152; 747872; 5
7; r; 753000; 1088; 886; 125; 752999; 3
7; r; 759410; 1088; 932; 133; 759409; 6
7; r; 761333; 1088; 711; 100; 761332; 5
7; r; 762615; 1088; 354; 40; 762614; 7
7; r; 766461; 1088; 176; 20; 766460; 9
7; r; 772871; 1088; 23; 4; 772870; 8
7; r; 773512; 1088; 1034; 146; 773511; 7
7; r; 800431; 1088; 850; 120; 800430; 9
7; r; 811966; 1088; 929; 132; 811965; 8
7; r; 813889; 1088; 513; 63; 813888; 7
7; r; 826066; 1088; 1039; 147; 826065; 7
7; r; 827348; 1088; 682; 94; 827347; 8
7; r; 847859; 1088; 920; 130; 847858; 4
7; r; 850423; 1088; 868; 123; 850422; 5
7; r; 851705; 1088; 609; 80; 851704; 5
7; r; 852346; 1088; 675; 92; 852345; 6
7; r; 855551; 1088; 275; 34; 855550; 7
7; r; 867729; 1088; 522; 65; 867728; 4
7; r; 888881; 1088; 835; 117; 888880; 6
7; r; 889522; 1088; 121; 13; 889521; 8
7; r; 1299445; 1088; 816; 111; 1299444; 7
7; r; 1307142; 1088; 980; 317; 507141; 2
7; r; 1318680; 1088; 1073; 151; 1318679; 6
7; r; 1327654; 1088; 829; 115; 1327653; 8
7; r; 1344321; 1088; 917; 308; 544320; 2
7; r; 1346244; 1088; 546; 73; 1346243; 6
7; r; 1354579; 1088; 1065; 149; 1354578; 7
7; r; 1360348; 1088; 907; 129; 1360347; 4
7; r; 1393682; 1088; 170; 18; 1393681; 10
7; r; 1399452; 1088; 355; 41; 1399451; 5
7; r; 1428297; 1088; 979; 316; 628296; 3
7; r; 1465471; 1088; 839; 118; 1465470; 5
7; r; 1476368; 1088; 250; 32; 1476367; 6
7; r; 1477009; 1088; 1013; 324; 677008; 2
7; r; 1483419; 1088; 981; 318; 683418; 2
7; r; 1484701; 1088; 187; 21; 1484700; 12
7; r; 1502647; 1088; 1048; 327; 702646; 3
7; r; 1510338; 1088; 448; 51; 1510337; 6
7; r; 1512902; 1088; 227; 28; 1512901; 7
7; r; 1528285; 1088; 636; 85; 1528284; 7
7; r; 1531490; 1088; 998; 141; 1531489; 8
7; r; 1534054; 1088; 246; 31; 1534053; 8
7; r; 1542386; 1088; 1024; 145; 1542385; 8
7; r; 1551359; 1088; 1052; 328; 751358; 2
7; r; 1562256; 1088; 676; 93; 1562255; 6
7; r; 1569307; 1088; 352; 39; 1569306; 6
7; r; 1574435; 1088; 857; 298; 774434; 2
7; r; 1585331; 1088; 913; 307; 785330; 2
7; r; 1588535; 1088; 1013; 143; 1588534; 6
7; r; 1594945; 1088; 216; 27; 1594944; 8
7; r; 1603919; 1088; 750; 105; 1603918; 9
7; r; 1606483; 1088; 977; 138; 1606482; 5
7; r; 1609047; 1088; 544; 72; 1609046; 8
7; r; 1618660; 1088; 950; 310; 818659; 2
7; r; 1619942; 1088; 1071; 150; 1619941; 6
7; r; 1628916; 1088; 154; 15; 1628915; 6
7; r; 1632121; 1088; 380; 45; 1632120; 6
7; r; 1632761; 1088; 589; 246; 832760; 3
7; r; 1638531; 1088; 1006; 142; 1638530; 8
7; r; 1645581; 1088; 290; 36; 1645580; 6
7; r; 1648785; 1088; 65; 7; 1648784; 8
7; r; 1650067; 1088; 954; 311; 850066; 3
7; r; 1653271; 1088; 745; 280; 853270; 3
7; r; 1653912; 1088; 555; 75; 1653911; 7
7; r; 1670576; 1088; 753; 282; 870575; 2
7; r; 1673780; 1088; 435; 50; 1673779; 7
7; r; 1693008; 1088; 683; 95; 1693007; 7
7; r; 2128201; 1088; 854; 297; 1328200; 3
7; r; 2131406; 1088; 821; 114; 2131405; 7
7; r; 2145512; 1088; 336; 38; 2145511; 8
7; r; 2183330; 1088; 748; 281; 1383329; 3
7; r; 2227558; 1088; 879; 302; 1427557; 3
7; r; 2228840; 1088; 1016; 144; 2228839; 9
7; r; 2240377; 1088; 1009; 323; 1440376; 4
7; r; 2263452; 1088; 464; 53; 2263451; 10
7; r; 2264734; 1088; 209; 24; 2264733; 8
7; r; 2287168; 1088; 843; 119; 2287167; 11
7; r; 2291014; 1088; 173; 19; 2291013; 10
7; r; 2295501; 1088; 528; 66; 2295500; 7
7; r; 2298706; 1088; 114; 11; 2298705; 10
7; r; 2301269; 1088; 1043; 326; 1501268; 4
7; r; 2308961; 1088; 814; 293; 1508960; 4
7; r; 2322422; 1088; 541; 70; 2322421; 8
7; r; 2328831; 1088; 3; 0; 2328830; 14
7; r; 2335241; 1088; 722; 274; 1535240; 3
7; r; 2341651; 1088; 623; 257; 1541650; 4
7; r; 2376902; 1088; 618; 256; 1576901; 4
7; r; 2380748; 1088; 1061; 330; 1580747; 7
7; r; 2382670; 1088; 945; 309; 1582669; 3
7; r; 2383952; 1088; 617; 255; 1583951; 6
7; r; 2385875; 1088; 584; 245; 1585874; 5
7; r; 2392284; 1088; 210; 25; 2392283; 8
7; r; 2398052; 1088; 214; 26; 2398051; 9
7; r; 2399334; 1088; 11; 3; 2399333; 11
7; r; 2403180; 1088; 208; 23; 2403179; 9
7; r; 2406383; 1088; 495; 57; 2406382; 11
7; r; 2415355; 1088; 791; 286; 1615354; 3
7; r; 2423688; 1088; 834; 116; 2423687; 17
7; r; 2433303; 1088; 155; 16; 2433302; 8
7; r; 2435227; 1088; 590; 247; 1635226; 4
7; r; 2439074; 1088; 689; 98; 2439073; 12
7; r; 2440356; 1088; 679; 266; 1640355; 4
7; r; 2441638; 1088; 327; 204; 1641637; 5
7; r; 2455098; 1088; 894; 126; 2455097; 8
7; r; 2458303; 1088; 974; 315; 1658302; 4
7; r; 2476250; 1088; 563; 76; 2476249; 9
7; r; 2482018; 1088; 862; 122; 2482017; 10
7; r; 2488428; 1088; 788; 285; 1688427; 3
7; r; 2491632; 1088; 876; 300; 1691631; 5
7; r; 2929409; 1088; 840; 295; 2129408; 8
7; r; 2946078; 1088; 775; 283; 2146077; 5
7; r; 2981340; 1088; 1055; 329; 2181339; 4
7; r; 3001855; 1088; 638; 260; 2201854; 5
7; r; 3013393; 1088; 895; 304; 2213392; 7
7; r; 3014676; 1088; 645; 262; 2214675; 4
7; r; 3074286; 1088; 8; 2; 3074285; 11
7; r; 3081978; 1088; 254; 192; 2281977; 8
7; r; 3092875; 1088; 134; 14; 3092874; 11
7; r; 3100567; 1088; 91; 168; 2300566; 7
7; r; 3105695; 1088; 196; 22; 3105694; 10
7; r; 3106336; 1088; 51; 6; 3106335; 10
7; r; 3110822; 1088; 710; 271; 2310821; 5
7; r; 3112104; 1088; 524; 235; 2312103; 6
7; r; 3115308; 1088; 530; 67; 3115307; 10
7; r; 3118513; 1088; 278; 35; 3118512; 9
7; r; 3124923; 1088; 377; 44; 3124922; 8
7; r; 3130049; 1088; 607; 251; 2330048; 5
7; r; 3130690; 1088; 993; 140; 3130689; 11
7; r; 3131972; 1088; 510; 232; 2331971; 5
7; r; 3133254; 1088; 451; 219; 2333253; 7
7; r; 3150560; 1088; 360; 42; 3150559; 8
7; r; 3151842; 1088; 380; 212; 2351841; 6
7; r; 3153124; 1088; 660; 264; 2353123; 8
7; r; 3153764; 1088; 516; 233; 2353763; 6
7; r; 3154405; 1088; 422; 215; 2354404; 5
7; r; 3160815; 1088; 360; 209; 2360814; 5
7; r; 3163379; 1088; 807; 292; 2363378; 5
7; r; 3172351; 1088; 625; 258; 2372350; 4
7; r; 3173633; 1088; 535; 68; 3173632; 9
7; r; 3178120; 1088; 741; 279; 2378119; 6
7; r; 3183887; 1088; 626; 259; 2383886; 5
7; r; 3184528; 1088; 536; 237; 2384527; 7
7; r; 3196705; 1088; 456; 222; 2396704; 5
7; r; 3203755; 1088; 507; 60; 3203754; 9
7; r; 3221702; 1088; 452; 220; 2421701; 6
7; r; 3224906; 1088; 89; 9; 3224905; 9
7; r; 3229392; 1088; 490; 55; 3229391; 7
7; r; 3232597; 1088; 263; 33; 3232596; 10
7; r; 3239648; 1088; 356; 208; 2439647; 6
7; r; 3242211; 1088; 634; 84; 3242210; 11
7; r; 3247339; 1088; 605; 250; 2447338; 6
7; r; 3251184; 1088; 614; 254; 2451183; 5
7; r; 3254389; 1088; 482; 226; 2454388; 7
7; r; 3266566; 1088; 900; 306; 2466565; 6
7; r; 3267207; 1088; 970; 314; 2467206; 7
7; r; 3270412; 1088; 404; 48; 3270411; 11
7; r; 3271053; 1088; 523; 234; 2471052; 7
7; r; 3272976; 1088; 1029; 325; 2472975; 6
7; r; 3277463; 1088; 670; 265; 2477462; 6
7; r; 3278104; 1088; 474; 225; 2478103; 8
7; r; 3289642; 1088; 692; 267; 2489641; 4
7; r; 3290924; 1088; 733; 278; 2490923; 7
7; r; 3708505; 1088; 469; 224; 2908504; 7
7; r; 3714275; 1088; 1008; 322; 2914274; 5
7; r; 3745689; 1088; 393; 213; 2945688; 5
7; r; 3746329; 1088; 759; 106; 3746328; 11
7; r; 3750817; 1088; 444; 218; 2950816; 7
7; r; 3752741; 1088; 117; 170; 2952740; 8
7; r; 3754024; 1088; 527; 236; 2954023; 6
7; r; 3766845; 1088; 999; 321; 2966844; 7
7; r; 3773900; 1088; 301; 200; 2973899; 10
7; r; 3804673; 1088; 614; 81; 3804672; 8
7; r; 3816853; 1088; 550; 239; 3016852; 6
7; r; 3856597; 1088; 219; 184; 3056596; 8
7; r; 3857238; 1088; 962; 313; 3057237; 8
7; r; 3865571; 1088; 181; 181; 3065570; 10
7; r; 3889289; 1088; 883; 303; 3089288; 8
7; r; 3898903; 1088; 612; 253; 3098902; 7
7; r; 3913643; 1088; 578; 242; 3113642; 9
7; r; 3923899; 1088; 996; 320; 3123898; 7
7; r; 3924540; 1088; 146; 176; 3124539; 8
7; r; 3939281; 1088; 329; 205; 3139280; 6
7; r; 3946971; 1088; 603; 249; 3146970; 8
7; r; 3961073; 1088; 506; 231; 3161072; 7
7; r; 3988635; 1088; 794; 289; 3188634; 7
7; r; 3989276; 1088; 582; 243; 3189275; 9
7; r; 3990558; 1088; 826; 294; 3190557; 10
7; r; 3991840; 1088; 1060; 148; 3991839; 16
7; r; 3993763; 1088; 503; 229; 3193762; 8
8; r; 18594; 1088; 868; 122; 18593; 5
8; r; 24363; 1088; 338; 43; 24362; 9
8; r; 29490; 1088; 604; 89; 29489; 6
8; r; 49998; 1088; 145; 14; 49997; 8
8; r; 50639; 1088; 849; 120; 50638; 3
8; r; 51279; 1088; 975; 136; 51278; 3
8; r; 57688; 1088; 1084; 146; 57687; 1
8; r; 60892; 1088; 1074; 144; 60891; 4
8; r; 63456; 1088; 542; 77; 63455; 7
8; r; 65380; 1088; 823; 115; 65379; 2
8; r; 76276; 1088; 898; 125; 76275; 5
8; r; 82686; 1088; 293; 35; 82685; 5
8; r; 83327; 1088; 585; 82; 83326; 5
8; r; 83968; 1088; 821; 114; 83967; 3
8; r; 98071; 1088; 314; 37; 98070; 6
8; r; 516931; 1088; 592; 86; 516930; 5
8; r; 526551; 1088; 478; 64; 526550; 10
8; r; 532322; 1088; 899; 126; 532321; 8
8; r; 567578; 1088; 548; 78; 567577; 6
8; r; 570142; 1088; 181; 17; 570141; 8
8; r; 583605; 1088; 641; 93; 583604; 7
8; r; 593862; 1088; 678; 98; 593861; 5
8; r; 597067; 1088; 1033; 142; 597066; 8
8; r; 602197; 1088; 455; 62; 602196; 6
8; r; 619503; 1088; 936; 131; 619502; 5
8; r; 631681; 1088; 316; 39; 631680; 12
8; r; 632963; 1088; 672; 97; 632962; 6
8; r; 636808; 1088; 798; 113; 636807; 9
8; r; 663088; 1088; 654; 94; 663087; 3
8; r; 664370; 1088; 536; 75; 664369; 7
8; r; 668216; 1088; 1003; 139; 668215; 6
8; r; 670139; 1088; 919; 128; 670138; 3
8; r; 685522; 1088; 357; 48; 685521; 8
8; r; 691290; 1088; 622; 92; 691289; 3
8; r; 717568; 1088; 716; 103; 717567; 4
8; r; 724619; 1088; 257; 27; 724618; 7
8; r; 725260; 1088; 750; 107; 725259; 3
8; r; 739361; 1088; 385; 52; 739360; 6
8; r; 743847; 1088; 1080; 145; 743846; 4
8; r; 788074; 1088; 581; 81; 788073; 6
8; r; 792562; 1088; 341; 44; 792561; 7
8; r; 795126; 1088; 607; 91; 795125; 5
8; r; 795767; 1088; 864; 121; 795766; 7
8; r; 804099; 1088; 971; 134; 804098; 5
8; r; 807944; 1088; 234; 24; 807943; 8
8; r; 825889; 1088; 738; 106; 825888; 5
8; r; 831017; 1088; 459; 63; 831016; 5
8; r; 832940; 1088; 159; 15; 832939; 8
8; r; 839349; 1088; 315; 38; 839348; 8
8; r; 840631; 1088; 986; 138; 840630; 6
8; r; 844476; 1088; 344; 45; 844475; 9
8; r; 847681; 1088; 939; 132; 847680; 5
8; r; 852807; 1088; 355; 46; 852806; 6
8; r; 854089; 1088; 876; 124; 854088; 5
8; r; 855371; 1088; 606; 90; 855370; 5
8; r; 864986; 1088; 825; 116; 864985; 8
8; r; 881650; 1088; 408; 58; 881649; 8
8; r; 891906; 1088; 219; 22; 891905; 9
8; r; 894470; 1088; 713; 101; 894469; 7
8; r; 903443; 1088; 974; 135; 903442; 6
8; r; 1304871; 1088; 950; 278; 504870; 2
8; r; 1315769; 1088; 1008; 141; 1315768; 6
8; r; 1327953; 1088; 875; 123; 1327952; 8
8; r; 1329235; 1088; 714; 102; 1329234; 9
8; r; 1334364; 1088; 441; 60; 1334363; 7
8; r; 1342058; 1088; 1087; 297; 542057; 2
8; r; 1355519; 1088; 404; 57; 1355518; 7
8; r; 1361291; 1088; 657; 95; 1361290; 7
8; r; 1368342; 1088; 756; 108; 1368341; 5
8; r; 1379881; 1088; 985; 282; 579880; 1
8; r; 1382445; 1088; 1081; 293; 582444; 2
8; r; 1388856; 1088; 763; 109; 1388855; 8
8; r; 1389497; 1088; 1085; 295; 589496; 1
8; r; 1391420; 1088; 586; 83; 1391419; 5
8; r; 1405524; 1088; 787; 111; 1405523; 10
8; r; 1406165; 1088; 1019; 288; 606164; 1
8; r; 1419628; 1088; 540; 76; 1419627; 7
8; r; 1424115; 1088; 194; 18; 1424114; 8
8; r; 1435012; 1088; 927; 129; 1435011; 7
8; r; 1435653; 1088; 490; 66; 1435652; 9
8; r; 1452958; 1088; 124; 12; 1452957; 11
8; r; 1467701; 1088; 442; 61; 1467700; 8
8; r; 1469624; 1088; 838; 258; 669623; 4
8; r; 1470265; 1088; 590; 84; 1470264; 5
8; r; 1474109; 1088; 914; 276; 674108; 2
8; r; 1475391; 1088; 518; 72; 1475390; 7
8; r; 1484365; 1088; 1083; 294; 684364; 1
8; r; 1491416; 1088; 1086; 296; 691415; 1
8; r; 1493339; 1088; 332; 42; 1493338; 12
8; r; 1496544; 1088; 579; 80; 1496543; 8
8; r; 1504234; 1088; 932; 130; 1504233; 9
8; r; 1507438; 1088; 242; 25; 1507437; 7
8; r; 1511283; 1088; 270; 32; 1511282; 11
8; r; 1512565; 1088; 726; 104; 1512564; 10
8; r; 1515129; 1088; 603; 88; 1515128; 6
8; r; 1518333; 1088; 1047; 291; 718332; 2
8; r; 1529230; 1088; 719; 243; 729229; 4
8; r; 1531794; 1088; 989; 283; 731793; 1
8; r; 1536279; 1088; 887; 267; 736278; 2
8; r; 1570247; 1088; 684; 99; 1570246; 7
8; r; 1577939; 1088; 570; 79; 1577938; 7
8; r; 1601011; 1088; 602; 87; 1601010; 7
8; r; 1609343; 1088; 555; 221; 809342; 4
8; r; 1615111; 1088; 57; 8; 1615110; 8
8; r; 1641389; 1088; 588; 225; 841388; 4
8; r; 1642030; 1088; 197; 19; 1642029; 7
8; r; 1653566; 1088; 491; 67; 1653565; 5
8; r; 1663821; 1088; 143; 13; 1663820; 10
8; r; 1665744; 1088; 306; 36; 1665743; 8
8; r; 1670230; 1088; 852; 260; 870229; 3
8; r; 1689460; 1088; 722; 245; 889459; 3
8; r; 1697793; 1088; 386; 53; 1697792; 6
8; r; 2147208; 1088; 394; 200; 1347207; 7
8; r; 2160675; 1088; 855; 263; 1360674; 2
8; r; 2181189; 1088; 717; 242; 1381188; 3
8; r; 2186958; 1088; 615; 228; 1386957; 4
8; r; 2197214; 1088; 661; 96; 2197213; 7
8; r; 2198496; 1088; 1008; 286; 1398495; 4
8; r; 2222215; 1088; 731; 105; 2222214; 9
8; r; 2231190; 1088; 786; 110; 2231189; 10
8; r; 2234395; 1088; 619; 229; 1434394; 4
8; r; 2235677; 1088; 913; 275; 1435676; 4
8; r; 2241446; 1088; 872; 265; 1441445; 5
8; r; 2244010; 1088; 252; 26; 2244009; 7
8; r; 2255548; 1088; 284; 34; 2255547; 7
8; r; 2258112; 1088; 649; 232; 1458111; 4
8; r; 2258753; 1088; 488; 208; 1458752; 4
8; r; 2272213; 1088; 826; 117; 2272212; 8
8; r; 2274136; 1088; 903; 127; 2274135; 8
8; r; 2276059; 1088; 1035; 290; 1476058; 5
8; r; 2311313; 1088; 591; 85; 2311312; 7
8; r; 2331183; 1088; 268; 31; 2331182; 9
8; r; 2335029; 1088; 317; 40; 2335028; 7
8; r; 2336952; 1088; 327; 190; 1536951; 6
8; r; 2342079; 1088; 1010; 287; 1542078; 4
8; r; 2352335; 1088; 531; 74; 2352334; 8
8; r; 2361308; 1088; 396; 54; 2361307; 8
8; r; 2367717; 1088; 853; 261; 1567716; 3
8; r; 2368358; 1088; 758; 249; 1568357; 3
8; r; 2374127; 1088; 585; 224; 1574126; 6
8; r; 2376050; 1088; 827; 118; 2376049; 10
8; r; 2390793; 1088; 795; 112; 2390792; 11
8; r; 2392075; 1088; 100; 11; 2392074; 11
8; r; 2399126; 1088; 38; 5; 2399125; 9
8; r; 2399767; 1088; 879; 266; 1599766; 4
8; r; 2401690; 1088; 910; 274; 1601689; 4
8; r; 2415792; 1088; 325; 188; 1615791; 6
8; r; 2424125; 1088; 938; 277; 1624124; 5
8; r; 2431174; 1088; 495; 68; 2431173; 8
8; r; 2432456; 1088; 158; 167; 1632455; 7
8; r; 2436302; 1088; 573; 223; 1636301; 6
8; r; 2439506; 1088; 428; 205; 1639505; 4
8; r; 2443352; 1088; 1062; 143; 2443351; 8
8; r; 2445916; 1088; 400; 55; 2445915; 8
8; r; 2460016; 1088; 99; 10; 2460015; 10
8; r; 2485011; 1088; 378; 197; 1685010; 6
8; r; 2492703; 1088; 902; 273; 1692702; 6
8; r; 2494626; 1088; 367; 50; 2494625; 10
8; r; 2499755; 1088; 203; 21; 2499754; 12
8; r; 2503601; 1088; 497; 70; 2503600; 10
8; r; 2924671; 1088; 821; 257; 2124670; 4
8; r; 2952238; 1088; 704; 238; 2152237; 5
8; r; 2975958; 1088; 502; 211; 2175957; 8
8; r; 3010570; 1088; 712; 240; 2210569; 5
8; r; 3019544; 1088; 513; 213; 2219543; 6
8; r; 3028518; 1088; 388; 198; 2228517; 6
8; r; 3037492; 1088; 551; 220; 2237491; 6
8; r; 3056724; 1088; 86; 9; 3056723; 12
8; r; 3059928; 1088; 964; 280; 2259927; 8
8; r; 3068261; 1088; 511; 212; 2268260; 7
8; r; 3072748; 1088; 593; 226; 2272747; 6
8; r; 3076594; 1088; 290; 182; 2276593; 7
8; r; 3079799; 1088; 313; 186; 2279798; 7
8; r; 3081722; 1088; 16; 2; 3081721; 10
8; r; 3089412; 1088; 265; 29; 3089411; 19
8; r; 3108642; 1088; 94; 155; 2308641; 7
8; r; 3125309; 1088; 601; 227; 2325308; 7
8; r; 3131079; 1088; 711; 239; 2331078; 7
8; r; 3132361; 1088; 199; 20; 3132360; 10
8; r; 3135564; 1088; 740; 248; 2335563; 6
8; r; 3140691; 1088; 58; 151; 2340690; 8
8; r; 3148382; 1088; 799; 255; 2348381; 7
8; r; 3150305; 1088; 215; 176; 2350304; 9
8; r; 3154791; 1088; 39; 6; 3154790; 12
8; r; 3155432; 1088; 23; 148; 2355431; 13
8; r; 3166968; 1088; 900; 272; 2366967; 6
8; r; 3176583; 1088; 635; 231; 2376582; 6
8; r; 3179147; 1088; 337; 193; 2379146; 8
8; r; 3185557; 1088; 998; 285; 2385556; 7
8; r; 3188761; 1088; 991; 284; 2388760; 8
8; r; 3191325; 1088; 12; 1; 3191324; 13
8; r; 3209913; 1088; 323; 187; 2409912; 6
8; r; 3216323; 1088; 221; 178; 2416322; 7
8; r; 3221450; 1088; 111; 159; 2421449; 10
8; r; 3227219; 1088; 404; 202; 2427218; 7
8; r; 3234911; 1088; 359; 49; 3234910; 10
8; r; 3244526; 1088; 537; 216; 2444525; 7
8; r; 3252218; 1088; 348; 194; 2452217; 7
8; r; 3256064; 1088; 432; 59; 3256063; 10
8; r; 3260551; 1088; 738; 247; 2460550; 6
8; r; 3283627; 1088; 851; 259; 2483626; 5
8; r; 3290677; 1088; 121; 160; 2490676; 7
8; r; 3291959; 1088; 766; 252; 2491958; 10
8; r; 3709021; 1088; 497; 209; 2909020; 9
8; r; 3753903; 1088; 390; 199; 2953902; 8
8; r; 3781469; 1088; 566; 222; 2981468; 8
8; r; 3798783; 1088; 854; 262; 2998782; 9
8; r; 3800065; 1088; 473; 207; 3000064; 8
8; r; 3807759; 1088; 330; 192; 3007758; 11
8; r; 3819935; 1088; 204; 175; 3019934; 8
8; r; 3824424; 1088; 124; 162; 3024423; 7
8; r; 3826348; 1088; 971; 281; 3026347; 7
8; r; 3830839; 1088; 1026; 289; 3030838; 8
8; r; 3833404; 1088; 762; 251; 3033403; 9
8; r; 3843663; 1088; 166; 169; 3043662; 11
8; r; 3860331; 1088; 306; 184; 3060330; 11
8; r; 3865459; 1088; 135; 164; 3065458; 10
8; r; 3871229; 1088; 1067; 292; 3071228; 8
8; r; 3873153; 1088; 251; 181; 3073152; 8
8; r; 3875076; 1088; 692; 236; 3075075; 10
8; r; 3884691; 1088; 534; 215; 3084690; 8
8; r; 3892383; 1088; 202; 174; 3092382; 13
8; r; 3905844; 1088; 891; 268; 3105843; 9
8; r; 3911614; 1088; 248; 180; 3111613; 9
8; r; 3918024; 1088; 134; 163; 3118023; 11
8; r; 3929562; 1088; 401; 201; 3129561; 12
8; r; 3937896; 1088; 967; 133; 3937895; 11
8; r; 3940460; 1088; 498; 210; 3140459; 11
8; r; 3947512; 1088; 694; 237; 3147511; 10
8; r; 3950717; 1088; 895; 270; 3150716; 10
8; r; 3951358; 1088; 423; 204; 3151357; 8
8; r; 3959049; 1088; 859; 264; 3159048; 11
8; r; 3963536; 1088; 328; 191; 3163535; 8
8; r; 3964177; 1088; 668; 233; 3164176; 9
8; r; 3982126; 1088; 543; 218; 3182125; 8
8; r; 3982767; 1088; 54; 150; 3182766; 8
8; r; 3983408; 1088; 800; 256; 3183407; 8
8; r; 3984049; 1088; 631; 230; 3184048; 10
8; r; 3987895; 1088; 165; 168; 3187894; 12
8; r; 3990460; 1088; 362; 196; 3190459; 10
8; r; 3991101; 1088; 436; 206; 3191100; 10
8; r; 3992382; 1088; 67; 153; 3192381; 13
9; r; 4490; 1088; 592; 83; 4489; 4
9; r; 16024; 1088; 851; 123; 16023; 3
9; r; 26278; 1088; 710; 99; 26277; 5
9; r; 32045; 1088; 1020; 153; 32044; 1
9; r; 37814; 1088; 1087; 164; 37813; 1
9; r; 44862; 1088; 984; 146; 44861; 1
9; r; 50630; 1088; 1082; 163; 50629; 1
9; r; 485286; 1088; 923; 135; 485285; 3
9; r; 516077; 1088; 1009; 152; 516076; 14
9; r; 528260; 1088; 854; 124; 528259; 2
9; r; 534670; 1088; 910; 133; 534669; 4
9; r; 545573; 1088; 847; 122; 545572; 3
9; r; 559675; 1088; 484; 71; 559674; 9
9; r; 576985; 1088; 575; 80; 576984; 8
9; r; 618651; 1088; 485; 72; 618650; 5
9; r; 631470; 1088; 717; 101; 631469; 3
9; r; 633393; 1088; 834; 118; 633392; 7
9; r; 634034; 1088; 121; 16; 634033; 7
9; r; 642369; 1088; 513; 75; 642368; 5
9; r; 648139; 1088; 658; 93; 648138; 3
9; r; 652626; 1088; 209; 29; 652625; 7
9; r; 655190; 1088; 585; 82; 655189; 4
9; r; 666086; 1088; 294; 44; 666085; 6
9; r; 667368; 1088; 875; 126; 667367; 4
9; r; 671855; 1088; 657; 92; 671854; 7
9; r; 719922; 1088; 393; 61; 719921; 5
9; r; 746843; 1088; 841; 120; 746842; 5
9; r; 766713; 1088; 840; 119; 766712; 7
9; r; 769918; 1088; 601; 85; 769917; 8
9; r; 777608; 1088; 314; 47; 777607; 7
9; r; 782736; 1088; 739; 105; 782735; 5
9; r; 784018; 1088; 492; 73; 784017; 4
9; r; 785300; 1088; 518; 76; 785299; 6
9; r; 787864; 1088; 383; 59; 787863; 9
9; r; 789787; 1088; 619; 88; 789786; 5
9; r; 798760; 1088; 779; 113; 798759; 6
9; r; 805811; 1088; 960; 142; 805810; 7
9; r; 818630; 1088; 921; 134; 818629; 4
9; r; 830805; 1088; 774; 111; 830804; 4
9; r; 834009; 1088; 899; 131; 834008; 7
9; r; 846828; 1088; 388; 60; 846827; 6
9; r; 847469; 1088; 737; 104; 847468; 5
9; r; 848110; 1088; 417; 63; 848109; 7
9; r; 849392; 1088; 994; 148; 849391; 7
9; r; 855802; 1088; 1021; 154; 855801; 4
9; r; 1299891; 1088; 315; 48; 1299890; 10
9; r; 1324899; 1088; 221; 32; 1324898; 11
9; r; 1342207; 1088; 785; 290; 542206; 2
9; r; 1350541; 1088; 951; 138; 1350540; 5
9; r; 1363364; 1088; 888; 128; 1363363; 7
9; r; 1372337; 1088; 667; 95; 1372336; 6
9; r; 1376824; 1088; 713; 100; 1376823; 5
9; r; 1389644; 1088; 119; 15; 1389643; 11
9; r; 1406951; 1088; 340; 52; 1406950; 9
9; r; 1425540; 1088; 827; 116; 1425539; 7
9; r; 1428103; 1088; 343; 54; 1428102; 8
9; r; 1456306; 1088; 346; 56; 1456305; 11
9; r; 1462716; 1088; 327; 50; 1462715; 8
9; r; 1467846; 1088; 243; 34; 1467845; 12
9; r; 1487716; 1088; 122; 17; 1487715; 13
9; r; 1496691; 1088; 874; 125; 1496690; 6
9; r; 1510152; 1088; 50; 5; 1510151; 8
9; r; 1515279; 1088; 503; 74; 1515278; 9
9; r; 1519766; 1088; 700; 98; 1519765; 8
9; r; 1524253; 1088; 230; 33; 1524252; 8
9; r; 1527459; 1088; 805; 114; 1527458; 6
9; r; 1548609; 1088; 276; 40; 1548608; 7
9; r; 1551172; 1088; 440; 67; 1551171; 7
9; r; 1553096; 1088; 654; 277; 753095; 4
9; r; 1561426; 1088; 768; 110; 1561425; 6
9; r; 1570400; 1088; 958; 140; 1570399; 9
9; r; 1571041; 1088; 1001; 150; 1571040; 9
9; r; 1580015; 1088; 1060; 159; 1580014; 7
9; r; 1582579; 1088; 887; 304; 782578; 2
9; r; 1587066; 1088; 819; 294; 787065; 2
9; r; 1596039; 1088; 425; 64; 1596038; 6
9; r; 1597321; 1088; 775; 112; 1597320; 7
9; r; 1605013; 1088; 1049; 326; 805012; 2
9; r; 1618472; 1088; 483; 251; 818471; 5
9; r; 1623599; 1088; 281; 42; 1623598; 8
9; r; 1625522; 1088; 164; 23; 1625521; 7
9; r; 1628085; 1088; 728; 102; 1628084; 9
9; r; 1631290; 1088; 766; 108; 1631289; 6
9; r; 1638982; 1088; 696; 97; 1638981; 9
9; r; 1644110; 1088; 371; 58; 1644109; 8
9; r; 1654365; 1088; 344; 55; 1654364; 6
9; r; 1655006; 1088; 1065; 160; 1655005; 6
9; r; 2119090; 1088; 1075; 161; 2119089; 6
9; r; 2122938; 1088; 954; 139; 2122937; 6
9; r; 2124861; 1088; 262; 37; 2124860; 8
9; r; 2164604; 1088; 147; 21; 2164603; 10
9; r; 2170373; 1088; 679; 96; 2170372; 10
9; r; 2219092; 1088; 553; 258; 1419091; 4
9; r; 2223579; 1088; 279; 41; 2223578; 8
9; r; 2236399; 1088; 898; 130; 2236398; 7
9; r; 2247297; 1088; 997; 149; 2247296; 8
9; r; 2265885; 1088; 451; 68; 2265884; 9
9; r; 2284474; 1088; 1051; 157; 2284473; 7
9; r; 2290884; 1088; 342; 53; 2290883; 8
9; r; 2306908; 1088; 976; 145; 2306907; 12
9; r; 2319727; 1088; 830; 117; 2319726; 7
9; r; 2321650; 1088; 254; 35; 2321649; 7
9; r; 2326778; 1088; 568; 78; 2326777; 8
9; r; 2332547; 1088; 889; 305; 1532546; 3
9; r; 2337033; 1088; 752; 287; 1537032; 3
9; r; 2341519; 1088; 557; 260; 1541518; 3
9; r; 2353056; 1088; 385; 233; 1553055; 5
9; r; 2355619; 1088; 966; 144; 2355618; 12
9; r; 2359465; 1088; 642; 91; 2359464; 7
9; r; 2360747; 1088; 555; 259; 1560746; 4
9; r; 2362029; 1088; 146; 20; 2362028; 9
9; r; 2363952; 1088; 51; 6; 2363951; 12
9; r; 2365234; 1088; 811; 293; 1565233; 4
9; r; 2367156; 1088; 680; 282; 1567155; 6
9; r; 2372925; 1088; 145; 19; 2372924; 9
9; r; 2391515; 1088; 211; 30; 2391514; 10
9; r; 2397925; 1088; 594; 84; 2397924; 10
9; r; 2399848; 1088; 520; 77; 2399847; 8
9; r; 2407540; 1088; 1040; 156; 2407539; 7
9; r; 2419717; 1088; 156; 22; 2419716; 8
9; r; 2420358; 1088; 897; 129; 2420357; 12
9; r; 2424204; 1088; 513; 254; 1624203; 5
9; r; 2428049; 1088; 838; 297; 1628048; 4
9; r; 2433818; 1088; 733; 103; 2433817; 9
9; r; 2439587; 1088; 291; 43; 2439586; 6
9; r; 2441510; 1088; 77; 9; 2441509; 11
9; r; 2442151; 1088; 517; 255; 1642150; 4
9; r; 2442791; 1088; 763; 106; 2442790; 8
9; r; 2445355; 1088; 382; 231; 1645354; 5
9; r; 2452406; 1088; 78; 10; 2452405; 13
9; r; 2455611; 1088; 744; 286; 1655610; 4
9; r; 2456893; 1088; 666; 94; 2456892; 7
9; r; 2871120; 1088; 361; 57; 2871119; 13
9; r; 2885234; 1088; 944; 137; 2885233; 10
9; r; 2926271; 1088; 602; 86; 2926270; 9
9; r; 2937169; 1088; 313; 46; 2937168; 7
9; r; 2962170; 1088; 355; 223; 2162169; 5
9; r; 2979478; 1088; 1018; 322; 2179477; 5
9; r; 3012171; 1088; 36; 3; 3012170; 11
9; r; 3055120; 1088; 578; 268; 2255119; 5
9; r; 3056402; 1088; 452; 69; 3056401; 10
9; r; 3057043; 1088; 384; 232; 2257042; 6
9; r; 3074991; 1088; 342; 221; 2274990; 6
9; r; 3079478; 1088; 422; 240; 2279477; 6
9; r; 3084606; 1088; 437; 66; 3084605; 10
9; r; 3095501; 1088; 832; 295; 2295500; 7
9; r; 3109605; 1088; 407; 62; 3109604; 9
9; r; 3110887; 1088; 1081; 162; 3110886; 9
9; r; 3121141; 1088; 338; 51; 3121140; 10
9; r; 3126269; 1088; 171; 25; 3126268; 10
9; r; 3128192; 1088; 647; 275; 2328191; 5
9; r; 3149343; 1088; 169; 24; 3149342; 13
9; r; 3149984; 1088; 488; 252; 2349983; 5
9; r; 3152547; 1088; 319; 218; 2352546; 6
9; r; 3155111; 1088; 968; 315; 2355110; 7
9; r; 3156393; 1088; 716; 284; 2356392; 4
9; r; 3165366; 1088; 126; 18; 3165365; 11
9; r; 3166648; 1088; 959; 141; 3166647; 9
9; r; 3172417; 1088; 963; 313; 2372416; 8
9; r; 3173058; 1088; 434; 65; 3173057; 13
9; r; 3180109; 1088; 637; 273; 2380108; 6
9; r; 3188441; 1088; 271; 39; 3188440; 12
9; r; 3192287; 1088; 110; 13; 3192286; 11
9; r; 3202542; 1088; 220; 31; 3202541; 9
9; r; 3207030; 1088; 490; 253; 2407029; 5
9; r; 3208312; 1088; 42; 4; 3208311; 11
9; r; 3209594; 1088; 454; 245; 2409593; 6
9; r; 3212799; 1088; 575; 266; 2412798; 7
9; r; 3214080; 1088; 573; 265; 2414079; 7
9; r; 3215362; 1088; 194; 27; 3215361; 10
9; r; 3216003; 1088; 912; 308; 2416002; 5
9; r; 3222413; 1088; 577; 267; 2422412; 7
9; r; 3227541; 1088; 666; 280; 2427540; 7
9; r; 3240360; 1088; 482; 250; 2440359; 7
9; r; 3241642; 1088; 386; 234; 2441641; 6
9; r; 3244847; 1088; 845; 298; 2444846; 5
9; r; 3246770; 1088; 801; 292; 2446769; 6
9; r; 3249334; 1088; 100; 12; 3249333; 11
9; r; 3250616; 1088; 964; 314; 2450615; 6
9; r; 3253179; 1088; 210; 196; 2453178; 8
9; r; 3254461; 1088; 463; 247; 2454460; 10
9; r; 3260871; 1088; 836; 296; 2460870; 6
9; r; 3773871; 1088; 1026; 155; 3773870; 12
9; r; 3809128; 1088; 52; 169; 3009127; 9
9; r; 3814256; 1088; 297; 45; 3814255; 13
9; r; 3816820; 1088; 114; 182; 3016819; 8
9; r; 3818102; 1088; 1002; 320; 3018101; 9
9; r; 3841820; 1088; 105; 180; 3041819; 9
9; r; 3853358; 1088; 254; 205; 3053357; 7
9; r; 3861050; 1088; 353; 222; 3061049; 6
9; r; 3864896; 1088; 567; 263; 3064895; 7
9; r; 3912972; 1088; 208; 195; 3112971; 9
9; r; 3913613; 1088; 461; 246; 3113612; 7
9; r; 3932842; 1088; 157; 187; 3132841; 8
9; r; 3934124; 1088; 273; 211; 3134123; 8
9; r; 3950149; 1088; 364; 226; 3150148; 11
9; r; 3961044; 1088; 1027; 324; 3161043; 9
9; r; 3962326; 1088; 293; 215; 3162325; 6
9; r; 3962967; 1088; 328; 219; 3162966; 8
9; r; 3963608; 1088; 1058; 158; 3963607; 16
9; r; 3966813; 1088; 248; 204; 3166812; 8
9; r; 3969377; 1088; 861; 300; 3169376; 8
9; r; 3973223; 1088; 465; 248; 3173222; 12
9; r; 3995657; 1088; 49; 168; 3195656; 9
9; r; 3996939; 1088; 598; 270; 3196938; 9
9; r; 3998862; 1088; 365; 227; 3198861; 8
