iter; type; time slot; d_nodes; s_nodes; pid; nslot; nhop
0; r; 8352; 1088; 1041; 0; 7773; 5
0; r; 10274; 1088; 656; 1; 9387; 3
0; r; 26289; 1088; 614; 3; 25194; 4
0; r; 30774; 1088; 854; 23; 23711; 3
0; r; 43585; 1088; 876; 73; 22626; 3
0; r; 55118; 1088; 152; 24; 48053; 12
0; r; 63448; 1088; 1070; 57; 46204; 4
0; r; 64730; 1088; 956; 94; 37553; 1
0; r; 67292; 1088; 815; 95; 40078; 2
0; r; 69215; 1088; 131; 14; 64583; 7
0; r; 70496; 1088; 889; 56; 53391; 1
0; r; 74340; 1088; 344; 62; 56550; 6
0; r; 77545; 1088; 569; 61; 59764; 8
0; r; 79467; 1088; 995; 75; 58327; 6
0; r; 82671; 1088; 454; 17; 77368; 4
0; r; 107022; 1088; 888; 60; 89262; 1
0; r; 111508; 1088; 444; 18; 105613; 7
0; r; 123043; 1088; 687; 104; 94012; 3
0; r; 143548; 1088; 576; 67; 124758; 8
0; r; 152518; 1088; 1036; 26; 144919; 4
0; r; 153159; 1088; 353; 101; 124672; 9
0; r; 153800; 1088; 800; 15; 148961; 8
0; r; 155081; 1088; 1048; 47; 140087; 2
0; r; 172385; 1088; 935; 84; 148350; 6
0; r; 173026; 1088; 684; 105; 143987; 3
0; r; 589358; 1088; 773; 33; 578826; 4
0; r; 597688; 1088; 188; 45; 583737; 9
0; r; 598328; 1088; 776; 42; 585399; 9
0; r; 600891; 1088; 1030; 32; 590405; 10
0; r; 611787; 1088; 879; 76; 590058; 4
0; r; 631652; 1088; 989; 80; 608991; 10
0; r; 632292; 1088; 601; 29; 623319; 10
0; r; 639983; 1088; 557; 58; 622587; 9
0; r; 641265; 1088; 726; 54; 624308; 11
0; r; 643187; 1088; 706; 41; 630434; 8
0; r; 650876; 1088; 103; 25; 643706; 12
0; r; 657926; 1088; 265; 21; 651371; 12
0; r; 658567; 1088; 533; 93; 631779; 11
0; r; 664335; 1088; 257; 5; 662470; 8
0; r; 665617; 1088; 700; 112; 634326; 8
0; r; 680357; 1088; 627; 34; 669363; 10
0; r; 691892; 1088; 939; 7; 689799; 5
0; r; 698942; 1088; 644; 30; 688798; 11
0; r; 700224; 1088; 998; 36; 688696; 10
0; r; 705350; 1088; 612; 66; 686728; 10
0; r; 713041; 1088; 37; 55; 695962; 15
0; r; 718168; 1088; 741; 90; 691938; 5
0; r; 720732; 1088; 246; 16; 715854; 11
0; r; 723296; 1088; 46; 68; 704319; 11
0; r; 726501; 1088; 733; 108; 697039; 10
0; r; 728423; 1088; 109; 89; 702293; 9
0; r; 734832; 1088; 192; 37; 723272; 6
0; r; 754697; 1088; 228; 39; 742606; 7
0; r; 766872; 1088; 93; 40; 754516; 10
0; r; 770076; 1088; 232; 87; 745151; 10
0; r; 775842; 1088; 832; 71; 755860; 10
0; r; 779686; 1088; 475; 97; 751789; 15
0; r; 782248; 1088; 739; 85; 758053; 7
0; r; 788655; 1088; 988; 51; 772556; 15
0; r; 789936; 1088; 604; 103; 760928; 8
0; r; 791217; 1088; 751; 31; 780809; 13
0; r; 793139; 1088; 230; 49; 777682; 10
0; r; 805318; 1088; 371; 96; 777925; 9
0; r; 809805; 1088; 896; 82; 786355; 8
0; r; 811087; 1088; 907; 79; 788727; 7
0; r; 812369; 1088; 335; 64; 793959; 16
0; r; 818136; 1088; 686; 13; 813535; 6
0; r; 824544; 1088; 1056; 69; 804604; 8
0; r; 825185; 1088; 884; 99; 796860; 13
0; r; 829670; 1088; 746; 116; 797181; 9
0; r; 835437; 1088; 237; 106; 806274; 11
0; r; 837360; 1088; 113; 59; 819880; 8
0; r; 843767; 1088; 351; 113; 812091; 8
0; r; 859145; 1088; 953; 140; 52170; 1
0; r; 868117; 1088; 571; 74; 846988; 7
0; r; 871322; 1088; 224; 44; 857382; 8
0; r; 879011; 1088; 1067; 83; 855201; 6
0; r; 880933; 1088; 11; 86; 856509; 12
0; r; 888623; 1088; 963; 98; 860301; 7
0; r; 903364; 1088; 98; 52; 887238; 11
0; r; 907851; 1088; 373; 53; 891128; 8
0; r; 916182; 1088; 727; 22; 909498; 9
0; r; 921950; 1088; 181; 38; 910307; 8
0; r; 927717; 1088; 883; 119; 126850; 2
0; r; 942458; 1088; 792; 46; 927722; 10
0; r; 950150; 1088; 368; 115; 917833; 10
0; r; 963608; 1088; 341; 27; 955093; 10
0; r; 966813; 1088; 18; 81; 943976; 13
0; r; 970659; 1088; 672; 9; 967563; 9
0; r; 979632; 1088; 539; 114; 947838; 7
0; r; 980273; 1088; 414; 102; 951624; 8
0; r; 982836; 1088; 208; 88; 956932; 9
0; r; 1388348; 1088; 111; 35; 1377253; 12
0; r; 1408858; 1088; 100; 2; 1407929; 11
0; r; 1411422; 1088; 884; 216; 583097; 4
0; r; 1413985; 1088; 851; 120; 612721; 8
0; r; 1430004; 1088; 498; 48; 1414897; 15
0; r; 1430644; 1088; 581; 176; 611217; 5
0; r; 1434490; 1088; 427; 141; 627003; 4
0; r; 1438335; 1088; 429; 65; 1419758; 13
0; r; 1447309; 1088; 964; 50; 1431588; 13
0; r; 1463332; 1088; 665; 4; 1461928; 18
0; r; 1466536; 1088; 6; 70; 1446586; 13
0; r; 1467818; 1088; 701; 77; 1445964; 11
0; r; 1470382; 1088; 354; 171; 652365; 5
0; r; 1477433; 1088; 549; 217; 648853; 5
0; r; 1480637; 1088; 524; 159; 667184; 7
0; r; 1487045; 1088; 627; 150; 676051; 8
0; r; 1490889; 1088; 679; 149; 680290; 5
0; r; 1491530; 1088; 717; 201; 666462; 4
0; r; 1493453; 1088; 452; 136; 688372; 8
0; r; 1499861; 1088; 706; 156; 687108; 6
0; r; 1506269; 1088; 558; 168; 688975; 5
0; r; 1506910; 1088; 107; 121; 705591; 11
0; r; 1507551; 1088; 743; 157; 694659; 4
0; r; 1515242; 1088; 426; 218; 686354; 7
0; r; 1516524; 1088; 602; 124; 714918; 6
0; r; 1531266; 1088; 240; 12; 1527169; 12
0; r; 1532548; 1088; 564; 181; 711376; 10
0; r; 1534470; 1088; 900; 127; 731722; 7
0; r; 1536392; 1088; 406; 134; 731905; 8
0; r; 1551132; 1088; 1074; 209; 723889; 6
0; r; 1564587; 1088; 638; 72; 1544521; 12
0; r; 1576761; 1088; 299; 78; 1554646; 11
0; r; 1587013; 1088; 439; 186; 765085; 7
0; r; 1592139; 1088; 990; 43; 1578491; 13
0; r; 1594061; 1088; 667; 138; 787781; 7
0; r; 1595983; 1088; 793; 222; 764800; 8
0; r; 1598546; 1088; 545; 148; 788205; 6
0; r; 1600468; 1088; 184; 169; 782861; 7
0; r; 1601750; 1088; 868; 139; 795418; 5
0; r; 1603032; 1088; 395; 142; 795421; 6
0; r; 1607519; 1088; 275; 210; 780252; 9
0; r; 1613286; 1088; 1062; 122; 811948; 8
0; r; 1615849; 1088; 733; 220; 786387; 8
0; r; 1619694; 1088; 842; 191; 797120; 6
0; r; 1623540; 1088; 510; 215; 795327; 8
0; r; 1624180; 1088; 428; 198; 799982; 7
0; r; 1628026; 1088; 896; 192; 804576; 7
0; r; 1628667; 1088; 575; 206; 801639; 6
0; r; 1631870; 1088; 503; 110; 1600869; 9
0; r; 1634433; 1088; 384; 133; 830083; 6
0; r; 1635074; 1088; 139; 92; 1608346; 14
0; r; 1636356; 1088; 320; 205; 809499; 7
0; r; 1640202; 1088; 108; 20; 1633864; 12
0; r; 1644047; 1088; 920; 189; 821704; 7
0; r; 1650455; 1088; 603; 202; 825186; 6
0; r; 1655582; 1088; 793; 111; 1624399; 10
0; r; 1656864; 1088; 805; 172; 838830; 7
0; r; 1658146; 1088; 325; 123; 856543; 7
0; r; 1658787; 1088; 810; 183; 837099; 4
0; r; 1666478; 1088; 88; 190; 843919; 11
0; r; 1680577; 1088; 764; 132; 876348; 7
0; r; 1695959; 1088; 350; 196; 872005; 5
0; r; 1696600; 1088; 181; 151; 884957; 7
0; r; 1697241; 1088; 548; 173; 878583; 5
0; r; 1704930; 1088; 522; 126; 902480; 6
0; r; 1710058; 1088; 382; 204; 883367; 6
0; r; 1720953; 1088; 290; 167; 903926; 8
0; r; 1725440; 1088; 771; 180; 904568; 6
0; r; 1731208; 1088; 721; 154; 918952; 6
0; r; 1733130; 1088; 636; 147; 924149; 8
0; r; 1756203; 1088; 670; 164; 940265; 12
0; r; 1758126; 1088; 745; 225; 925372; 6
0; r; 1767740; 1088; 1055; 213; 939826; 4
0; r; 1769021; 1088; 306; 163; 953751; 10
0; r; 1774149; 1088; 544; 211; 946851; 6
0; r; 1786969; 1088; 267; 224; 954559; 10
0; r; 2203737; 1088; 654; 175; 1384811; 7
0; r; 2212069; 1088; 762; 137; 1406143; 11
0; r; 2220399; 1088; 730; 107; 2191059; 12
0; r; 2229370; 1088; 29; 135; 1424415; 9
0; r; 2230652; 1088; 308; 221; 1399611; 11
0; r; 2242190; 1088; 792; 162; 1427454; 9
0; r; 2255007; 1088; 375; 203; 1429144; 9
0; r; 2258211; 1088; 48; 208; 1431048; 17
0; r; 2260775; 1088; 10; 145; 1452125; 12
0; r; 2285128; 1088; 432; 146; 1476222; 12
0; r; 2293460; 1088; 379; 197; 1469337; 13
0; r; 2297946; 1088; 66; 143; 1489855; 16
0; r; 2299869; 1088; 491; 152; 1488051; 8
0; r; 2302433; 1088; 630; 207; 1475378; 9
0; r; 2306278; 1088; 1061; 195; 1482507; 10
0; r; 2307560; 1088; 132; 194; 1483857; 13
0; r; 2308201; 1088; 288; 178; 1487764; 9
0; r; 2313329; 1088; 374; 153; 1501339; 9
0; r; 2315251; 1088; 371; 212; 1487858; 12
0; r; 2321661; 1088; 16; 200; 1496696; 19
0; r; 2328071; 1088; 735; 128; 1525052; 10
0; r; 2328712; 1088; 477; 182; 1507384; 13
0; r; 2329353; 1088; 91; 125; 1527240; 10
0; r; 2333839; 1088; 170; 185; 1511911; 12
0; r; 2335121; 1088; 529; 188; 1512956; 9
0; r; 2343453; 1088; 62; 130; 1540135; 18
0; r; 2344737; 1088; 145; 166; 1528041; 13
0; r; 2346660; 1088; 20; 155; 1534045; 16
0; r; 2348583; 1088; 598; 174; 1529777; 8
0; r; 2351788; 1088; 1038; 193; 1528196; 9
0; r; 2371659; 1088; 272; 177; 1551820; 10
0; r; 2403705; 1088; 1066; 144; 1595182; 20
0; r; 2406269; 1088; 518; 131; 1602638; 10
0; r; 2446009; 1088; 552; 214; 1618047; 8
0; r; 2463325; 1088; 433; 158; 1650374; 18
0; r; 2466531; 1088; 262; 165; 1650523; 10
0; r; 2474228; 1088; 676; 187; 1652181; 11
0; r; 2476794; 1088; 31; 129; 1295189; 23
0; r; 2546980; 1088; 234; 199; 1722349; 15
1; r; 11531; 1088; 1048; 114; 11530; 2
1; r; 28829; 1088; 692; 73; 28828; 4
1; r; 30110; 1088; 752; 82; 30109; 3
1; r; 32672; 1088; 705; 74; 32671; 7
1; r; 38440; 1088; 378; 44; 38439; 7
1; r; 39722; 1088; 743; 80; 39721; 5
1; r; 42285; 1088; 821; 90; 42284; 2
1; r; 48691; 1088; 944; 101; 48690; 3
1; r; 50613; 1088; 945; 102; 50612; 2
1; r; 55098; 1088; 27; 2; 55097; 7
1; r; 62788; 1088; 1022; 111; 62787; 1
1; r; 69196; 1088; 891; 98; 69195; 8
1; r; 73040; 1088; 783; 86; 73039; 3
1; r; 89061; 1088; 459; 52; 89060; 5
1; r; 492686; 1088; 656; 69; 492685; 3
1; r; 493327; 1088; 1013; 109; 493326; 2
1; r; 501019; 1088; 394; 47; 501018; 6
1; r; 508071; 1088; 869; 96; 508070; 8
1; r; 531148; 1088; 768; 83; 531147; 11
1; r; 539481; 1088; 202; 22; 539480; 13
1; r; 544609; 1088; 445; 50; 544608; 7
1; r; 545250; 1088; 900; 99; 545249; 6
1; r; 592676; 1088; 1008; 107; 592675; 13
1; r; 593317; 1088; 1032; 112; 593316; 10
1; r; 597162; 1088; 1080; 119; 597161; 4
1; r; 618952; 1088; 926; 100; 618951; 9
1; r; 622156; 1088; 299; 33; 622155; 13
1; r; 624719; 1088; 562; 59; 624718; 10
1; r; 631769; 1088; 104; 7; 631768; 12
1; r; 647790; 1088; 308; 36; 647789; 9
1; r; 653558; 1088; 876; 97; 653557; 5
1; r; 658044; 1088; 297; 32; 658043; 10
1; r; 664451; 1088; 149; 12; 664450; 11
1; r; 665733; 1088; 120; 9; 665732; 11
1; r; 678549; 1088; 201; 21; 678548; 14
1; r; 694570; 1088; 309; 37; 694569; 9
1; r; 700337; 1088; 271; 27; 700336; 10
1; r; 700978; 1088; 831; 92; 700977; 11
1; r; 704824; 1088; 141; 11; 704823; 15
1; r; 709950; 1088; 727; 76; 709949; 11
1; r; 716359; 1088; 40; 3; 716358; 14
1; r; 727894; 1088; 1014; 110; 727893; 4
1; r; 734304; 1088; 645; 67; 734303; 6
1; r; 736867; 1088; 169; 16; 736866; 12
1; r; 743275; 1088; 771; 84; 743274; 6
1; r; 745198; 1088; 478; 55; 745197; 7
1; r; 747120; 1088; 1079; 118; 747119; 5
1; r; 752887; 1088; 566; 60; 752886; 10
1; r; 753528; 1088; 628; 65; 753527; 13
1; r; 756090; 1088; 664; 70; 756089; 13
1; r; 759936; 1088; 624; 64; 759935; 6
1; r; 760577; 1088; 744; 81; 760576; 7
1; r; 761218; 1088; 586; 61; 761217; 5
1; r; 769550; 1088; 484; 56; 769549; 6
1; r; 770832; 1088; 197; 20; 770831; 13
1; r; 772755; 1088; 227; 23; 772754; 7
1; r; 774037; 1088; 713; 75; 774036; 10
1; r; 779803; 1088; 630; 66; 779802; 8
1; r; 788774; 1088; 735; 78; 788773; 8
1; r; 792619; 1088; 490; 57; 792618; 6
1; r; 797744; 1088; 456; 51; 797743; 6
1; r; 800948; 1088; 516; 58; 800947; 11
1; r; 804152; 1088; 193; 19; 804151; 6
1; r; 804793; 1088; 1064; 116; 804792; 12
1; r; 813125; 1088; 154; 13; 813124; 9
1; r; 818251; 1088; 958; 104; 818250; 7
1; r; 841320; 1088; 1035; 113; 841319; 12
1; r; 848368; 1088; 158; 14; 848367; 7
1; r; 852853; 1088; 340; 40; 852852; 12
1; r; 856699; 1088; 280; 30; 856698; 9
1; r; 857340; 1088; 409; 48; 857339; 8
1; r; 860545; 1088; 832; 93; 860544; 8
1; r; 866954; 1088; 107; 8; 866953; 13
1; r; 867595; 1088; 472; 54; 867594; 10
1; r; 869518; 1088; 139; 10; 869517; 11
1; r; 872722; 1088; 78; 6; 872721; 11
1; r; 879130; 1088; 850; 94; 879129; 9
1; r; 1303219; 1088; 1077; 215; 503218; 2
1; r; 1307706; 1088; 957; 103; 1307705; 12
1; r; 1308988; 1088; 786; 88; 1308987; 11
1; r; 1312193; 1088; 24; 1; 1312192; 12
1; r; 1342323; 1088; 822; 186; 542322; 2
1; r; 1343605; 1088; 685; 175; 543604; 3
1; r; 1350655; 1088; 822; 91; 1350654; 8
1; r; 1355140; 1088; 910; 198; 555139; 4
1; r; 1361550; 1088; 1018; 210; 561549; 1
1; r; 1369881; 1088; 676; 71; 1369880; 9
1; r; 1374367; 1088; 954; 204; 574366; 1
1; r; 1378213; 1088; 159; 15; 1378212; 14
1; r; 1378853; 1088; 41; 4; 1378852; 13
1; r; 1387823; 1088; 736; 79; 1387822; 12
1; r; 1398718; 1088; 973; 206; 598717; 4
1; r; 1399998; 1088; 833; 188; 599997; 6
1; r; 1407047; 1088; 332; 39; 1407046; 9
1; r; 1410893; 1088; 850; 190; 610892; 4
1; r; 1414738; 1088; 989; 208; 614737; 2
1; r; 1423069; 1088; 358; 41; 1423068; 10
1; r; 1440373; 1088; 977; 106; 1440372; 17
1; r; 1454472; 1088; 9; 0; 1454471; 14
1; r; 1478826; 1088; 784; 182; 678825; 4
1; r; 1480748; 1088; 291; 31; 1480747; 8
1; r; 1489080; 1088; 546; 168; 689079; 5
1; r; 1490361; 1088; 492; 163; 690360; 5
1; r; 1495488; 1088; 591; 63; 1495487; 11
1; r; 1500616; 1088; 1011; 108; 1500615; 13
1; r; 1505102; 1088; 1080; 216; 705101; 4
1; r; 1510228; 1088; 472; 160; 710227; 7
1; r; 1511510; 1088; 523; 165; 711509; 6
1; r; 1523046; 1088; 930; 202; 723045; 8
1; r; 1526251; 1088; 622; 171; 726250; 4
1; r; 1538427; 1088; 870; 193; 738426; 7
1; r; 1539709; 1088; 269; 26; 1539708; 14
1; r; 1544835; 1088; 949; 203; 744834; 3
1; r; 1551883; 1088; 457; 159; 751882; 6
1; r; 1553806; 1088; 55; 122; 753805; 10
1; r; 1554447; 1088; 470; 53; 1554446; 9
1; r; 1555729; 1088; 439; 155; 755728; 7
1; r; 1557011; 1088; 273; 28; 1557010; 11
1; r; 1560214; 1088; 421; 150; 760213; 6
1; r; 1571748; 1088; 490; 162; 771747; 5
1; r; 1573030; 1088; 722; 178; 773029; 4
1; r; 1574953; 1088; 784; 87; 1574952; 11
1; r; 1575594; 1088; 744; 180; 775593; 5
1; r; 1576235; 1088; 31; 121; 776234; 8
1; r; 1577516; 1088; 831; 187; 777515; 8
1; r; 1578798; 1088; 211; 136; 778797; 10
1; r; 1588410; 1088; 304; 35; 1588409; 15
1; r; 1589051; 1088; 236; 140; 789050; 8
1; r; 1592256; 1088; 1034; 213; 792255; 6
1; r; 1592897; 1088; 292; 143; 792896; 11
1; r; 1597383; 1088; 442; 156; 797382; 6
1; r; 1598024; 1088; 434; 152; 798023; 7
1; r; 1608277; 1088; 911; 199; 808276; 4
1; r; 1609559; 1088; 172; 133; 809558; 7
1; r; 1614684; 1088; 1001; 209; 814683; 6
1; r; 1615966; 1088; 220; 137; 815965; 8
1; r; 1617247; 1088; 853; 191; 817246; 3
1; r; 1619170; 1088; 978; 207; 819169; 4
1; r; 1623656; 1088; 541; 166; 823655; 6
1; r; 1625578; 1088; 899; 196; 825577; 6
1; r; 1626219; 1088; 820; 185; 826218; 3
1; r; 1626860; 1088; 685; 72; 1626859; 9
1; r; 1628142; 1088; 964; 205; 828141; 7
1; r; 1630064; 1088; 1076; 117; 1630063; 14
1; r; 1633268; 1088; 893; 195; 833267; 10
1; r; 1633909; 1088; 365; 42; 1633908; 13
1; r; 1634550; 1088; 436; 153; 834549; 8
1; r; 1642882; 1088; 20; 120; 842881; 8
1; r; 1646728; 1088; 1059; 115; 1646727; 9
1; r; 1647368; 1088; 162; 131; 847367; 8
1; r; 1648009; 1088; 684; 174; 848008; 6
1; r; 1648650; 1088; 803; 184; 848649; 6
1; r; 1649291; 1088; 279; 142; 849290; 7
1; r; 1673005; 1088; 542; 167; 873004; 6
1; r; 1676209; 1088; 914; 200; 876208; 5
1; r; 1678131; 1088; 419; 149; 878130; 8
1; r; 1682617; 1088; 58; 123; 882616; 9
1; r; 1684540; 1088; 858; 192; 884539; 8
1; r; 2092807; 1088; 278; 29; 2092806; 15
1; r; 2115884; 1088; 774; 85; 2115883; 19
1; r; 2129984; 1088; 403; 148; 1329983; 8
1; r; 2134471; 1088; 702; 177; 1334470; 10
1; r; 2137036; 1088; 590; 62; 2137035; 14
1; r; 2177415; 1088; 633; 172; 1377414; 13
1; r; 2179338; 1088; 873; 194; 1379337; 6
1; r; 2199206; 1088; 759; 181; 1399205; 9
1; r; 2217793; 1088; 429; 151; 1417792; 12
1; r; 2220998; 1088; 372; 147; 1420997; 11
1; r; 2228047; 1088; 1056; 214; 1428046; 9
1; r; 2229329; 1088; 840; 189; 1429328; 10
1; r; 2248558; 1088; 72; 124; 1103105; 12
1; r; 2254967; 1088; 483; 161; 1454966; 10
1; r; 2267787; 1088; 735; 179; 1467786; 13
1; r; 2269711; 1088; 228; 138; 1469710; 11
1; r; 2272275; 1088; 301; 145; 1472274; 12
1; r; 2276761; 1088; 796; 183; 1476760; 10
1; r; 2282531; 1088; 142; 129; 1482530; 15
1; r; 2285094; 1088; 448; 158; 1485093; 11
1; r; 2288940; 1088; 91; 127; 1488939; 13
1; r; 2316497; 1088; 386; 46; 2316496; 18
1; r; 2328674; 1088; 76; 125; 1528673; 13
1; r; 2331879; 1088; 190; 135; 1531878; 9
1; r; 2332519; 1088; 295; 144; 1532518; 9
1; r; 2342133; 1088; 699; 176; 1542132; 11
1; r; 2369695; 1088; 80; 126; 1569694; 11
1; r; 2384437; 1088; 168; 132; 1584436; 16
1; r; 2398539; 1088; 505; 164; 1598538; 10
1; r; 2401744; 1088; 904; 197; 1601743; 11
1; r; 2407514; 1088; 446; 157; 1607513; 9
1; r; 2410718; 1088; 139; 128; 1610717; 13
1; r; 2429313; 1088; 1029; 212; 1629312; 12
1; r; 2439571; 1088; 251; 141; 1639570; 10
1; r; 2443417; 1088; 368; 146; 1643416; 12
1; r; 2479999; 1088; 183; 134; 1679998; 16
1; r; 2896386; 1088; 1027; 211; 1701256; 19
2; r; 3207; 1088; 952; 114; 3206; 1
2; r; 15379; 1088; 923; 110; 15378; 1
2; r; 16660; 1088; 32; 6; 16659; 9
2; r; 22425; 1088; 737; 96; 22424; 6
2; r; 24988; 1088; 973; 116; 24987; 4
2; r; 30754; 1088; 362; 55; 30753; 6
2; r; 41644; 1088; 852; 108; 41643; 2
2; r; 43567; 1088; 580; 76; 43566; 6
2; r; 46771; 1088; 716; 92; 46770; 3
2; r; 51257; 1088; 1052; 124; 51256; 1
2; r; 52539; 1088; 753; 97; 52538; 2
2; r; 61510; 1088; 978; 117; 61509; 3
2; r; 62151; 1088; 983; 118; 62150; 2
2; r; 67276; 1088; 93; 17; 67275; 9
2; r; 68558; 1088; 194; 30; 68557; 9
2; r; 69199; 1088; 212; 34; 69198; 7
2; r; 73042; 1088; 755; 98; 73041; 2
2; r; 76885; 1088; 1085; 128; 76884; 1
2; r; 77526; 1088; 634; 84; 77525; 7
2; r; 78167; 1088; 946; 113; 78166; 3
2; r; 80729; 1088; 1035; 123; 80728; 6
2; r; 83932; 1088; 819; 104; 83931; 2
2; r; 91622; 1088; 686; 89; 91621; 3
2; r; 92263; 1088; 83; 15; 92262; 9
2; r; 94186; 1088; 554; 72; 94185; 3
2; r; 96109; 1088; 21; 3; 96108; 7
2; r; 101875; 1088; 682; 88; 101874; 7
2; r; 105719; 1088; 1084; 127; 105718; 1
2; r; 118535; 1088; 718; 93; 118534; 4
2; r; 122379; 1088; 159; 26; 122378; 9
2; r; 131351; 1088; 310; 45; 131350; 12
2; r; 151218; 1088; 439; 63; 151217; 7
2; r; 162111; 1088; 557; 73; 162110; 4
2; r; 163393; 1088; 604; 80; 163392; 8
2; r; 171081; 1088; 1001; 121; 171080; 5
2; r; 208892; 1088; 415; 61; 208891; 6
2; r; 212737; 1088; 286; 40; 212736; 8
2; r; 224275; 1088; 446; 65; 224274; 7
2; r; 227480; 1088; 290; 42; 227479; 5
2; r; 237092; 1088; 637; 85; 237091; 6
2; r; 271061; 1088; 586; 78; 271060; 5
2; r; 287726; 1088; 607; 81; 287725; 6
2; r; 333877; 1088; 401; 60; 333876; 9
2; r; 336441; 1088; 494; 69; 336440; 5
2; r; 755457; 1088; 370; 57; 755456; 10
2; r; 760584; 1088; 797; 103; 760583; 12
2; r; 763148; 1088; 319; 48; 763147; 11
2; r; 768916; 1088; 795; 102; 768915; 11
2; r; 769557; 1088; 781; 101; 769556; 6
2; r; 780451; 1088; 646; 86; 780450; 13
2; r; 781092; 1088; 625; 82; 781091; 5
2; r; 782374; 1088; 578; 75; 782373; 11
2; r; 785577; 1088; 158; 25; 785576; 9
2; r; 790064; 1088; 354; 54; 790063; 11
2; r; 792628; 1088; 677; 87; 792627; 9
2; r; 794551; 1088; 74; 13; 794550; 12
2; r; 803523; 1088; 828; 105; 803522; 8
2; r; 804164; 1088; 730; 95; 804163; 7
2; r; 806087; 1088; 116; 21; 806086; 9
2; r; 807369; 1088; 73; 12; 807368; 15
2; r; 808010; 1088; 394; 59; 808009; 6
2; r; 812495; 1088; 575; 74; 812494; 7
2; r; 815699; 1088; 1086; 129; 815698; 12
2; r; 817621; 1088; 424; 62; 817620; 6
2; r; 818902; 1088; 312; 46; 818901; 10
2; r; 819543; 1088; 145; 24; 819542; 10
2; r; 824670; 1088; 470; 66; 824669; 9
2; r; 836845; 1088; 214; 35; 836844; 11
2; r; 847100; 1088; 112; 19; 847099; 9
2; r; 850945; 1088; 299; 44; 850944; 12
2; r; 856713; 1088; 515; 71; 856712; 6
2; r; 857995; 1088; 161; 27; 857994; 6
2; r; 861200; 1088; 229; 36; 861199; 7
2; r; 863763; 1088; 444; 64; 863762; 7
2; r; 865686; 1088; 314; 47; 865685; 6
2; r; 870812; 1088; 760; 99; 870811; 8
2; r; 875938; 1088; 932; 112; 875937; 8
2; r; 885550; 1088; 727; 94; 885549; 12
2; r; 887473; 1088; 1000; 120; 887472; 6
2; r; 888114; 1088; 57; 9; 888113; 14
2; r; 890677; 1088; 15; 2; 890676; 9
2; r; 891959; 1088; 890; 202; 91958; 1
2; r; 897727; 1088; 351; 51; 897726; 7
2; r; 899009; 1088; 352; 52; 899008; 9
2; r; 899650; 1088; 958; 115; 899649; 9
2; r; 900932; 1088; 241; 38; 900931; 8
2; r; 906060; 1088; 342; 50; 906059; 8
2; r; 911186; 1088; 203; 33; 911185; 13
2; r; 911827; 1088; 30; 5; 911826; 9
2; r; 914390; 1088; 887; 109; 914389; 16
2; r; 915031; 1088; 924; 111; 915030; 8
2; r; 920159; 1088; 1058; 125; 920158; 9
2; r; 922082; 1088; 994; 119; 922081; 15
2; r; 923364; 1088; 473; 67; 923363; 8
2; r; 924005; 1088; 79; 14; 924004; 9
2; r; 944512; 1088; 196; 31; 944511; 11
2; r; 951562; 1088; 703; 91; 951561; 8
2; r; 955408; 1088; 29; 4; 955407; 8
2; r; 956049; 1088; 259; 39; 956048; 12
2; r; 961175; 1088; 168; 28; 961174; 12
2; r; 962457; 1088; 198; 32; 962456; 13
2; r; 963098; 1088; 819; 198; 163097; 2
2; r; 989372; 1088; 855; 200; 189371; 2
2; r; 994500; 1088; 1065; 126; 994499; 21
2; r; 1000269; 1088; 67; 11; 1000268; 13
2; r; 1004114; 1088; 141; 23; 1004113; 11
2; r; 1022060; 1088; 110; 18; 1022059; 11
2; r; 1033597; 1088; 713; 187; 233596; 3
2; r; 1047697; 1088; 1080; 224; 247696; 2
2; r; 1059875; 1088; 1043; 218; 259874; 3
2; r; 1074617; 1088; 903; 203; 274616; 5
2; r; 1088078; 1088; 54; 8; 1088077; 12
2; r; 1098976; 1088; 135; 22; 1098975; 12
2; r; 1127181; 1088; 7; 0; 1127180; 11
2; r; 1132309; 1088; 36; 7; 1132308; 10
2; r; 1147055; 1088; 921; 205; 347054; 3
2; r; 1557057; 1088; 967; 210; 757056; 5
2; r; 1563464; 1088; 904; 204; 763463; 6
2; r; 1564745; 1088; 708; 186; 764744; 6
2; r; 1567308; 1088; 599; 176; 767307; 9
2; r; 1567948; 1088; 507; 168; 767947; 8
2; r; 1568589; 1088; 112; 140; 768588; 10
2; r; 1571153; 1088; 725; 188; 771152; 3
2; r; 1571794; 1088; 474; 167; 771793; 7
2; r; 1573716; 1088; 116; 141; 773715; 7
2; r; 1576280; 1088; 191; 148; 776279; 9
2; r; 1580765; 1088; 544; 172; 780764; 5
2; r; 1583969; 1088; 348; 158; 783968; 9
2; r; 1587814; 1088; 352; 161; 787813; 6
2; r; 1588455; 1088; 287; 41; 1588454; 9
2; r; 1589736; 1088; 668; 183; 789735; 7
2; r; 1592940; 1088; 188; 147; 792939; 8
2; r; 1596144; 1088; 984; 211; 796143; 8
2; r; 1598708; 1088; 568; 175; 798707; 11
2; r; 1599990; 1088; 81; 137; 799989; 9
2; r; 1600631; 1088; 298; 43; 1600630; 11
2; r; 1603194; 1088; 965; 209; 803193; 8
2; r; 1607039; 1088; 369; 163; 807038; 9
2; r; 1613448; 1088; 387; 58; 1613447; 9
2; r; 1616653; 1088; 652; 180; 816652; 9
2; r; 1620497; 1088; 539; 171; 820496; 7
2; r; 1622420; 1088; 149; 145; 822419; 10
2; r; 1623701; 1088; 113; 20; 1623700; 13
2; r; 1624342; 1088; 1035; 216; 824341; 4
2; r; 1625624; 1088; 351; 160; 825623; 8
2; r; 1627547; 1088; 843; 199; 827546; 9
2; r; 1632034; 1088; 549; 173; 832033; 5
2; r; 1636520; 1088; 767; 193; 836519; 12
2; r; 1650620; 1088; 928; 207; 850619; 11
2; r; 1653824; 1088; 783; 194; 853823; 10
2; r; 1657670; 1088; 405; 164; 857669; 7
2; r; 1661514; 1088; 1070; 222; 861513; 8
2; r; 1662796; 1088; 737; 191; 862795; 7
2; r; 1667282; 1088; 1049; 220; 867281; 10
2; r; 1667923; 1088; 704; 185; 867922; 8
2; r; 1670487; 1088; 788; 195; 870486; 6
2; r; 1671769; 1088; 197; 149; 871768; 6
2; r; 1673691; 1088; 218; 151; 873690; 7
2; r; 1679459; 1088; 34; 133; 879458; 17
2; r; 1685227; 1088; 354; 162; 885226; 10
2; r; 1689073; 1088; 57; 134; 889072; 10
2; r; 1690354; 1088; 120; 142; 890353; 9
2; r; 1691636; 1088; 506; 70; 1691635; 13
2; r; 1692277; 1088; 1038; 217; 892276; 6
2; r; 1706374; 1088; 1068; 221; 906373; 4
2; r; 1725600; 1088; 19; 131; 925599; 9
2; r; 1726240; 1088; 998; 212; 926239; 6
2; r; 1731368; 1088; 804; 197; 931367; 6
2; r; 1738417; 1088; 22; 132; 938416; 9
2; r; 1745467; 1088; 601; 177; 945466; 8
2; r; 1748031; 1088; 84; 16; 1748030; 10
2; r; 1756362; 1088; 667; 182; 956361; 7
2; r; 1757003; 1088; 12; 130; 957002; 9
2; r; 1761489; 1088; 1030; 215; 961488; 6
2; r; 1769822; 1088; 766; 192; 969821; 8
2; r; 1771104; 1088; 146; 144; 971103; 10
2; r; 1793536; 1088; 442; 165; 993535; 10
2; r; 1794176; 1088; 335; 157; 994175; 10
2; r; 1796099; 1088; 924; 206; 996098; 10
2; r; 1798663; 1088; 618; 178; 998662; 8
2; r; 1829430; 1088; 1075; 223; 1029429; 7
2; r; 1836481; 1088; 734; 190; 1036480; 8
2; r; 1846094; 1088; 311; 155; 1046093; 8
2; r; 1853787; 1088; 703; 184; 1053786; 6
2; r; 1858274; 1088; 349; 159; 1058273; 8
2; r; 1859556; 1088; 74; 135; 1059555; 10
2; r; 1862121; 1088; 447; 166; 1062120; 8
2; r; 1871736; 1088; 665; 181; 1071735; 10
2; r; 1881353; 1088; 528; 169; 1081352; 10
2; r; 1902509; 1088; 1028; 214; 1102508; 12
2; r; 1908278; 1088; 944; 208; 1108277; 11
2; r; 1932658; 1088; 795; 196; 1132657; 9
2; r; 2360155; 1088; 864; 201; 1560154; 9
2; r; 2366565; 1088; 280; 153; 1566564; 20
2; r; 2378745; 1088; 298; 154; 1578744; 15
2; r; 2385154; 1088; 240; 152; 1585153; 10
2; r; 2387077; 1088; 137; 143; 1587076; 14
2; r; 2396050; 1088; 200; 150; 1596049; 11
2; r; 2426821; 1088; 651; 179; 1626820; 18
2; r; 2462734; 1088; 563; 174; 1662733; 14
3; r; 8971; 1088; 457; 56; 8970; 5
3; r; 21144; 1088; 394; 48; 21143; 6
3; r; 24346; 1088; 161; 18; 24345; 8
3; r; 29470; 1088; 781; 93; 29469; 4
3; r; 34596; 1088; 68; 6; 34595; 11
3; r; 35877; 1088; 418; 52; 35876; 6
3; r; 39080; 1088; 708; 80; 39079; 5
3; r; 43564; 1088; 784; 94; 43563; 3
3; r; 467552; 1088; 749; 90; 467551; 6
3; r; 495119; 1088; 625; 72; 495118; 14
3; r; 506021; 1088; 72; 7; 506020; 13
3; r; 523330; 1088; 733; 86; 523329; 7
3; r; 531662; 1088; 622; 70; 531661; 3
3; r; 554734; 1088; 672; 75; 554733; 11
3; r; 559221; 1088; 691; 78; 559220; 9
3; r; 561784; 1088; 184; 23; 561783; 10
3; r; 572038; 1088; 333; 41; 572037; 9
3; r; 575882; 1088; 332; 40; 575881; 9
3; r; 577163; 1088; 77; 9; 577162; 9
3; r; 604724; 1088; 928; 101; 604723; 6
3; r; 639332; 1088; 1003; 103; 639331; 5
3; r; 642537; 1088; 728; 84; 642536; 9
3; r; 646382; 1088; 639; 73; 646381; 6
3; r; 651509; 1088; 698; 79; 651508; 8
3; r; 653431; 1088; 740; 88; 653430; 7
3; r; 659200; 1088; 82; 10; 659199; 11
3; r; 661123; 1088; 780; 92; 661122; 8
3; r; 662405; 1088; 173; 20; 662404; 12
3; r; 670734; 1088; 48; 3; 670733; 11
3; r; 673298; 1088; 221; 31; 673297; 6
3; r; 675221; 1088; 562; 67; 675220; 9
3; r; 690600; 1088; 406; 50; 690599; 8
3; r; 695727; 1088; 1033; 105; 695726; 8
3; r; 709186; 1088; 709; 81; 709185; 5
3; r; 711109; 1088; 481; 59; 711108; 11
3; r; 725207; 1088; 726; 83; 725206; 9
3; r; 748918; 1088; 392; 47; 748917; 12
3; r; 750840; 1088; 90; 11; 750839; 8
3; r; 753403; 1088; 1030; 104; 753402; 8
3; r; 757248; 1088; 878; 99; 757247; 6
3; r; 764297; 1088; 281; 37; 764296; 7
3; r; 766861; 1088; 408; 51; 766860; 13
3; r; 771346; 1088; 263; 35; 771345; 10
3; r; 773268; 1088; 383; 46; 773267; 10
3; r; 783523; 1088; 557; 65; 783522; 11
3; r; 811722; 1088; 684; 76; 811721; 5
3; r; 813644; 1088; 28; 1; 813643; 16
3; r; 817488; 1088; 59; 4; 817487; 9
3; r; 818129; 1088; 147; 16; 818128; 11
3; r; 819410; 1088; 151; 17; 819409; 8
3; r; 825176; 1088; 800; 96; 825175; 9
3; r; 825817; 1088; 597; 68; 825816; 12
3; r; 830302; 1088; 441; 54; 830301; 10
3; r; 830943; 1088; 343; 42; 830942; 10
3; r; 831584; 1088; 372; 44; 831583; 7
3; r; 839913; 1088; 243; 34; 839912; 11
3; r; 846962; 1088; 561; 66; 846961; 11
3; r; 1274983; 1088; 517; 62; 1274982; 12
3; r; 1285878; 1088; 624; 71; 1285877; 9
3; r; 1309596; 1088; 816; 97; 1309595; 7
3; r; 1317287; 1088; 922; 192; 517286; 1
3; r; 1317928; 1088; 755; 91; 1317927; 11
3; r; 1318570; 1088; 463; 57; 1318569; 12
3; r; 1322416; 1088; 621; 69; 1322415; 12
3; r; 1326902; 1088; 687; 77; 1326901; 13
3; r; 1332671; 1088; 737; 87; 1332670; 9
3; r; 1343568; 1088; 818; 183; 543567; 2
3; r; 1349337; 1088; 222; 32; 1349336; 10
3; r; 1356387; 1088; 883; 100; 1356386; 9
3; r; 1360234; 1088; 855; 189; 560233; 3
3; r; 1383305; 1088; 772; 179; 583304; 6
3; r; 1394200; 1088; 701; 170; 594199; 8
3; r; 1396763; 1088; 607; 164; 596762; 8
3; r; 1398044; 1088; 168; 19; 1398043; 16
3; r; 1407017; 1088; 751; 176; 607016; 3
3; r; 1413425; 1088; 1087; 109; 1413424; 12
3; r; 1416630; 1088; 180; 22; 1416629; 12
3; r; 1421116; 1088; 940; 196; 621115; 5
3; r; 1428807; 1088; 731; 85; 1428806; 13
3; r; 1442266; 1088; 546; 64; 1442265; 11
3; r; 1446110; 1088; 420; 53; 1446109; 16
3; r; 1449315; 1088; 109; 13; 1449314; 12
3; r; 1449956; 1088; 755; 177; 649955; 3
3; r; 1456366; 1088; 321; 139; 656365; 7
3; r; 1461492; 1088; 741; 89; 1461491; 12
3; r; 1462774; 1088; 837; 98; 1462773; 18
3; r; 1463415; 1088; 421; 149; 663414; 5
3; r; 1471746; 1088; 1037; 106; 1471745; 19
3; r; 1473027; 1088; 224; 33; 1473026; 7
3; r; 1478155; 1088; 371; 43; 1478154; 13
3; r; 1478796; 1088; 1040; 107; 1478795; 14
3; r; 1483283; 1088; 848; 188; 683282; 3
3; r; 1483924; 1088; 487; 60; 1483923; 7
3; r; 1490332; 1088; 208; 29; 1490331; 17
3; r; 1491613; 1088; 384; 144; 691612; 5
3; r; 1493536; 1088; 26; 0; 1493535; 10
3; r; 1496741; 1088; 326; 140; 696740; 11
3; r; 1504429; 1088; 298; 38; 1504428; 14
3; r; 1506993; 1088; 378; 45; 1506992; 11
3; r; 1508274; 1088; 167; 129; 708273; 9
3; r; 1510837; 1088; 24; 112; 710836; 10
3; r; 1513399; 1088; 101; 12; 1513398; 11
3; r; 1522373; 1088; 211; 30; 1522372; 17
3; r; 1523014; 1088; 199; 26; 1523013; 13
3; r; 1529423; 1088; 824; 184; 729422; 3
3; r; 1531987; 1088; 149; 124; 731986; 8
3; r; 1533269; 1088; 605; 163; 733268; 8
3; r; 1535831; 1088; 1024; 203; 735830; 9
3; r; 1542239; 1088; 878; 190; 742238; 4
3; r; 1552494; 1088; 282; 135; 752493; 8
3; r; 1556978; 1088; 455; 151; 756977; 4
3; r; 1562104; 1088; 739; 174; 762103; 7
3; r; 1565308; 1088; 405; 146; 765307; 11
3; r; 1565949; 1088; 463; 152; 765948; 7
3; r; 1569794; 1088; 73; 8; 1569793; 11
3; r; 1572998; 1088; 728; 171; 772997; 8
3; r; 1585173; 1088; 949; 198; 785172; 3
3; r; 1585814; 1088; 113; 14; 1585813; 11
3; r; 1593504; 1088; 945; 197; 793503; 5
3; r; 1596709; 1088; 684; 168; 796708; 4
3; r; 1606320; 1088; 291; 137; 806319; 10
3; r; 1608883; 1088; 522; 156; 808882; 6
3; r; 1616573; 1088; 749; 175; 816572; 8
3; r; 1617214; 1088; 817; 182; 817213; 4
3; r; 1617855; 1088; 909; 191; 817854; 4
3; r; 1620419; 1088; 3; 110; 820418; 11
3; r; 1623622; 1088; 567; 160; 823621; 7
3; r; 1624904; 1088; 524; 157; 824903; 7
3; r; 1636438; 1088; 396; 49; 1636437; 15
3; r; 1640284; 1088; 534; 159; 840283; 10
3; r; 1649896; 1088; 796; 180; 849895; 9
3; r; 2084515; 1088; 206; 28; 2084514; 13
3; r; 2114007; 1088; 643; 166; 1314006; 7
3; r; 2116571; 1088; 1036; 207; 1316570; 8
3; r; 2117212; 1088; 415; 147; 1317211; 9
3; r; 2120417; 1088; 619; 165; 1320416; 13
3; r; 2142851; 1088; 1051; 208; 1342850; 10
3; r; 2144774; 1088; 335; 142; 1344773; 12
3; r; 2148619; 1088; 1082; 214; 1348618; 7
3; r; 2177463; 1088; 930; 194; 1377462; 14
3; r; 2182590; 1088; 506; 61; 2182589; 20
3; r; 2224890; 1088; 825; 185; 1424889; 9
3; r; 2225531; 1088; 585; 161; 1425530; 8
3; r; 2226172; 1088; 596; 162; 1426171; 11
3; r; 2227454; 1088; 241; 134; 1427453; 12
3; r; 2238350; 1088; 843; 187; 1438349; 10
3; r; 2247965; 1088; 313; 138; 1447964; 11
3; r; 2260785; 1088; 925; 193; 1460784; 10
3; r; 2274885; 1088; 164; 127; 1474884; 12
3; r; 2296035; 1088; 49; 115; 1496034; 15
3; r; 2296676; 1088; 1033; 206; 1496675; 7
3; r; 2313339; 1088; 140; 122; 1513338; 11
3; r; 2319747; 1088; 110; 120; 1519746; 15
3; r; 2331285; 1088; 1056; 209; 1531284; 11
3; r; 2332567; 1088; 1063; 211; 1532566; 12
3; r; 2349229; 1088; 179; 21; 2349228; 12
3; r; 2353075; 1088; 219; 131; 1553074; 15
3; r; 2357561; 1088; 768; 178; 1557560; 8
3; r; 2365893; 1088; 389; 145; 1565892; 14
3; r; 2367815; 1088; 161; 126; 1567814; 14
3; r; 2372943; 1088; 239; 133; 1572942; 14
3; r; 2376789; 1088; 22; 111; 1576788; 12
3; r; 2381275; 1088; 1066; 213; 1581274; 9
3; r; 2383839; 1088; 660; 74; 2383838; 20
3; r; 2387685; 1088; 31; 113; 1587684; 10
3; r; 2393454; 1088; 528; 158; 1593453; 14
3; r; 2399223; 1088; 1032; 205; 1247269; 14
3; r; 2404991; 1088; 36; 114; 1604990; 14
3; r; 2406914; 1088; 731; 173; 1606913; 14
3; r; 2412042; 1088; 176; 130; 1612041; 12
3; r; 2413967; 1088; 496; 154; 1613966; 14
3; r; 2419736; 1088; 61; 116; 1619735; 13
3; r; 2424864; 1088; 806; 181; 1624863; 6
3; r; 2426146; 1088; 837; 186; 1626145; 9
3; r; 2430633; 1088; 166; 128; 1630632; 12
3; r; 2435761; 1088; 372; 143; 1635760; 11
3; r; 2438326; 1088; 1001; 201; 1638325; 8
3; r; 2448586; 1088; 132; 121; 1648585; 14
3; r; 2856981; 1088; 959; 199; 2056980; 19
3; r; 2875605; 1088; 729; 172; 2075604; 11
3; r; 2885880; 1088; 1000; 200; 2085879; 13
3; r; 2915428; 1088; 1061; 210; 2115427; 19
3; r; 2921235; 1088; 285; 136; 1772475; 13
4; r; 11531; 1088; 921; 84; 11530; 1
4; r; 35232; 1088; 977; 91; 35231; 3
4; r; 37154; 1088; 588; 51; 37153; 4
4; r; 39077; 1088; 942; 87; 39076; 4
4; r; 39717; 1088; 326; 30; 39716; 6
4; r; 57659; 1088; 1010; 94; 57658; 2
4; r; 59582; 1088; 375; 35; 59581; 8
4; r; 65350; 1088; 687; 61; 65349; 5
4; r; 471478; 1088; 181; 15; 471477; 9
4; r; 488792; 1088; 605; 53; 488791; 6
4; r; 492639; 1088; 874; 77; 492638; 13
4; r; 496487; 1088; 276; 27; 496486; 11
4; r; 511872; 1088; 1030; 97; 511871; 8
4; r; 537513; 1088; 194; 18; 537512; 9
4; r; 541359; 1088; 796; 67; 541358; 10
4; r; 558030; 1088; 904; 82; 558029; 4
4; r; 562514; 1088; 167; 12; 562513; 10
4; r; 589433; 1088; 48; 2; 589432; 9
4; r; 590074; 1088; 659; 57; 590073; 4
4; r; 595843; 1088; 487; 43; 595842; 4
4; r; 608021; 1088; 671; 60; 608020; 10
4; r; 615711; 1088; 835; 74; 615710; 14
4; r; 628531; 1088; 140; 10; 628530; 12
4; r; 629172; 1088; 517; 48; 629171; 9
4; r; 633018; 1088; 1002; 92; 633017; 5
4; r; 636223; 1088; 973; 90; 636222; 6
4; r; 643271; 1088; 457; 41; 643270; 6
4; r; 647117; 1088; 830; 72; 647116; 8
4; r; 653525; 1088; 746; 63; 653524; 4
4; r; 662498; 1088; 937; 86; 662497; 5
4; r; 663780; 1088; 263; 25; 663779; 7
4; r; 671472; 1088; 885; 78; 671471; 6
4; r; 675318; 1088; 802; 68; 675317; 8
4; r; 677881; 1088; 488; 44; 677880; 7
4; r; 679163; 1088; 189; 16; 679162; 7
4; r; 690057; 1088; 508; 47; 690056; 6
4; r; 697745; 1088; 767; 64; 697744; 13
4; r; 703513; 1088; 1024; 96; 703512; 15
4; r; 715051; 1088; 907; 83; 715050; 6
4; r; 727870; 1088; 469; 42; 727869; 13
4; r; 731074; 1088; 242; 23; 731073; 8
4; r; 734920; 1088; 125; 8; 734919; 8
4; r; 736842; 1088; 495; 45; 736841; 14
4; r; 747095; 1088; 170; 13; 747094; 13
4; r; 757348; 1088; 957; 88; 757347; 12
4; r; 758630; 1088; 190; 17; 758629; 11
4; r; 763756; 1088; 423; 39; 763755; 8
4; r; 765038; 1088; 249; 24; 765037; 6
4; r; 768242; 1088; 386; 36; 768241; 6
4; r; 772726; 1088; 89; 6; 772725; 10
4; r; 773367; 1088; 1061; 98; 773366; 18
4; r; 778491; 1088; 232; 22; 778490; 12
4; r; 784259; 1088; 304; 29; 784258; 14
4; r; 790027; 1088; 371; 34; 790026; 9
4; r; 790668; 1088; 889; 79; 790667; 8
4; r; 791309; 1088; 451; 40; 791308; 6
4; r; 794512; 1088; 899; 81; 794511; 6
4; r; 796435; 1088; 728; 62; 796434; 17
4; r; 813097; 1088; 774; 65; 813096; 8
4; r; 815019; 1088; 108; 7; 815018; 9
4; r; 819504; 1088; 353; 32; 819503; 8
4; r; 826553; 1088; 1018; 95; 826552; 9
4; r; 827835; 1088; 650; 55; 827834; 5
4; r; 828476; 1088; 141; 11; 828475; 12
4; r; 834243; 1088; 131; 9; 834242; 10
4; r; 854748; 1088; 209; 20; 854747; 12
4; r; 868205; 1088; 934; 85; 868204; 7
4; r; 1286321; 1088; 1052; 210; 486320; 1
4; r; 1287603; 1088; 395; 37; 1287602; 14
4; r; 1290169; 1088; 853; 185; 490168; 2
4; r; 1297222; 1088; 823; 71; 1297221; 14
4; r; 1309405; 1088; 850; 183; 509404; 5
4; r; 1313892; 1088; 651; 56; 1313891; 14
4; r; 1315174; 1088; 602; 52; 1315173; 11
4; r; 1320303; 1088; 1005; 93; 1320302; 12
4; r; 1334405; 1088; 619; 160; 534404; 3
4; r; 1349146; 1088; 821; 70; 1349145; 13
4; r; 1378630; 1088; 1074; 212; 578629; 3
4; r; 1394654; 1088; 814; 177; 594653; 5
4; r; 1406831; 1088; 834; 73; 1406830; 16
4; r; 1411957; 1088; 280; 130; 611956; 6
4; r; 1417725; 1088; 288; 28; 1417724; 14
4; r; 1424133; 1088; 194; 120; 624132; 6
4; r; 1426056; 1088; 875; 189; 626055; 4
4; r; 1426697; 1088; 890; 192; 626696; 2
4; r; 1428619; 1088; 202; 19; 1428618; 15
4; r; 1435028; 1088; 977; 201; 635027; 3
4; r; 1443359; 1088; 574; 50; 1443358; 16
4; r; 1451691; 1088; 918; 194; 651690; 2
4; r; 1452332; 1088; 1048; 209; 652331; 2
4; r; 1456178; 1088; 893; 80; 1456177; 11
4; r; 1471558; 1088; 67; 4; 1471557; 14
4; r; 1481173; 1088; 266; 128; 681172; 10
4; r; 1481814; 1088; 969; 199; 681813; 7
4; r; 1483096; 1088; 807; 176; 683095; 6
4; r; 1491427; 1088; 867; 187; 691426; 5
4; r; 1499117; 1088; 920; 195; 699116; 2
4; r; 1502322; 1088; 271; 26; 1502321; 9
4; r; 1506809; 1088; 398; 38; 1506808; 12
4; r; 1507450; 1088; 780; 173; 707449; 6
4; r; 1509373; 1088; 1002; 206; 709372; 5
4; r; 1511295; 1088; 907; 193; 711294; 4
4; r; 1511936; 1088; 748; 169; 711935; 4
4; r; 1514500; 1088; 551; 156; 714499; 5
4; r; 1517063; 1088; 236; 124; 717062; 10
4; r; 1520267; 1088; 500; 154; 720266; 8
4; r; 1520908; 1088; 822; 179; 720907; 2
4; r; 1521549; 1088; 542; 155; 721548; 6
4; r; 1526035; 1088; 672; 164; 726034; 7
4; r; 1532441; 1088; 972; 89; 1532440; 22
4; r; 1539487; 1088; 359; 141; 739486; 7
4; r; 1542690; 1088; 212; 21; 1542689; 12
4; r; 1554225; 1088; 452; 153; 754224; 6
4; r; 1556789; 1088; 877; 190; 756788; 4
4; r; 1559353; 1088; 960; 198; 759352; 11
4; r; 1574733; 1088; 352; 140; 774732; 6
4; r; 1580500; 1088; 794; 174; 780499; 7
4; r; 1583062; 1088; 388; 146; 783061; 5
4; r; 1583703; 1088; 852; 184; 783702; 4
4; r; 1585625; 1088; 375; 144; 785624; 7
4; r; 1590750; 1088; 386; 145; 790749; 7
4; r; 1592672; 1088; 364; 33; 1592671; 11
4; r; 1594594; 1088; 666; 163; 794593; 9
4; r; 1599080; 1088; 340; 31; 1599079; 11
4; r; 1602285; 1088; 308; 134; 802284; 11
4; r; 1612539; 1088; 662; 59; 1612538; 13
4; r; 1618307; 1088; 335; 137; 818306; 10
4; r; 1620871; 1088; 132; 114; 820870; 10
4; r; 1625358; 1088; 624; 161; 825357; 5
4; r; 1630485; 1088; 723; 167; 830484; 4
4; r; 1634330; 1088; 351; 139; 834329; 6
4; r; 1636252; 1088; 178; 118; 836251; 12
4; r; 1639456; 1088; 997; 205; 839455; 7
4; r; 1642661; 1088; 1033; 207; 842660; 7
4; r; 1643943; 1088; 569; 157; 843942; 7
4; r; 1644584; 1088; 442; 151; 844583; 8
4; r; 1650992; 1088; 736; 168; 850991; 9
4; r; 1652274; 1088; 1077; 213; 852273; 5
4; r; 1652915; 1088; 25; 0; 1652914; 10
4; r; 1659325; 1088; 806; 175; 859324; 6
4; r; 2113355; 1088; 983; 203; 1313354; 12
4; r; 2119124; 1088; 779; 172; 1319123; 7
4; r; 2120406; 1088; 873; 188; 1320405; 6
4; r; 2123610; 1088; 815; 178; 1323609; 9
4; r; 2124251; 1088; 749; 170; 1324250; 10
4; r; 2127456; 1088; 780; 66; 2127455; 26
4; r; 2141558; 1088; 982; 202; 1341557; 9
4; r; 2144122; 1088; 630; 54; 2144121; 16
4; r; 2165915; 1088; 885; 191; 1365914; 8
4; r; 2177452; 1088; 197; 121; 1377451; 8
4; r; 2197963; 1088; 825; 180; 1397962; 11
4; r; 2199245; 1088; 843; 76; 2199244; 11
4; r; 2213348; 1088; 927; 196; 1413347; 8
4; r; 2216553; 1088; 713; 166; 1416552; 8
4; r; 2217194; 1088; 171; 117; 1417193; 10
4; r; 2223603; 1088; 408; 148; 1423602; 11
4; r; 2226808; 1088; 126; 113; 1426807; 11
4; r; 2228090; 1088; 658; 162; 1428089; 8
4; r; 2239628; 1088; 985; 204; 1439627; 13
4; r; 2240269; 1088; 63; 106; 1440268; 9
4; r; 2242192; 1088; 673; 165; 1442191; 10
4; r; 2244115; 1088; 232; 122; 1444114; 10
4; r; 2245397; 1088; 249; 127; 1445396; 11
4; r; 2246038; 1088; 17; 101; 1446037; 9
4; r; 2259497; 1088; 124; 112; 1459496; 11
4; r; 2262701; 1088; 118; 111; 1462700; 11
4; r; 2264624; 1088; 75; 108; 1464623; 11
4; r; 2283852; 1088; 187; 119; 1483851; 15
4; r; 2288979; 1088; 397; 147; 1488978; 13
4; r; 2292824; 1088; 433; 150; 1492823; 14
4; r; 2296670; 1088; 239; 125; 1496669; 12
4; r; 2297311; 1088; 2; 99; 1497310; 14
4; r; 2300515; 1088; 93; 110; 1500514; 8
4; r; 2303720; 1088; 344; 138; 1503719; 15
4; r; 2310130; 1088; 152; 115; 1510129; 8
4; r; 2312053; 1088; 15; 100; 1512052; 11
4; r; 2316540; 1088; 331; 135; 1516539; 11
4; r; 2324231; 1088; 233; 123; 1524230; 15
4; r; 2326154; 1088; 947; 197; 1526153; 14
4; r; 2360766; 1088; 759; 171; 1560765; 8
4; r; 2388969; 1088; 19; 102; 1588968; 11
4; r; 2391532; 1088; 287; 131; 1591531; 9
4; r; 2399864; 1088; 69; 107; 1599863; 13
4; r; 2401147; 1088; 20; 103; 1601146; 12
4; r; 2401788; 1088; 595; 158; 1601787; 9
4; r; 2406916; 1088; 24; 104; 1606915; 18
4; r; 2421660; 1088; 605; 159; 1621659; 9
4; r; 2424864; 1088; 451; 152; 1624863; 10
4; r; 2432560; 1088; 660; 58; 2432559; 14
4; r; 2453076; 1088; 861; 186; 1653075; 11
4; r; 2901968; 1088; 293; 132; 2101967; 13
4; r; 2916104; 1088; 834; 182; 2116103; 20
4; r; 2925093; 1088; 332; 136; 1754107; 17
4; r; 2938628; 1088; 970; 200; 2138627; 13
5; r; 6408; 1088; 550; 64; 6407; 4
5; r; 9611; 1088; 1021; 103; 9610; 1
5; r; 17937; 1088; 907; 93; 17936; 4
5; r; 24985; 1088; 1007; 101; 24984; 3
5; r; 28828; 1088; 107; 12; 28827; 10
5; r; 37797; 1088; 1079; 112; 37796; 3
5; r; 44204; 1088; 680; 74; 44203; 5
5; r; 54457; 1088; 806; 85; 54456; 7
5; r; 57020; 1088; 758; 81; 57019; 2
5; r; 58302; 1088; 987; 100; 58301; 1
5; r; 60224; 1088; 1022; 104; 60223; 1
5; r; 64710; 1088; 180; 19; 64709; 8
5; r; 66633; 1088; 913; 95; 66632; 4
5; r; 67274; 1088; 187; 20; 67273; 7
5; r; 72400; 1088; 947; 98; 72399; 3
5; r; 73682; 1088; 1036; 106; 73681; 5
5; r; 78810; 1088; 218; 24; 78809; 9
5; r; 80732; 1088; 6; 0; 80731; 11
5; r; 98034; 1088; 841; 88; 98033; 7
5; r; 99956; 1088; 1054; 109; 99955; 1
5; r; 103159; 1088; 532; 61; 103158; 9
5; r; 105082; 1088; 709; 78; 105081; 4
5; r; 106364; 1088; 751; 80; 106363; 5
5; r; 110208; 1088; 1080; 113; 110207; 3
5; r; 525961; 1088; 157; 17; 525960; 7
5; r; 527244; 1088; 148; 16; 527243; 12
5; r; 528526; 1088; 524; 59; 528525; 4
5; r; 548395; 1088; 508; 56; 548394; 9
5; r; 549036; 1088; 689; 75; 549035; 10
5; r; 550960; 1088; 1049; 108; 550959; 5
5; r; 571470; 1088; 244; 28; 571469; 11
5; r; 575956; 1088; 615; 69; 575955; 12
5; r; 579801; 1088; 176; 18; 579800; 10
5; r; 584928; 1088; 398; 38; 584927; 10
5; r; 586210; 1088; 512; 57; 586209; 13
5; r; 596466; 1088; 68; 4; 596465; 10
5; r; 607363; 1088; 641; 70; 607362; 7
5; r; 613771; 1088; 438; 44; 613770; 11
5; r; 616975; 1088; 464; 46; 616974; 11
5; r; 622744; 1088; 109; 13; 622743; 11
5; r; 629794; 1088; 529; 60; 629793; 16
5; r; 643251; 1088; 815; 86; 643250; 4
5; r; 645174; 1088; 471; 48; 645173; 13
5; r; 661837; 1088; 221; 25; 661836; 11
5; r; 663760; 1088; 735; 79; 663759; 10
5; r; 672088; 1088; 827; 87; 672087; 8
5; r; 675293; 1088; 311; 31; 675292; 7
5; r; 685549; 1088; 430; 41; 685548; 10
5; r; 692597; 1088; 708; 77; 692596; 6
5; r; 704132; 1088; 867; 90; 704131; 5
5; r; 708617; 1088; 771; 82; 708616; 8
5; r; 710539; 1088; 69; 5; 710538; 11
5; r; 718871; 1088; 137; 14; 718870; 11
5; r; 720152; 1088; 204; 23; 720151; 15
5; r; 731048; 1088; 514; 58; 731047; 6
5; r; 732970; 1088; 196; 21; 732969; 7
5; r; 735532; 1088; 540; 62; 735531; 5
5; r; 736814; 1088; 491; 52; 736813; 8
5; r; 740659; 1088; 379; 37; 740658; 6
5; r; 743864; 1088; 429; 40; 743863; 9
5; r; 763086; 1088; 1057; 111; 763085; 9
5; r; 765649; 1088; 270; 30; 765648; 12
5; r; 766290; 1088; 502; 54; 766289; 10
5; r; 770776; 1088; 241; 27; 770775; 11
5; r; 782312; 1088; 645; 71; 782311; 5
5; r; 785517; 1088; 506; 55; 785516; 7
5; r; 788720; 1088; 896; 92; 788719; 7
5; r; 795770; 1088; 563; 67; 795769; 14
5; r; 797050; 1088; 551; 65; 797049; 8
5; r; 797691; 1088; 483; 49; 797690; 6
5; r; 808586; 1088; 53; 3; 808585; 9
5; r; 810508; 1088; 869; 91; 810507; 5
5; r; 814995; 1088; 403; 39; 814994; 10
5; r; 816276; 1088; 203; 22; 816275; 15
5; r; 816917; 1088; 560; 66; 816916; 6
5; r; 818199; 1088; 337; 34; 818198; 11
5; r; 822045; 1088; 1056; 110; 822044; 8
5; r; 825889; 1088; 263; 29; 825888; 7
5; r; 826530; 1088; 970; 99; 826529; 6
5; r; 832937; 1088; 465; 47; 832936; 9
5; r; 837422; 1088; 655; 72; 837421; 9
5; r; 838704; 1088; 35; 2; 838703; 12
5; r; 840627; 1088; 486; 51; 840626; 11
5; r; 847036; 1088; 819; 206; 47035; 2
5; r; 848318; 1088; 76; 8; 848317; 9
5; r; 859854; 1088; 80; 10; 859853; 14
5; r; 892537; 1088; 662; 73; 892536; 10
5; r; 898946; 1088; 313; 32; 898945; 9
5; r; 900867; 1088; 909; 94; 900866; 10
5; r; 902148; 1088; 493; 53; 902147; 9
5; r; 902788; 1088; 143; 15; 902787; 11
5; r; 903429; 1088; 923; 217; 103428; 1
5; r; 920734; 1088; 820; 207; 120733; 2
5; r; 921375; 1088; 71; 7; 921374; 10
5; r; 1338454; 1088; 238; 26; 1338453; 13
5; r; 1339095; 1088; 1014; 102; 1339094; 11
5; r; 1344223; 1088; 856; 210; 544222; 3
5; r; 1345505; 1088; 527; 172; 545504; 6
5; r; 1352555; 1088; 1047; 107; 1352554; 12
5; r; 1357681; 1088; 1031; 105; 1357680; 16
5; r; 1378193; 1088; 543; 63; 1378192; 14
5; r; 1400626; 1088; 482; 168; 600625; 6
5; r; 1406395; 1088; 883; 214; 606394; 4
5; r; 1407677; 1088; 621; 185; 607676; 4
5; r; 1422416; 1088; 785; 204; 622415; 3
5; r; 1424339; 1088; 392; 154; 624338; 5
5; r; 1447409; 1088; 968; 222; 647408; 6
5; r; 1467919; 1088; 679; 193; 667918; 6
5; r; 1476890; 1088; 586; 181; 676889; 5
5; r; 1480093; 1088; 971; 223; 680092; 4
5; r; 1494833; 1088; 157; 125; 694832; 8
5; r; 1501241; 1088; 284; 140; 701240; 6
5; r; 1513417; 1088; 1019; 226; 713416; 4
5; r; 1514058; 1088; 947; 220; 714057; 3
5; r; 1527515; 1088; 424; 161; 727514; 5
5; r; 1532641; 1088; 589; 183; 732640; 4
5; r; 1542255; 1088; 639; 189; 742254; 7
5; r; 1544818; 1088; 638; 188; 744817; 5
5; r; 1551224; 1088; 378; 152; 751223; 8
5; r; 1556351; 1088; 484; 50; 1556350; 15
5; r; 1560837; 1088; 1046; 230; 760836; 3
5; r; 1561478; 1088; 78; 9; 1561477; 12
5; r; 1563400; 1088; 339; 35; 1563399; 11
5; r; 1564682; 1088; 777; 201; 764681; 6
5; r; 1565964; 1088; 797; 205; 765963; 7
5; r; 1566605; 1088; 559; 177; 766604; 4
5; r; 1569169; 1088; 1043; 229; 769168; 4
5; r; 1572373; 1088; 782; 203; 772372; 4
5; r; 1574296; 1088; 535; 173; 774295; 7
5; r; 1575577; 1088; 866; 212; 775576; 5
5; r; 1585829; 1088; 184; 133; 785828; 9
5; r; 1586470; 1088; 745; 197; 786469; 4
5; r; 1587752; 1088; 839; 209; 787751; 5
5; r; 1588393; 1088; 380; 153; 788392; 7
5; r; 1590956; 1088; 649; 190; 790955; 5
5; r; 1594802; 1088; 1037; 228; 794801; 5
5; r; 1597365; 1088; 1004; 225; 797364; 5
5; r; 1598006; 1088; 514; 170; 798005; 5
5; r; 1599929; 1088; 362; 36; 1599928; 11
5; r; 1603774; 1088; 691; 194; 803773; 4
5; r; 1605696; 1088; 437; 43; 1605695; 12
5; r; 1608900; 1088; 20; 1; 1608899; 13
5; r; 1619154; 1088; 650; 191; 819153; 6
5; r; 1622358; 1088; 766; 199; 822357; 6
5; r; 1626203; 1088; 901; 216; 826202; 7
5; r; 1629406; 1088; 769; 200; 829405; 6
5; r; 1634533; 1088; 708; 195; 834532; 7
5; r; 1642864; 1088; 937; 219; 842863; 5
5; r; 1646067; 1088; 349; 148; 846066; 6
5; r; 1649271; 1088; 70; 6; 1649270; 14
5; r; 1650553; 1088; 588; 182; 850552; 5
5; r; 1656321; 1088; 434; 42; 1656320; 10
5; r; 1657603; 1088; 924; 96; 1657602; 14
5; r; 1660167; 1088; 420; 159; 860166; 6
5; r; 1662089; 1088; 505; 169; 862088; 8
5; r; 1665293; 1088; 555; 176; 865292; 6
5; r; 1679390; 1088; 320; 142; 879389; 5
5; r; 1683235; 1088; 753; 198; 883234; 5
5; r; 1686438; 1088; 932; 218; 886437; 5
5; r; 1687720; 1088; 722; 196; 887719; 4
5; r; 1688361; 1088; 422; 160; 888360; 6
5; r; 1695410; 1088; 677; 192; 895409; 6
5; r; 1698614; 1088; 175; 132; 898613; 10
5; r; 1701818; 1088; 419; 158; 901817; 5
5; r; 1707586; 1088; 1063; 232; 907585; 6
5; r; 1716559; 1088; 1080; 233; 916558; 3
5; r; 1719122; 1088; 409; 156; 919121; 7
5; r; 2133862; 1088; 983; 224; 1333861; 7
5; r; 2139630; 1088; 625; 186; 1339629; 5
5; r; 2144116; 1088; 950; 221; 1344115; 6
5; r; 2194748; 1088; 425; 162; 1394747; 10
5; r; 2206924; 1088; 418; 157; 1406923; 8
5; r; 2215257; 1088; 899; 215; 1415256; 11
5; r; 2237048; 1088; 324; 143; 1437047; 9
5; r; 2237689; 1088; 207; 134; 1437688; 11
5; r; 2252431; 1088; 6; 115; 1452430; 11
5; r; 2256277; 1088; 563; 179; 1456276; 8
5; r; 2257559; 1088; 244; 137; 1457558; 15
5; r; 2265893; 1088; 443; 164; 1465892; 9
5; r; 2274866; 1088; 159; 126; 1474865; 9
5; r; 2276148; 1088; 437; 163; 1476147; 8
5; r; 2278070; 1088; 374; 151; 1478069; 8
5; r; 2278711; 1088; 236; 136; 1478710; 10
5; r; 2282557; 1088; 548; 175; 1482556; 6
5; r; 2290249; 1088; 348; 147; 1490248; 7
5; r; 2302425; 1088; 633; 187; 1502424; 9
5; r; 2308193; 1088; 477; 167; 1508192; 9
5; r; 2315884; 1088; 326; 145; 1515883; 11
5; r; 2317806; 1088; 4; 114; 1517805; 11
5; r; 2318447; 1088; 1026; 227; 1518446; 7
5; r; 2322293; 1088; 93; 120; 1522292; 10
5; r; 2323575; 1088; 166; 129; 1523574; 15
5; r; 2328061; 1088; 85; 119; 1528060; 8
5; r; 2331266; 1088; 76; 118; 1531265; 17
5; r; 2335111; 1088; 605; 184; 1535110; 9
5; r; 2340880; 1088; 325; 144; 1540879; 11
5; r; 2346649; 1088; 540; 174; 1546648; 10
5; r; 2347931; 1088; 445; 165; 1547930; 9
5; r; 2351135; 1088; 124; 123; 1551134; 12
5; r; 2354981; 1088; 331; 146; 1554980; 11
5; r; 2358827; 1088; 111; 121; 1558826; 11
5; r; 2359468; 1088; 304; 141; 1559467; 10
5; r; 2360750; 1088; 1056; 231; 1560749; 12
5; r; 2371647; 1088; 42; 117; 1571646; 11
5; r; 2378057; 1088; 164; 128; 1578056; 10
5; r; 2378698; 1088; 402; 155; 1578697; 11
5; r; 2387669; 1088; 267; 138; 1587668; 14
5; r; 2388310; 1088; 40; 116; 1588309; 12
5; r; 2399206; 1088; 234; 135; 1599205; 11
5; r; 2403052; 1088; 156; 124; 1603051; 10
5; r; 2420998; 1088; 279; 139; 1620997; 10
5; r; 2421639; 1088; 859; 211; 1621638; 10
5; r; 2424844; 1088; 448; 166; 1624843; 12
5; r; 2438304; 1088; 781; 202; 1638303; 8
5; r; 2454969; 1088; 113; 122; 1654968; 9
5; r; 2458175; 1088; 167; 130; 1658174; 11
5; r; 2460097; 1088; 837; 208; 1660096; 11
5; r; 2478696; 1088; 173; 131; 1678695; 15
5; r; 2499861; 1088; 867; 213; 1699860; 7
5; r; 2501784; 1088; 561; 178; 1701783; 14
5; r; 2512052; 1088; 351; 149; 1712051; 12
5; r; 2922712; 1088; 362; 150; 1773186; 11
6; r; 5767; 1088; 883; 82; 5766; 2
6; r; 21780; 1088; 741; 67; 21779; 5
6; r; 24985; 1088; 874; 80; 24984; 3
6; r; 32032; 1088; 925; 87; 32031; 9
6; r; 41000; 1088; 478; 41; 40999; 7
6; r; 41641; 1088; 652; 60; 41640; 5
6; r; 47409; 1088; 888; 83; 47408; 1
6; r; 49972; 1088; 751; 68; 49971; 5
6; r; 50613; 1088; 1083; 101; 50612; 1
6; r; 51895; 1088; 823; 75; 51894; 2
6; r; 59583; 1088; 847; 77; 59582; 2
6; r; 67911; 1088; 517; 47; 67910; 5
6; r; 76882; 1088; 727; 66; 76881; 8
6; r; 92901; 1088; 769; 70; 92900; 7
6; r; 96745; 1088; 880; 81; 96744; 2
6; r; 101231; 1088; 681; 65; 101230; 4
6; r; 106998; 1088; 914; 86; 106997; 3
6; r; 109562; 1088; 842; 76; 109561; 4
6; r; 119173; 1088; 182; 14; 119172; 9
6; r; 126223; 1088; 391; 36; 126222; 7
6; r; 130067; 1088; 554; 51; 130066; 4
6; r; 140963; 1088; 580; 54; 140962; 4
6; r; 142245; 1088; 621; 59; 142244; 4
6; r; 143526; 1088; 262; 22; 143525; 6
6; r; 556967; 1088; 1064; 100; 556966; 7
6; r; 563376; 1088; 319; 28; 563375; 11
6; r; 574274; 1088; 93; 6; 574273; 10
6; r; 574915; 1088; 679; 64; 574914; 8
6; r; 592864; 1088; 257; 21; 592863; 10
6; r; 614015; 1088; 133; 9; 614014; 16
6; r; 628112; 1088; 463; 39; 628111; 12
6; r; 637725; 1088; 309; 26; 637724; 14
6; r; 658874; 1088; 993; 93; 658873; 8
6; r; 664641; 1088; 330; 29; 664640; 12
6; r; 665923; 1088; 362; 34; 665922; 14
6; r; 667205; 1088; 479; 42; 667204; 14
6; r; 672973; 1088; 254; 20; 672972; 8
6; r; 674896; 1088; 237; 19; 674895; 11
6; r; 685789; 1088; 787; 71; 685788; 8
6; r; 690274; 1088; 811; 73; 690273; 8
6; r; 690915; 1088; 157; 11; 690914; 9
6; r; 691555; 1088; 609; 58; 691554; 8
6; r; 702450; 1088; 546; 50; 702449; 9
6; r; 710780; 1088; 1035; 96; 710779; 6
6; r; 715264; 1088; 1040; 97; 715263; 7
6; r; 716546; 1088; 29; 1; 716545; 11
6; r; 717187; 1088; 0; 0; 717186; 11
6; r; 721672; 1088; 509; 45; 721671; 13
6; r; 732566; 1088; 264; 23; 732565; 15
6; r; 746664; 1088; 351; 33; 746663; 14
6; r; 747946; 1088; 973; 91; 747945; 13
6; r; 751791; 1088; 370; 35; 751790; 11
6; r; 753073; 1088; 812; 74; 753072; 5
6; r; 754355; 1088; 469; 40; 754354; 9
6; r; 757559; 1088; 343; 31; 757558; 8
6; r; 765890; 1088; 897; 85; 765889; 7
6; r; 768454; 1088; 153; 10; 768453; 16
6; r; 769736; 1088; 958; 88; 769735; 8
6; r; 772939; 1088; 871; 79; 772938; 9
6; r; 774861; 1088; 62; 2; 774860; 12
6; r; 776142; 1088; 858; 78; 776141; 10
6; r; 778705; 1088; 510; 46; 778704; 8
6; r; 779987; 1088; 806; 72; 779986; 19
6; r; 783833; 1088; 169; 13; 783832; 12
6; r; 788318; 1088; 767; 69; 788317; 10
6; r; 788959; 1088; 273; 24; 788958; 11
6; r; 792804; 1088; 200; 16; 792803; 15
6; r; 796648; 1088; 555; 52; 796647; 5
6; r; 797289; 1088; 113; 8; 797288; 14
6; r; 801774; 1088; 894; 84; 801773; 10
6; r; 803056; 1088; 317; 27; 803055; 12
6; r; 810104; 1088; 968; 89; 810103; 8
6; r; 814589; 1088; 97; 7; 814588; 12
6; r; 823560; 1088; 971; 90; 823559; 7
6; r; 824201; 1088; 572; 53; 824200; 7
6; r; 826764; 1088; 202; 17; 826763; 14
6; r; 832532; 1088; 1057; 99; 832531; 9
6; r; 840864; 1088; 168; 12; 840863; 9
6; r; 847274; 1088; 603; 57; 847273; 7
6; r; 851760; 1088; 675; 63; 851759; 6
6; r; 857529; 1088; 349; 32; 857528; 10
6; r; 862015; 1088; 84; 3; 862014; 10
6; r; 877396; 1088; 199; 15; 877395; 12
6; r; 878677; 1088; 1013; 208; 78676; 2
6; r; 888290; 1088; 1083; 218; 88289; 1
6; r; 894699; 1088; 978; 92; 894698; 5
6; r; 895340; 1088; 529; 48; 895339; 13
6; r; 898545; 1088; 88; 5; 898544; 9
6; r; 904953; 1088; 663; 61; 904952; 11
6; r; 908158; 1088; 739; 183; 108157; 6
6; r; 912002; 1088; 488; 155; 112001; 6
6; r; 916489; 1088; 988; 204; 116488; 1
6; r; 931231; 1088; 1022; 209; 131230; 1
6; r; 938281; 1088; 422; 38; 938280; 9
6; r; 942767; 1088; 489; 43; 942766; 6
6; r; 945331; 1088; 1006; 95; 945330; 6
6; r; 1359077; 1088; 1003; 94; 1359076; 14
6; r; 1369332; 1088; 625; 172; 569331; 6
6; r; 1375100; 1088; 602; 170; 575099; 9
6; r; 1397533; 1088; 970; 199; 597532; 8
6; r; 1399455; 1088; 495; 44; 1399454; 15
6; r; 1410991; 1088; 442; 150; 610990; 8
6; r; 1427653; 1088; 451; 151; 627652; 8
6; r; 1429575; 1088; 603; 171; 629574; 6
6; r; 1435344; 1088; 985; 202; 635343; 7
6; r; 1439189; 1088; 1046; 212; 639188; 8
6; r; 1441752; 1088; 703; 181; 641751; 8
6; r; 1448803; 1088; 585; 168; 648802; 8
6; r; 1449443; 1088; 381; 145; 649442; 7
6; r; 1455211; 1088; 900; 193; 655210; 7
6; r; 1455852; 1088; 210; 122; 655851; 10
6; r; 1457774; 1088; 943; 197; 657773; 3
6; r; 1460337; 1088; 570; 167; 660336; 7
6; r; 1467384; 1088; 667; 177; 667383; 8
6; r; 1471871; 1088; 787; 186; 671870; 3
6; r; 1493022; 1088; 399; 147; 693021; 11
6; r; 1495586; 1088; 516; 160; 695585; 11
6; r; 1505840; 1088; 260; 128; 705839; 9
6; r; 1510325; 1088; 986; 203; 710324; 7
6; r; 1514811; 1088; 295; 134; 714810; 5
6; r; 1515452; 1088; 507; 159; 715451; 7
6; r; 1516093; 1088; 20; 105; 716092; 8
6; r; 1532757; 1088; 928; 195; 732756; 6
6; r; 1533398; 1088; 642; 175; 733397; 5
6; r; 1542370; 1088; 689; 179; 742369; 5
6; r; 1543011; 1088; 283; 131; 743010; 7
6; r; 1546215; 1088; 270; 130; 746214; 10
6; r; 1549418; 1088; 1078; 217; 749417; 3
6; r; 1553264; 1088; 631; 173; 753263; 9
6; r; 1556469; 1088; 355; 141; 756468; 7
6; r; 1557751; 1088; 675; 178; 757750; 5
6; r; 1562878; 1088; 301; 135; 762877; 10
6; r; 1569286; 1088; 827; 189; 769285; 7
6; r; 1571849; 1088; 249; 127; 771848; 7
6; r; 1579539; 1088; 867; 190; 779538; 9
6; r; 1587226; 1088; 122; 117; 787225; 9
6; r; 1590431; 1088; 1061; 214; 790430; 11
6; r; 1598763; 1088; 500; 157; 798762; 8
6; r; 1600686; 1088; 434; 149; 800685; 8
6; r; 1612222; 1088; 358; 142; 812221; 6
6; r; 1617349; 1088; 802; 187; 817348; 5
6; r; 1617990; 1088; 322; 136; 817989; 10
6; r; 1623116; 1088; 329; 137; 823115; 9
6; r; 1630806; 1088; 1003; 207; 830805; 7
6; r; 1631447; 1088; 494; 156; 831446; 6
6; r; 1634010; 1088; 1065; 215; 834009; 7
6; r; 1639778; 1088; 663; 176; 839777; 8
6; r; 1640419; 1088; 225; 124; 840418; 7
6; r; 1642983; 1088; 937; 196; 842982; 7
6; r; 1645547; 1088; 371; 144; 845546; 9
6; r; 1651314; 1088; 502; 158; 851313; 8
6; r; 1657722; 1088; 480; 154; 857721; 7
6; r; 1661568; 1088; 641; 174; 861567; 11
6; r; 1669259; 1088; 561; 164; 869258; 8
6; r; 1689766; 1088; 48; 111; 889765; 9
6; r; 1707069; 1088; 465; 152; 907068; 8
6; r; 1709633; 1088; 291; 133; 909632; 7
6; r; 1715401; 1088; 26; 107; 915400; 8
6; r; 1746806; 1088; 716; 182; 946805; 8
6; r; 1755138; 1088; 769; 184; 955137; 8
6; r; 2187181; 1088; 21; 106; 1387180; 9
6; r; 2189745; 1088; 973; 201; 1389744; 14
6; r; 2190386; 1088; 1058; 213; 1390385; 8
6; r; 2194232; 1088; 918; 194; 1394231; 10
6; r; 2195514; 1088; 403; 148; 1395513; 12
6; r; 2198078; 1088; 881; 191; 1398077; 14
6; r; 2216664; 1088; 18; 104; 1416663; 9
6; r; 2217305; 1088; 990; 205; 1417304; 12
6; r; 2234612; 1088; 168; 120; 1434611; 14
6; r; 2239099; 1088; 76; 114; 1439098; 11
6; r; 2246791; 1088; 69; 113; 1446790; 13
6; r; 2248072; 1088; 786; 185; 1448071; 7
6; r; 2252558; 1088; 268; 129; 1452557; 11
6; r; 2260890; 1088; 359; 143; 1460889; 11
6; r; 2266017; 1088; 810; 188; 1466016; 16
6; r; 2288448; 1088; 135; 118; 1488447; 12
6; r; 2303186; 1088; 353; 140; 1503185; 16
6; r; 2308314; 1088; 2; 102; 1508313; 13
6; r; 2310877; 1088; 32; 109; 1510876; 11
6; r; 2318568; 1088; 1023; 210; 1518567; 11
6; r; 2324337; 1088; 694; 180; 1524336; 14
6; r; 2326901; 1088; 243; 126; 1526900; 10
6; r; 2352538; 1088; 476; 153; 1552537; 13
6; r; 2364075; 1088; 1041; 98; 2364074; 26
6; r; 2380738; 1088; 58; 112; 1580737; 10
6; r; 2387147; 1088; 287; 132; 1587146; 10
6; r; 2389711; 1088; 33; 110; 1589710; 13
6; r; 2407660; 1088; 992; 206; 1607659; 14
6; r; 2423048; 1088; 8; 103; 1623047; 14
6; r; 2424330; 1088; 165; 119; 1624329; 15
6; r; 2428818; 1088; 1029; 211; 1628817; 15
6; r; 2439722; 1088; 77; 115; 1639721; 13
6; r; 2444852; 1088; 169; 121; 1644851; 16
6; r; 2445493; 1088; 1066; 216; 1645492; 17
6; r; 2458957; 1088; 27; 108; 1658956; 11
6; r; 2485282; 1088; 966; 198; 1685281; 12
6; r; 2489139; 1088; 566; 166; 1689138; 9
6; r; 2490427; 1088; 531; 161; 1690426; 9
6; r; 2494284; 1088; 537; 162; 1694283; 9
6; r; 2497494; 1088; 565; 165; 1697493; 10
6; r; 2500713; 1088; 893; 192; 1700712; 11
6; r; 2516251; 1088; 396; 146; 1716250; 14
7; r; 6407; 1088; 817; 97; 6406; 2
7; r; 11530; 1088; 821; 99; 11529; 4
7; r; 15374; 1088; 643; 70; 15373; 6
7; r; 23062; 1088; 1078; 127; 23061; 2
7; r; 32032; 1088; 912; 113; 32031; 3
7; r; 33954; 1088; 813; 95; 33953; 3
7; r; 35876; 1088; 1087; 130; 35875; 1
7; r; 43564; 1088; 814; 96; 43563; 3
7; r; 46127; 1088; 691; 77; 46126; 4
7; r; 48690; 1088; 658; 72; 48689; 4
7; r; 57017; 1088; 685; 76; 57016; 5
7; r; 59580; 1088; 943; 117; 59579; 4
7; r; 65988; 1088; 920; 116; 65987; 1
7; r; 67270; 1088; 1019; 121; 67269; 1
7; r; 73677; 1088; 1017; 120; 73676; 1
7; r; 76240; 1088; 1086; 129; 76239; 1
7; r; 83289; 1088; 843; 105; 83288; 7
7; r; 86492; 1088; 226; 28; 86491; 9
7; r; 87773; 1088; 637; 68; 87772; 6
7; r; 91618; 1088; 325; 43; 91617; 9
7; r; 94822; 1088; 662; 73; 94821; 9
7; r; 96745; 1088; 1045; 124; 96744; 2
7; r; 99949; 1088; 684; 75; 99948; 3
7; r; 106355; 1088; 91; 7; 106354; 9
7; r; 114686; 1088; 591; 66; 114685; 3
7; r; 116609; 1088; 784; 89; 116608; 3
7; r; 124941; 1088; 381; 51; 124940; 7
7; r; 131991; 1088; 439; 56; 131990; 7
7; r; 136478; 1088; 719; 78; 136477; 3
7; r; 154422; 1088; 181; 17; 154421; 6
7; r; 158267; 1088; 820; 98; 158266; 2
7; r; 568475; 1088; 1064; 125; 568474; 9
7; r; 572320; 1088; 509; 58; 572319; 5
7; r; 573602; 1088; 194; 22; 573601; 10
7; r; 604365; 1088; 294; 38; 604364; 5
7; r; 612697; 1088; 812; 94; 612696; 6
7; r; 645381; 1088; 765; 87; 645380; 9
7; r; 663327; 1088; 1079; 128; 663326; 12
7; r; 665249; 1088; 918; 115; 665248; 11
7; r; 678065; 1088; 185; 19; 678064; 14
7; r; 683192; 1088; 524; 59; 683191; 8
7; r; 690881; 1088; 842; 104; 690880; 5
7; r; 693445; 1088; 725; 81; 693444; 5
7; r; 698572; 1088; 804; 92; 698571; 11
7; r; 704339; 1088; 77; 5; 704338; 14
7; r; 707544; 1088; 916; 114; 707543; 4
7; r; 708826; 1088; 380; 50; 708825; 15
7; r; 727413; 1088; 1001; 119; 727412; 7
7; r; 730618; 1088; 836; 103; 730617; 6
7; r; 733181; 1088; 859; 107; 733180; 12
7; r; 733822; 1088; 771; 88; 733821; 6
7; r; 738308; 1088; 549; 63; 738307; 10
7; r; 748560; 1088; 1073; 126; 748559; 6
7; r; 751764; 1088; 311; 42; 751763; 7
7; r; 753046; 1088; 352; 46; 753045; 8
7; r; 772913; 1088; 876; 109; 772912; 5
7; r; 776118; 1088; 11; 0; 776117; 10
7; r; 776759; 1088; 205; 24; 776758; 9
7; r; 779323; 1088; 343; 45; 779322; 12
7; r; 784451; 1088; 280; 34; 784450; 7
7; r; 801112; 1088; 869; 108; 801111; 8
7; r; 809441; 1088; 188; 20; 809440; 10
7; r; 813284; 1088; 193; 21; 813283; 9
7; r; 819052; 1088; 100; 8; 819051; 13
7; r; 822897; 1088; 811; 93; 822896; 6
7; r; 827383; 1088; 395; 52; 827382; 10
7; r; 831227; 1088; 367; 48; 831226; 11
7; r; 836354; 1088; 466; 57; 836353; 13
7; r; 842762; 1088; 214; 25; 842761; 12
7; r; 843403; 1088; 222; 26; 843402; 11
7; r; 844044; 1088; 1032; 123; 844043; 18
7; r; 844685; 1088; 225; 27; 844684; 6
7; r; 849810; 1088; 906; 112; 849809; 9
7; r; 853014; 1088; 291; 37; 853013; 11
7; r; 856218; 1088; 834; 102; 856217; 9
7; r; 858781; 1088; 828; 100; 858780; 14
7; r; 861345; 1088; 732; 83; 861344; 9
7; r; 863909; 1088; 978; 118; 863908; 5
7; r; 869676; 1088; 247; 30; 869675; 11
7; r; 874162; 1088; 754; 85; 874161; 5
7; r; 881212; 1088; 430; 55; 881211; 14
7; r; 889542; 1088; 529; 60; 889541; 8
7; r; 891465; 1088; 42; 3; 891464; 11
7; r; 899156; 1088; 310; 41; 899155; 9
7; r; 901079; 1088; 262; 31; 901078; 9
7; r; 906205; 1088; 140; 11; 906204; 12
7; r; 912612; 1088; 423; 54; 912611; 7
7; r; 913253; 1088; 956; 234; 113252; 1
7; r; 917098; 1088; 155; 13; 917097; 9
7; r; 921583; 1088; 160; 14; 921582; 8
7; r; 922865; 1088; 84; 6; 922864; 12
7; r; 934398; 1088; 1025; 122; 934397; 12
7; r; 935039; 1088; 246; 29; 935038; 7
7; r; 945933; 1088; 167; 16; 945932; 9
7; r; 955546; 1088; 1015; 239; 155545; 2
7; r; 1363311; 1088; 879; 223; 563310; 4
7; r; 1380617; 1088; 655; 203; 580616; 3
7; r; 1392154; 1088; 362; 47; 1392153; 14
7; r; 1398563; 1088; 683; 74; 1398562; 13
7; r; 1405611; 1088; 812; 217; 605610; 4
7; r; 1413944; 1088; 379; 49; 1413943; 15
7; r; 1458807; 1088; 581; 193; 658806; 6
7; r; 1461371; 1088; 747; 208; 661370; 5
7; r; 1462653; 1088; 722; 79; 1462652; 10
7; r; 1466499; 1088; 194; 152; 666498; 7
7; r; 1479316; 1088; 461; 180; 679315; 7
7; r; 1485724; 1088; 613; 197; 685723; 5
7; r; 1487006; 1088; 868; 222; 687005; 6
7; r; 1490211; 1088; 40; 2; 1490210; 11
7; r; 1493416; 1088; 163; 15; 1493415; 10
7; r; 1496621; 1088; 779; 212; 696620; 4
7; r; 1498544; 1088; 403; 53; 1498543; 13
7; r; 1502389; 1088; 955; 233; 702388; 3
7; r; 1505594; 1088; 424; 177; 705593; 5
7; r; 1507517; 1088; 289; 36; 1507516; 8
7; r; 1510080; 1088; 309; 40; 1510079; 12
7; r; 1514563; 1088; 1043; 242; 714562; 4
7; r; 1516486; 1088; 977; 236; 716485; 3
7; r; 1536354; 1088; 276; 33; 1536353; 8
7; r; 1544685; 1088; 211; 155; 744684; 9
7; r; 1547249; 1088; 945; 232; 747248; 3
7; r; 1548530; 1088; 646; 201; 748529; 5
7; r; 1554299; 1088; 422; 176; 754298; 7
7; r; 1563271; 1088; 653; 202; 763270; 4
7; r; 1565834; 1088; 591; 194; 765833; 5
7; r; 1566475; 1088; 141; 12; 1566474; 10
7; r; 1570961; 1088; 321; 167; 770960; 6
7; r; 1579292; 1088; 573; 192; 779291; 5
7; r; 1584418; 1088; 760; 211; 784417; 7
7; r; 1585700; 1088; 322; 168; 785699; 5
7; r; 1590827; 1088; 739; 207; 790826; 7
7; r; 1593391; 1088; 599; 67; 1593390; 12
7; r; 1594673; 1088; 210; 154; 794672; 7
7; r; 1599158; 1088; 788; 213; 799157; 3
7; r; 1600440; 1088; 802; 91; 1600439; 8
7; r; 1615179; 1088; 386; 173; 815178; 6
7; r; 1615819; 1088; 220; 156; 815818; 6
7; r; 1624148; 1088; 903; 226; 824147; 5
7; r; 1626711; 1088; 1016; 240; 826710; 3
7; r; 1631197; 1088; 843; 221; 831196; 5
7; r; 1635684; 1088; 320; 166; 835683; 6
7; r; 1644654; 1088; 39; 134; 844653; 10
7; r; 1645935; 1088; 752; 209; 845934; 4
7; r; 1646576; 1088; 146; 147; 846575; 8
7; r; 1650421; 1088; 644; 200; 850420; 7
7; r; 1660673; 1088; 963; 235; 860672; 7
7; r; 1669646; 1088; 119; 145; 869645; 8
7; r; 1690793; 1088; 227; 157; 890792; 7
7; r; 1693998; 1088; 1046; 243; 893997; 4
7; r; 1720272; 1088; 283; 35; 1720271; 11
7; r; 1727962; 1088; 447; 179; 927961; 6
7; r; 1731807; 1088; 832; 220; 931806; 7
7; r; 1733729; 1088; 75; 4; 1733728; 13
7; r; 1739497; 1088; 930; 229; 939496; 7
7; r; 1740779; 1088; 385; 172; 940778; 7
7; r; 1741420; 1088; 285; 162; 941419; 8
7; r; 1745906; 1088; 944; 231; 945905; 7
7; r; 1746547; 1088; 543; 191; 946546; 7
7; r; 1753597; 1088; 943; 230; 953596; 5
7; r; 1755520; 1088; 311; 163; 955519; 9
7; r; 2161990; 1088; 297; 39; 2161989; 18
7; r; 2191473; 1088; 124; 10; 2191472; 18
7; r; 2203650; 1088; 425; 178; 1403649; 7
7; r; 2213264; 1088; 180; 151; 1413263; 8
7; r; 2220314; 1088; 517; 187; 1420313; 7
7; r; 2228645; 1088; 78; 140; 1428644; 11
7; r; 2231851; 1088; 796; 90; 2231850; 12
7; r; 2234414; 1088; 829; 101; 2234413; 17
7; r; 2235696; 1088; 824; 219; 1435695; 7
7; r; 2236337; 1088; 314; 165; 1436336; 11
7; r; 2245309; 1088; 821; 218; 1445308; 8
7; r; 2260691; 1088; 203; 153; 1460690; 8
7; r; 2261332; 1088; 269; 160; 1461331; 12
7; r; 2275432; 1088; 522; 188; 1475431; 14
7; r; 2285045; 1088; 895; 225; 1485044; 9
7; r; 2286327; 1088; 55; 136; 1486326; 9
7; r; 2286968; 1088; 928; 228; 1101644; 12
7; r; 2288249; 1088; 108; 143; 1488248; 8
7; r; 2292094; 1088; 196; 23; 2292093; 18
7; r; 2296579; 1088; 265; 32; 2296578; 14
7; r; 2297219; 1088; 158; 148; 1497218; 9
7; r; 2302987; 1088; 759; 210; 1502986; 8
7; r; 2305551; 1088; 610; 196; 1505550; 8
7; r; 2306192; 1088; 15; 1; 2306191; 12
7; r; 2306833; 1088; 46; 135; 1506832; 16
7; r; 2313243; 1088; 103; 141; 1513242; 11
7; r; 2319652; 1088; 465; 181; 1519651; 9
7; r; 2321575; 1088; 228; 158; 1521574; 9
7; r; 2322216; 1088; 647; 71; 2322215; 15
7; r; 2324780; 1088; 71; 139; 1524779; 11
7; r; 2326062; 1088; 138; 146; 1526061; 10
7; r; 2338879; 1088; 65; 138; 1538878; 8
7; r; 2345289; 1088; 2; 132; 1545288; 13
7; r; 2358747; 1088; 105; 142; 1558746; 10
7; r; 2361951; 1088; 499; 186; 1561950; 9
7; r; 2364515; 1088; 468; 182; 1564514; 10
7; r; 2374129; 1088; 796; 215; 1574128; 8
7; r; 2385665; 1088; 241; 159; 1585664; 11
7; r; 2387587; 1088; 178; 150; 1587586; 13
7; r; 2393355; 1088; 927; 227; 1593354; 10
7; r; 2395919; 1088; 332; 169; 1595918; 11
7; r; 2402328; 1088; 120; 9; 2402327; 10
7; r; 2402969; 1088; 63; 137; 1602968; 11
7; r; 2414505; 1088; 732; 206; 1614504; 9
7; r; 2416428; 1088; 529; 189; 1616427; 8
7; r; 2422837; 1088; 597; 195; 1622836; 11
7; r; 2423478; 1088; 633; 199; 1623477; 9
7; r; 2424118; 1088; 791; 214; 1624117; 8
7; r; 2427323; 1088; 312; 164; 1627322; 12
7; r; 2433732; 1088; 530; 190; 1633731; 10
7; r; 2441424; 1088; 170; 149; 1641423; 11
7; r; 2442706; 1088; 373; 171; 1642705; 8
7; r; 2445270; 1088; 1058; 244; 1645269; 12
7; r; 2449116; 1088; 0; 131; 1649115; 13
7; r; 2451680; 1088; 695; 205; 1651679; 8
7; r; 2461294; 1088; 396; 174; 1661293; 13
7; r; 2482449; 1088; 333; 170; 1682448; 14
7; r; 2486295; 1088; 628; 198; 1686294; 12
7; r; 2493991; 1088; 18; 133; 1693990; 11
7; r; 2503606; 1088; 498; 185; 1703605; 10
7; r; 2962430; 1088; 484; 183; 2162429; 10
8; r; 3846; 1088; 1080; 85; 3845; 2
8; r; 8971; 1088; 920; 78; 8970; 1
8; r; 16658; 1088; 1047; 84; 16657; 3
8; r; 33954; 1088; 675; 53; 33953; 5
8; r; 34595; 1088; 727; 60; 34594; 9
8; r; 35235; 1088; 44; 3; 35234; 9
8; r; 46128; 1088; 386; 33; 46127; 5
8; r; 51253; 1088; 161; 12; 51252; 10
8; r; 54456; 1088; 655; 52; 54455; 4
8; r; 65348; 1088; 834; 73; 65347; 7
8; r; 73038; 1088; 735; 63; 73037; 6
8; r; 74961; 1088; 719; 57; 74960; 3
8; r; 82652; 1088; 1012; 83; 82651; 5
8; r; 93545; 1088; 770; 65; 93544; 6
8; r; 94827; 1088; 556; 46; 94826; 4
8; r; 103796; 1088; 947; 80; 103795; 2
8; r; 115331; 1088; 678; 54; 115330; 5
8; r; 115972; 1088; 524; 43; 115971; 4
8; r; 116613; 1088; 622; 49; 116612; 4
8; r; 117894; 1088; 807; 68; 117893; 6
8; r; 119817; 1088; 417; 36; 119816; 5
8; r; 124303; 1088; 540; 44; 124302; 7
8; r; 132634; 1088; 389; 35; 132633; 7
8; r; 141605; 1088; 648; 51; 141604; 4
8; r; 162754; 1088; 773; 66; 162753; 4
8; r; 164677; 1088; 853; 74; 164676; 4
8; r; 170445; 1088; 326; 25; 170444; 6
8; r; 172367; 1088; 809; 69; 172366; 6
8; r; 173008; 1088; 420; 38; 173007; 5
8; r; 177494; 1088; 702; 56; 177493; 6
8; r; 178776; 1088; 193; 14; 178775; 7
8; r; 190309; 1088; 264; 18; 190308; 12
8; r; 201202; 1088; 795; 67; 201201; 7
8; r; 203125; 1088; 252; 17; 203124; 8
8; r; 208892; 1088; 937; 79; 208891; 5
8; r; 215942; 1088; 812; 70; 215941; 6
8; r; 218505; 1088; 696; 55; 218504; 8
8; r; 224914; 1088; 766; 64; 224913; 8
8; r; 236450; 1088; 419; 37; 236449; 6
8; r; 245424; 1088; 472; 39; 245423; 8
8; r; 251193; 1088; 546; 45; 251192; 7
8; r; 267216; 1088; 249; 16; 267215; 7
8; r; 270420; 1088; 340; 27; 270419; 7
8; r; 276188; 1088; 900; 77; 276187; 11
8; r; 299901; 1088; 497; 41; 299900; 9
8; r; 301183; 1088; 339; 26; 301182; 12
8; r; 308873; 1088; 372; 31; 308872; 9
8; r; 328103; 1088; 729; 61; 328102; 7
8; r; 330668; 1088; 278; 20; 330667; 8
8; r; 333233; 1088; 49; 4; 333232; 9
8; r; 739229; 1088; 315; 24; 739228; 9
8; r; 739869; 1088; 873; 76; 739868; 12
8; r; 755251; 1088; 59; 5; 755250; 10
8; r; 773831; 1088; 482; 40; 773830; 12
8; r; 778956; 1088; 175; 13; 778955; 17
8; r; 779597; 1088; 504; 42; 779596; 9
8; r; 780879; 1088; 139; 10; 780878; 13
8; r; 791774; 1088; 109; 9; 791773; 11
8; r; 794337; 1088; 239; 15; 794336; 11
8; r; 799463; 1088; 832; 72; 799462; 11
8; r; 800745; 1088; 725; 59; 800744; 8
8; r; 801386; 1088; 612; 48; 801385; 14
8; r; 804589; 1088; 283; 21; 804588; 8
8; r; 808435; 1088; 105; 8; 808434; 14
8; r; 819970; 1088; 859; 75; 819969; 10
8; r; 823175; 1088; 347; 28; 823174; 13
8; r; 831506; 1088; 1010; 186; 31505; 4
8; r; 839837; 1088; 39; 2; 839836; 14
8; r; 851369; 1088; 95; 6; 851368; 15
8; r; 852651; 1088; 741; 165; 52650; 4
8; r; 853292; 1088; 277; 19; 853291; 8
8; r; 867389; 1088; 16; 1; 867388; 11
8; r; 869951; 1088; 311; 23; 869950; 15
8; r; 873155; 1088; 294; 22; 873154; 15
8; r; 891097; 1088; 996; 82; 891096; 17
8; r; 901992; 1088; 921; 178; 101991; 1
8; r; 912884; 1088; 854; 172; 112883; 2
8; r; 917369; 1088; 1076; 191; 117368; 3
8; r; 919933; 1088; 1; 0; 919932; 12
8; r; 927622; 1088; 876; 174; 127621; 4
8; r; 930185; 1088; 627; 50; 930184; 13
8; r; 933389; 1088; 885; 175; 133388; 2
8; r; 938514; 1088; 742; 166; 138513; 5
8; r; 939155; 1088; 886; 176; 139154; 2
8; r; 942360; 1088; 970; 184; 142359; 6
8; r; 943642; 1088; 366; 30; 943641; 17
8; r; 944283; 1088; 784; 167; 144282; 2
8; r; 947486; 1088; 159; 11; 947485; 25
8; r; 953254; 1088; 469; 139; 153253; 7
8; r; 964149; 1088; 822; 170; 164148; 2
8; r; 982092; 1088; 700; 163; 182091; 7
8; r; 983374; 1088; 57; 97; 183373; 12
8; r; 984656; 1088; 453; 137; 184655; 7
8; r; 986579; 1088; 185; 111; 186578; 8
8; r; 998757; 1088; 383; 32; 998756; 20
8; r; 1007730; 1088; 553; 147; 207729; 4
8; r; 1015421; 1088; 678; 159; 215420; 5
8; r; 1016703; 1088; 385; 128; 216702; 7
8; r; 1019266; 1088; 384; 127; 219265; 6
8; r; 1021190; 1088; 813; 71; 1021189; 19
8; r; 1040415; 1088; 596; 47; 1040414; 16
8; r; 1049389; 1088; 870; 173; 249388; 8
8; r; 1067976; 1088; 936; 179; 267975; 8
8; r; 1077591; 1088; 945; 180; 277590; 3
8; r; 1080155; 1088; 959; 182; 280154; 9
8; r; 1086565; 1088; 395; 130; 286564; 6
8; r; 1091052; 1088; 834; 171; 291051; 5
8; r; 1111563; 1088; 290; 119; 311562; 6
8; r; 1128231; 1088; 548; 146; 328230; 5
8; r; 1136566; 1088; 730; 62; 1136565; 21
8; r; 1538727; 1088; 181; 109; 738726; 9
8; r; 1559233; 1088; 680; 160; 759232; 9
8; r; 1559874; 1088; 177; 108; 759873; 13
8; r; 1560515; 1088; 696; 162; 760514; 7
8; r; 1565642; 1088; 1066; 190; 765641; 5
8; r; 1568205; 1088; 567; 150; 768204; 9
8; r; 1570128; 1088; 375; 125; 770127; 8
8; r; 1579739; 1088; 579; 151; 779738; 9
8; r; 1580380; 1088; 630; 154; 780379; 13
8; r; 1581662; 1088; 1011; 187; 781661; 3
8; r; 1588069; 1088; 606; 152; 788068; 8
8; r; 1596400; 1088; 52; 94; 796399; 8
8; r; 1597041; 1088; 343; 122; 797040; 7
8; r; 1600246; 1088; 383; 126; 800245; 6
8; r; 1600887; 1088; 523; 144; 800886; 8
8; r; 1602169; 1088; 295; 120; 802168; 8
8; r; 1602810; 1088; 144; 105; 802809; 12
8; r; 1611141; 1088; 489; 142; 811140; 7
8; r; 1613064; 1088; 487; 141; 813063; 7
8; r; 1614346; 1088; 950; 181; 814345; 11
8; r; 1622677; 1088; 265; 118; 822676; 14
8; r; 1629725; 1088; 684; 161; 829724; 8
8; r; 1637415; 1088; 428; 133; 837414; 5
8; r; 1640620; 1088; 420; 131; 840619; 8
8; r; 1645748; 1088; 962; 183; 845747; 8
8; r; 1648952; 1088; 53; 95; 848951; 11
8; r; 1650875; 1088; 303; 121; 850874; 9
8; r; 1658567; 1088; 437; 135; 858566; 11
8; r; 1664976; 1088; 369; 124; 864975; 10
8; r; 1673308; 1088; 787; 168; 873307; 7
8; r; 1677153; 1088; 207; 112; 877152; 9
8; r; 1688690; 1088; 478; 140; 888689; 9
8; r; 1698944; 1088; 47; 93; 898943; 9
8; r; 1700867; 1088; 149; 106; 900866; 8
8; r; 1708558; 1088; 660; 157; 908557; 8
8; r; 1714327; 1088; 56; 96; 914326; 8
8; r; 1723297; 1088; 423; 132; 923296; 12
8; r; 1725220; 1088; 262; 117; 925219; 8
8; r; 1726502; 1088; 388; 129; 926501; 7
8; r; 1732270; 1088; 665; 158; 932269; 10
8; r; 1733551; 1088; 81; 98; 933550; 9
8; r; 1734192; 1088; 141; 104; 934191; 16
8; r; 1737397; 1088; 46; 92; 937396; 9
8; r; 1738038; 1088; 255; 115; 938037; 8
8; r; 1751495; 1088; 365; 123; 951494; 10
8; r; 1752136; 1088; 10; 88; 952135; 9
8; r; 1760467; 1088; 565; 149; 960466; 8
8; r; 1772644; 1088; 21; 90; 972643; 11
8; r; 1780336; 1088; 1001; 185; 980335; 8
8; r; 1780977; 1088; 232; 113; 980976; 10
8; r; 1782259; 1088; 512; 143; 982258; 12
8; r; 1789949; 1088; 738; 164; 989948; 7
8; r; 1794436; 1088; 430; 134; 994435; 10
8; r; 1796359; 1088; 99; 100; 996358; 10
8; r; 1799565; 1088; 454; 138; 999564; 8
8; r; 1803411; 1088; 452; 136; 1003410; 10
8; r; 1807898; 1088; 249; 114; 1007897; 9
8; r; 1821361; 1088; 34; 91; 1021360; 10
8; r; 1822002; 1088; 131; 103; 1022001; 7
8; r; 1824566; 1088; 174; 107; 1024565; 11
8; r; 1825207; 1088; 608; 153; 1025206; 9
8; r; 1863039; 1088; 20; 89; 1063038; 12
8; r; 1865605; 1088; 2; 87; 1065604; 14
8; r; 1868169; 1088; 0; 86; 1068168; 12
8; r; 1897684; 1088; 121; 102; 1097683; 11
8; r; 2355376; 1088; 555; 148; 1555375; 12
8; r; 2435550; 1088; 807; 169; 1635549; 8
8; r; 2436832; 1088; 638; 155; 1636831; 14
9; r; 14734; 1088; 920; 101; 14733; 1
9; r; 20499; 1088; 950; 105; 20498; 2
9; r; 21780; 1088; 287; 28; 21779; 7
9; r; 23702; 1088; 690; 77; 23701; 3
9; r; 26264; 1088; 937; 104; 26263; 5
9; r; 30108; 1088; 1077; 114; 30107; 3
9; r; 56376; 1088; 900; 98; 56375; 5
9; r; 60219; 1088; 588; 61; 60218; 5
9; r; 63424; 1088; 590; 62; 63423; 4
9; r; 64706; 1088; 952; 106; 64705; 1
9; r; 67910; 1088; 956; 107; 67909; 1
9; r; 69832; 1088; 612; 67; 69831; 6
9; r; 73037; 1088; 597; 64; 73036; 8
9; r; 75600; 1088; 1069; 113; 75599; 7
9; r; 80085; 1088; 584; 60; 80084; 5
9; r; 81366; 1088; 822; 90; 81365; 2
9; r; 82648; 1088; 784; 84; 82647; 2
9; r; 89696; 1088; 525; 52; 89695; 5
9; r; 98029; 1088; 757; 82; 98028; 3
9; r; 115971; 1088; 853; 95; 115970; 2
9; r; 118534; 1088; 791; 86; 118533; 2
9; r; 126865; 1088; 429; 43; 126864; 8
9; r; 128788; 1088; 681; 74; 128787; 4
9; r; 129429; 1088; 785; 85; 129428; 3
9; r; 142245; 1088; 821; 89; 142244; 4
9; r; 143526; 1088; 847; 94; 143525; 4
9; r; 148652; 1088; 659; 72; 148651; 4
9; r; 153138; 1088; 189; 16; 153137; 8
9; r; 167236; 1088; 975; 109; 167235; 4
9; r; 173003; 1088; 650; 70; 173002; 5
9; r; 178130; 1088; 548; 55; 178129; 4
9; r; 180692; 1088; 509; 50; 180691; 8
9; r; 181333; 1088; 748; 80; 181332; 5
9; r; 199918; 1088; 203; 19; 199917; 10
9; r; 204405; 1088; 683; 75; 204404; 4
9; r; 206969; 1088; 656; 71; 206968; 4
9; r; 215300; 1088; 930; 103; 215299; 5
9; r; 225554; 1088; 772; 83; 225553; 5
9; r; 239015; 1088; 592; 63; 239014; 4
9; r; 239656; 1088; 482; 49; 239655; 5
9; r; 240297; 1088; 839; 92; 240296; 6
9; r; 250550; 1088; 1034; 112; 250549; 8
9; r; 263369; 1088; 558; 56; 263368; 5
9; r; 268498; 1088; 915; 100; 268497; 5
9; r; 301829; 1088; 171; 13; 301828; 13
9; r; 310163; 1088; 258; 24; 310162; 8
9; r; 312086; 1088; 339; 35; 312085; 9
9; r; 315291; 1088; 835; 91; 315290; 7
9; r; 346067; 1088; 539; 54; 346066; 6
9; r; 346708; 1088; 278; 26; 346707; 6
9; r; 805597; 1088; 226; 21; 805596; 10
9; r; 808160; 1088; 734; 78; 808159; 16
9; r; 811365; 1088; 361; 40; 811364; 8
9; r; 812006; 1088; 353; 38; 812005; 11
9; r; 814569; 1088; 356; 39; 814568; 7
9; r; 815210; 1088; 1; 0; 815209; 15
9; r; 817133; 1088; 247; 22; 817132; 7
9; r; 822258; 1088; 192; 17; 822257; 7
9; r; 826104; 1088; 344; 37; 826103; 7
9; r; 828026; 1088; 394; 42; 828025; 10
9; r; 829948; 1088; 512; 51; 829947; 15
9; r; 837639; 1088; 129; 10; 837638; 12
9; r; 844686; 1088; 1003; 111; 844685; 8
9; r; 845968; 1088; 321; 34; 845967; 10
9; r; 849814; 1088; 992; 110; 849813; 17
9; r; 850455; 1088; 538; 53; 850454; 7
9; r; 853659; 1088; 282; 27; 853658; 10
9; r; 854300; 1088; 314; 31; 854299; 12
9; r; 854941; 1088; 253; 23; 854940; 8
9; r; 856863; 1088; 600; 65; 856862; 7
9; r; 858785; 1088; 1085; 222; 58784; 1
9; r; 859426; 1088; 924; 102; 859425; 11
9; r; 860067; 1088; 959; 108; 860066; 10
9; r; 861990; 1088; 271; 25; 861989; 10
9; r; 865835; 1088; 88; 7; 865834; 9
9; r; 867758; 1088; 919; 210; 67757; 1
9; r; 870963; 1088; 157; 11; 870962; 12
9; r; 875449; 1088; 303; 30; 875448; 10
9; r; 879935; 1088; 178; 15; 879934; 10
9; r; 881858; 1088; 742; 79; 881857; 9
9; r; 885704; 1088; 9; 1; 885703; 13
9; r; 888267; 1088; 985; 216; 88266; 1
9; r; 892113; 1088; 10; 2; 892112; 9
9; r; 892754; 1088; 289; 29; 892753; 9
9; r; 894036; 1088; 200; 18; 894035; 13
9; r; 904929; 1088; 439; 45; 904928; 9
9; r; 905570; 1088; 905; 99; 905569; 7
9; r; 907493; 1088; 315; 32; 907492; 8
9; r; 910697; 1088; 562; 57; 910696; 10
9; r; 915182; 1088; 548; 168; 115181; 5
9; r; 921590; 1088; 432; 44; 921589; 8
9; r; 924154; 1088; 176; 14; 924153; 10
9; r; 934408; 1088; 38; 5; 934407; 15
9; r; 937612; 1088; 343; 36; 937611; 8
9; r; 940175; 1088; 164; 12; 940174; 11
9; r; 941456; 1088; 222; 20; 941455; 8
9; r; 954914; 1088; 456; 47; 954913; 14
9; r; 958119; 1088; 65; 6; 958118; 9
9; r; 965808; 1088; 776; 190; 165807; 4
9; r; 989521; 1088; 22; 3; 989520; 13
9; r; 999135; 1088; 870; 96; 999134; 9
9; r; 1020925; 1088; 515; 164; 220924; 5
9; r; 1033103; 1088; 602; 66; 1033102; 23
9; r; 1036307; 1088; 756; 188; 236306; 3
9; r; 1044637; 1088; 1076; 221; 244636; 4
9; r; 1052969; 1088; 117; 9; 1052968; 13
9; r; 1056174; 1088; 292; 143; 256173; 5
9; r; 1057456; 1088; 384; 152; 257455; 6
9; r; 1060660; 1088; 296; 144; 260659; 7
9; r; 1068994; 1088; 640; 69; 1068993; 7
9; r; 1072840; 1088; 876; 203; 272839; 6
9; r; 1081814; 1088; 814; 196; 281813; 3
9; r; 1083737; 1088; 699; 183; 283736; 7
9; r; 1088224; 1088; 371; 41; 1088223; 11
9; r; 1113223; 1088; 388; 153; 313222; 6
9; r; 1115787; 1088; 118; 126; 315786; 7
9; r; 1116429; 1088; 902; 207; 316428; 6
9; r; 1118993; 1088; 413; 155; 318992; 7
9; r; 1125403; 1088; 677; 73; 1125402; 18
9; r; 1133097; 1088; 899; 206; 333096; 5
9; r; 1179916; 1088; 841; 93; 1179915; 8
9; r; 1601427; 1088; 1087; 223; 801426; 3
9; r; 1608477; 1088; 586; 171; 808476; 6
9; r; 1611681; 1088; 566; 58; 1611680; 12
9; r; 1612963; 1088; 542; 166; 812962; 6
9; r; 1618090; 1088; 649; 179; 818089; 5
9; r; 1621935; 1088; 177; 133; 821934; 9
9; r; 1622576; 1088; 569; 169; 822575; 8
9; r; 1624499; 1088; 590; 172; 824498; 7
9; r; 1628983; 1088; 822; 198; 828982; 5
9; r; 1632187; 1088; 875; 202; 832186; 7
9; r; 1632828; 1088; 351; 148; 832827; 11
9; r; 1648848; 1088; 753; 81; 1648847; 9
9; r; 1656540; 1088; 282; 142; 856539; 10
9; r; 1662949; 1088; 738; 187; 862948; 6
9; r; 1666795; 1088; 360; 149; 866794; 9
9; r; 1674486; 1088; 895; 205; 874485; 13
9; r; 1675127; 1088; 917; 209; 875126; 8
9; r; 1678332; 1088; 942; 212; 878331; 4
9; r; 1682178; 1088; 486; 161; 882177; 6
9; r; 1682819; 1088; 641; 178; 882818; 6
9; r; 1684101; 1088; 804; 193; 884100; 9
9; r; 1685383; 1088; 214; 138; 885382; 6
9; r; 1686024; 1088; 155; 130; 886023; 10
9; r; 1691151; 1088; 728; 185; 891150; 12
9; r; 1692433; 1088; 186; 134; 892432; 8
9; r; 1694997; 1088; 880; 204; 894996; 6
9; r; 1709737; 1088; 584; 170; 909736; 9
9; r; 1710378; 1088; 415; 156; 910377; 6
9; r; 1711660; 1088; 544; 167; 911659; 9
9; r; 1712301; 1088; 128; 128; 912300; 9
9; r; 1718070; 1088; 193; 135; 918069; 9
9; r; 1719351; 1088; 660; 181; 919350; 8
9; r; 1728965; 1088; 499; 163; 928964; 9
9; r; 1730247; 1088; 959; 213; 930246; 7
9; r; 1732811; 1088; 705; 184; 932810; 8
9; r; 1733452; 1088; 806; 194; 933451; 6
9; r; 1734734; 1088; 368; 150; 934733; 11
9; r; 1740500; 1088; 260; 140; 940499; 9
9; r; 1746909; 1088; 53; 120; 946908; 9
9; r; 1750754; 1088; 639; 177; 950753; 7
9; r; 1754600; 1088; 37; 117; 954599; 13
9; r; 1758446; 1088; 458; 158; 958445; 9
9; r; 1759728; 1088; 530; 165; 959727; 8
9; r; 1762292; 1088; 451; 157; 962291; 7
9; r; 1762933; 1088; 162; 131; 962932; 8
9; r; 1767419; 1088; 807; 195; 967418; 9
9; r; 1770623; 1088; 698; 182; 970622; 7
9; r; 1777033; 1088; 462; 159; 977032; 9
9; r; 1779597; 1088; 973; 215; 979596; 4
9; r; 1780879; 1088; 818; 197; 980878; 8
9; r; 1783442; 1088; 398; 154; 983441; 15
9; r; 1791133; 1088; 16; 116; 991132; 9
9; r; 1795620; 1088; 144; 129; 995619; 9
9; r; 1796902; 1088; 735; 186; 996901; 7
9; r; 1798184; 1088; 167; 132; 998183; 9
9; r; 1799466; 1088; 306; 145; 999465; 11
9; r; 1823818; 1088; 467; 160; 1023817; 11
9; r; 1832151; 1088; 93; 123; 1032150; 11
9; r; 1837919; 1088; 114; 125; 1037918; 9
9; r; 1843688; 1088; 33; 4; 1843687; 15
9; r; 1844329; 1088; 9; 115; 1044328; 10
9; r; 1855867; 1088; 773; 189; 1055866; 7
9; r; 1895610; 1088; 965; 214; 1095609; 9
9; r; 1899457; 1088; 655; 180; 1099456; 7
9; r; 1914201; 1088; 209; 137; 1114200; 10
9; r; 1921895; 1088; 370; 151; 1121894; 9
9; r; 1966805; 1088; 47; 119; 1166804; 11
9; r; 2402295; 1088; 607; 174; 1602294; 10
9; r; 2408064; 1088; 265; 141; 1608063; 13
9; r; 2409346; 1088; 85; 122; 1609345; 15
9; r; 2415756; 1088; 629; 176; 1615755; 13
9; r; 2422166; 1088; 74; 121; 1622165; 12
9; r; 2424089; 1088; 255; 139; 1624088; 12
9; r; 2445888; 1088; 498; 162; 1645887; 12
9; r; 2486953; 1088; 844; 200; 1686952; 10
9; r; 2492096; 1088; 43; 118; 1692095; 12
9; r; 2501162; 1088; 928; 211; 1701161; 11
9; r; 2505757; 1088; 1030; 217; 1705756; 11
