iter; type; time slot; d_nodes; s_nodes; pid; nslot; nhop
0; r; 12938; 1088; 328; 0; 12221; 7
0; r; 14862; 1088; 725; 4; 12360; 3
0; r; 38589; 1088; 428; 13; 32811; 5
0; r; 53969; 1088; 822; 5; 51125; 2
0; r; 55251; 1088; 509; 15; 49178; 6
0; r; 58457; 1088; 782; 2; 56604; 4
0; r; 66149; 1088; 9; 10; 61581; 10
0; r; 72562; 1088; 914; 22; 60103; 3
0; r; 80893; 1088; 454; 49; 49731; 5
0; r; 87943; 1088; 916; 24; 75263; 2
0; r; 100124; 1088; 755; 21; 87728; 3
0; r; 104611; 1088; 975; 17; 96901; 3
0; r; 112943; 1088; 613; 26; 98992; 6
0; r; 177683; 1088; 919; 30; 160460; 1
0; r; 187298; 1088; 329; 8; 183871; 5
0; r; 197554; 1088; 736; 44; 169692; 7
0; r; 211014; 1088; 1069; 37; 188238; 6
0; r; 212296; 1088; 478; 12; 206835; 7
0; r; 227041; 1088; 846; 36; 204992; 4
0; r; 237300; 1088; 163; 7; 233900; 7
0; r; 247558; 1088; 625; 39; 224189; 4
0; r; 662949; 1088; 533; 47; 633079; 8
0; r; 663590; 1088; 109; 55; 235970; 12
0; r; 667436; 1088; 718; 18; 658486; 4
0; r; 674488; 1088; 614; 34; 655874; 9
0; r; 693716; 1088; 145; 33; 675279; 9
0; r; 723206; 1088; 206; 35; 702661; 12
0; r; 725769; 1088; 1030; 50; 694109; 12
0; r; 734741; 1088; 231; 3; 732683; 13
0; r; 737946; 1088; 127; 32; 720252; 7
0; r; 739228; 1088; 1063; 31; 721934; 11
0; r; 740510; 1088; 852; 1; 739275; 8
0; r; 752689; 1088; 503; 38; 729352; 11
0; r; 766149; 1088; 390; 23; 753521; 7
0; r; 769353; 1088; 971; 29; 752462; 5
0; r; 771276; 1088; 211; 16; 765143; 14
0; r; 783455; 1088; 913; 43; 756657; 2
0; r; 784096; 1088; 366; 28; 768629; 14
0; r; 797554; 1088; 529; 14; 791752; 11
0; r; 802042; 1088; 670; 27; 787695; 8
0; r; 813578; 1088; 891; 45; 785213; 8
0; r; 828320; 1088; 190; 25; 814508; 8
0; r; 831525; 1088; 374; 51; 799001; 9
0; r; 841780; 1088; 696; 48; 811016; 13
0; r; 868700; 1088; 722; 40; 845171; 10
0; r; 881519; 1088; 82; 19; 871273; 13
0; r; 882801; 1088; 221; 41; 858739; 11
0; r; 890492; 1088; 2; 53; 469357; 18
0; r; 894979; 1088; 778; 78; 81311; 3
0; r; 926387; 1088; 680; 58; 122423; 4
0; r; 948182; 1088; 833; 20; 937631; 14
0; r; 954593; 1088; 1004; 46; 925372; 14
0; r; 964851; 1088; 875; 89; 146132; 4
0; r; 966133; 1088; 555; 77; 152800; 5
0; r; 1031510; 1088; 970; 9; 1027807; 17
0; r; 1040485; 1088; 870; 70; 230734; 4
0; r; 1466813; 1088; 323; 103; 635518; 6
0; r; 1467453; 1088; 360; 85; 651325; 6
0; r; 1470659; 1088; 299; 90; 651939; 13
0; r; 1472581; 1088; 994; 64; 665665; 8
0; r; 1475787; 1088; 745; 98; 652942; 7
0; r; 1486042; 1088; 216; 82; 671543; 6
0; r; 1495016; 1088; 916; 74; 682336; 2
0; r; 1500783; 1088; 584; 42; 1474881; 17
0; r; 1507192; 1088; 935; 61; 700559; 6
0; r; 1514242; 1088; 1021; 102; 684243; 7
0; r; 1518087; 1088; 899; 76; 704762; 6
0; r; 1519369; 1088; 621; 66; 712257; 5
0; r; 1530265; 1088; 445; 59; 724267; 7
0; r; 1531546; 1088; 141; 87; 713684; 9
0; r; 1541799; 1088; 857; 101; 714229; 2
0; r; 1546285; 1088; 1054; 100; 719286; 1
0; r; 1555898; 1088; 145; 88; 737461; 10
0; r; 1566793; 1088; 270; 6; 1563880; 15
0; r; 1578329; 1088; 1031; 57; 774410; 6
0; r; 1590507; 1088; 103; 67; 782366; 10
0; r; 1596276; 1088; 250; 92; 776349; 12
0; r; 1609095; 1088; 784; 86; 792753; 3
0; r; 1619992; 1088; 273; 60; 813434; 8
0; r; 1621915; 1088; 501; 84; 806636; 8
0; r; 1622556; 1088; 312; 95; 801171; 9
0; r; 1634732; 1088; 665; 79; 821051; 8
0; r; 1655883; 1088; 494; 69; 847118; 6
0; r; 1672549; 1088; 1033; 56; 870128; 6
0; r; 1678319; 1088; 1065; 83; 863397; 6
0; r; 1686012; 1088; 587; 75; 873100; 13
0; r; 1703957; 1088; 894; 91; 884055; 13
0; r; 1734726; 1088; 461; 62; 927976; 7
0; r; 1737932; 1088; 12; 65; 930931; 11
0; r; 1743062; 1088; 576; 94; 922987; 10
0; r; 1743704; 1088; 132; 99; 919340; 12
0; r; 1753321; 1088; 38; 97; 930525; 11
0; r; 1757170; 1088; 808; 68; 948910; 7
0; r; 1760375; 1088; 202; 96; 938101; 11
0; r; 1773838; 1088; 66; 71; 963640; 9
0; r; 1793719; 1088; 1070; 63; 986917; 9
0; r; 1798849; 1088; 133; 73; 986382; 14
0; r; 1845719; 1088; 228; 72; 1034188; 12
0; r; 1858582; 1088; 613; 80; 1044631; 4
0; r; 2329648; 1088; 260; 104; 1496913; 13
1; r; 8337; 1088; 659; 34; 8336; 3
1; r; 18595; 1088; 725; 39; 18594; 3
1; r; 22441; 1088; 718; 38; 22440; 3
1; r; 31415; 1088; 7; 0; 31414; 9
1; r; 32698; 1088; 804; 43; 32697; 6
1; r; 41669; 1088; 1034; 54; 41668; 6
1; r; 83323; 1088; 657; 33; 83322; 3
1; r; 87169; 1088; 986; 52; 87168; 1
1; r; 104475; 1088; 230; 13; 104474; 7
1; r; 117937; 1088; 91; 3; 117936; 7
1; r; 124347; 1088; 229; 12; 124346; 6
1; r; 126911; 1088; 1052; 56; 126910; 1
1; r; 130758; 1088; 611; 31; 130757; 4
1; r; 141012; 1088; 293; 17; 141011; 7
1; r; 147420; 1088; 840; 45; 147419; 5
1; r; 155112; 1088; 1083; 58; 155111; 1
1; r; 164085; 1088; 842; 46; 164084; 5
1; r; 180108; 1088; 912; 49; 180107; 3
1; r; 187800; 1088; 450; 25; 187799; 6
1; r; 195492; 1088; 227; 11; 195491; 9
1; r; 216005; 1088; 295; 18; 216004; 8
1; r; 223698; 1088; 813; 44; 223697; 3
1; r; 228185; 1088; 593; 30; 228184; 4
1; r; 237163; 1088; 477; 26; 237162; 5
1; r; 251266; 1088; 107; 5; 251265; 11
1; r; 254473; 1088; 746; 42; 254472; 4
1; r; 255114; 1088; 488; 27; 255113; 5
1; r; 289101; 1088; 670; 35; 289100; 8
1; r; 305772; 1088; 76; 2; 305771; 11
1; r; 339134; 1088; 220; 10; 339133; 6
1; r; 346194; 1088; 574; 29; 346193; 7
1; r; 346835; 1088; 613; 32; 346834; 5
1; r; 766299; 1088; 358; 21; 766298; 10
1; r; 773350; 1088; 423; 23; 773349; 10
1; r; 781041; 1088; 124; 8; 781040; 10
1; r; 787451; 1088; 994; 53; 787450; 10
1; r; 803474; 1088; 964; 51; 803473; 9
1; r; 809241; 1088; 14; 1; 809240; 12
1; r; 816291; 1088; 695; 36; 816290; 8
1; r; 828468; 1088; 243; 15; 828467; 9
1; r; 838083; 1088; 442; 24; 838082; 7
1; r; 842570; 1088; 332; 20; 842569; 7
1; r; 846416; 1088; 855; 110; 46415; 2
1; r; 848980; 1088; 738; 41; 848979; 8
1; r; 855391; 1088; 120; 7; 855390; 8
1; r; 862441; 1088; 706; 37; 862440; 10
1; r; 877183; 1088; 877; 47; 877182; 10
1; r; 886156; 1088; 129; 9; 886155; 7
1; r; 907308; 1088; 940; 111; 107307; 3
1; r; 910513; 1088; 396; 22; 910512; 12
1; r; 929740; 1088; 980; 114; 129739; 2
1; r; 939355; 1088; 651; 93; 139354; 4
1; r; 941918; 1088; 450; 83; 141917; 5
1; r; 953455; 1088; 245; 16; 953454; 14
1; r; 956019; 1088; 257; 73; 156018; 7
1; r; 962430; 1088; 231; 14; 962429; 18
1; r; 965635; 1088; 511; 28; 965634; 15
1; r; 974609; 1088; 1072; 119; 174608; 4
1; r; 982941; 1088; 985; 115; 182940; 1
1; r; 989351; 1088; 846; 108; 189350; 4
1; r; 1013070; 1088; 730; 40; 1013069; 12
1; r; 1033585; 1088; 747; 100; 233584; 3
1; r; 1081027; 1088; 960; 112; 281026; 9
1; r; 1084873; 1088; 494; 86; 284872; 5
1; r; 1089363; 1088; 218; 70; 289362; 6
1; r; 1090004; 1088; 806; 102; 290003; 5
1; r; 1098339; 1088; 17; 60; 298338; 9
1; r; 1121431; 1088; 151; 67; 321430; 8
1; r; 1149025; 1088; 800; 101; 349024; 8
1; r; 1556554; 1088; 486; 85; 756553; 6
1; r; 1557836; 1088; 1071; 118; 757835; 5
1; r; 1568733; 1088; 822; 105; 768732; 7
1; r; 1569374; 1088; 814; 104; 769373; 3
1; r; 1587319; 1088; 222; 71; 787318; 6
1; r; 1589883; 1088; 839; 107; 789882; 5
1; r; 1602060; 1088; 418; 82; 802059; 6
1; r; 1605264; 1088; 681; 96; 805263; 9
1; r; 1620005; 1088; 694; 97; 820004; 8
1; r; 1623210; 1088; 638; 91; 823209; 9
1; r; 1627697; 1088; 316; 76; 827696; 7
1; r; 1628338; 1088; 629; 90; 828337; 11
1; r; 1636029; 1088; 541; 88; 836028; 8
1; r; 1638593; 1088; 644; 92; 838592; 10
1; r; 1644362; 1088; 410; 81; 844361; 9
1; r; 1645643; 1088; 673; 95; 845642; 6
1; r; 1652694; 1088; 109; 64; 852693; 13
1; r; 1653335; 1088; 123; 65; 853334; 8
1; r; 1666153; 1088; 126; 66; 866152; 15
1; r; 1676408; 1088; 291; 74; 876407; 10
1; r; 1680253; 1088; 702; 98; 880252; 6
1; r; 1683458; 1088; 85; 62; 883457; 7
1; r; 1688585; 1088; 665; 94; 888584; 7
1; r; 1709738; 1088; 834; 106; 909737; 7
1; r; 1710379; 1088; 360; 78; 910378; 11
1; r; 1734098; 1088; 1066; 117; 934097; 9
1; r; 1762302; 1088; 992; 116; 962301; 11
1; r; 1784737; 1088; 566; 89; 984736; 13
1; r; 1793712; 1088; 881; 48; 1793711; 24
1; r; 1796276; 1088; 496; 87; 996275; 11
1; r; 1808458; 1088; 963; 113; 1008457; 10
1; r; 1833463; 1088; 463; 84; 1033462; 9
1; r; 1836027; 1088; 734; 99; 1036026; 8
1; r; 1861687; 1088; 348; 77; 1061686; 12
1; r; 1875801; 1088; 27; 61; 1075800; 10
1; r; 1880932; 1088; 807; 103; 1080931; 5
1; r; 1890568; 1088; 390; 80; 1090567; 12
1; r; 1892497; 1088; 303; 75; 1092496; 8
1; r; 1916904; 1088; 2; 59; 1116903; 12
1; r; 1932991; 1088; 224; 72; 1132990; 13
1; r; 1933639; 1088; 95; 63; 1133638; 9
2; r; 23082; 1088; 321; 15; 23081; 5
2; r; 26927; 1088; 568; 22; 26926; 8
2; r; 39744; 1088; 401; 16; 39743; 9
2; r; 44871; 1088; 1072; 51; 44870; 4
2; r; 52562; 1088; 682; 29; 52561; 3
2; r; 55125; 1088; 708; 31; 55124; 9
2; r; 60892; 1088; 690; 30; 60891; 3
2; r; 86530; 1088; 411; 17; 86529; 7
2; r; 87170; 1088; 92; 2; 87169; 12
2; r; 96143; 1088; 912; 42; 96142; 3
2; r; 106395; 1088; 1076; 52; 106394; 4
2; r; 107036; 1088; 1039; 47; 107035; 3
2; r; 117293; 1088; 778; 36; 117292; 9
2; r; 124984; 1088; 864; 41; 124983; 6
2; r; 160878; 1088; 1017; 45; 160877; 1
2; r; 166647; 1088; 832; 39; 166646; 9
2; r; 177544; 1088; 632; 28; 177543; 7
2; r; 205110; 1088; 290; 13; 205109; 5
2; r; 207032; 1088; 929; 43; 207031; 7
2; r; 220493; 1088; 755; 35; 220492; 2
2; r; 223057; 1088; 787; 37; 223056; 4
2; r; 234599; 1088; 565; 21; 234598; 7
2; r; 237805; 1088; 1079; 53; 237804; 2
2; r; 241010; 1088; 623; 27; 241009; 7
2; r; 244856; 1088; 845; 40; 244855; 4
2; r; 248703; 1088; 162; 9; 248702; 6
2; r; 271142; 1088; 1064; 50; 271141; 5
2; r; 683839; 1088; 714; 32; 683838; 6
2; r; 686403; 1088; 1042; 48; 686402; 7
2; r; 702431; 1088; 58; 1; 702430; 21
2; r; 715893; 1088; 478; 18; 715892; 9
2; r; 722944; 1088; 1024; 46; 722943; 10
2; r; 726789; 1088; 621; 26; 726788; 7
2; r; 743455; 1088; 1043; 49; 743454; 6
2; r; 746659; 1088; 596; 23; 746658; 9
2; r; 762683; 1088; 239; 11; 762682; 11
2; r; 774221; 1088; 108; 5; 774220; 12
2; r; 804347; 1088; 160; 8; 804346; 11
2; r; 822294; 1088; 135; 7; 822293; 11
2; r; 834473; 1088; 1083; 111; 34472; 1
2; r; 881258; 1088; 101; 4; 881257; 36
2; r; 894078; 1088; 215; 10; 894077; 7
2; r; 896001; 1088; 602; 25; 896000; 9
2; r; 907538; 1088; 603; 85; 107537; 7
2; r; 920359; 1088; 1073; 110; 120358; 3
2; r; 929332; 1088; 852; 100; 129331; 2
2; r; 935741; 1088; 797; 38; 935740; 10
2; r; 937023; 1088; 295; 14; 937022; 14
2; r; 953047; 1088; 919; 106; 153046; 1
2; r; 954970; 1088; 419; 74; 154969; 5
2; r; 959457; 1088; 742; 93; 159456; 4
2; r; 965226; 1088; 718; 92; 165225; 4
2; r; 979970; 1088; 813; 98; 179969; 4
2; r; 988302; 1088; 985; 109; 188301; 1
2; r; 995993; 1088; 743; 94; 195992; 6
2; r; 1008816; 1088; 901; 104; 208815; 7
2; r; 1015869; 1088; 50; 57; 215868; 8
2; r; 1016510; 1088; 149; 61; 216509; 8
2; r; 1028690; 1088; 721; 33; 1028689; 7
2; r; 1042153; 1088; 711; 91; 242152; 3
2; r; 1068440; 1088; 105; 59; 268439; 9
2; r; 1474751; 1088; 479; 19; 1474750; 12
2; r; 1493979; 1088; 771; 96; 693978; 10
2; r; 1495902; 1088; 179; 64; 695901; 9
2; r; 1504874; 1088; 422; 75; 704873; 9
2; r; 1506797; 1088; 891; 102; 706796; 14
2; r; 1509361; 1088; 894; 103; 709360; 12
2; r; 1514488; 1088; 606; 86; 714487; 7
2; r; 1526026; 1088; 935; 108; 726025; 8
2; r; 1535640; 1088; 703; 90; 735639; 8
2; r; 1540127; 1088; 818; 99; 740126; 5
2; r; 1563842; 1088; 352; 73; 763841; 8
2; r; 1569610; 1088; 860; 101; 769609; 10
2; r; 1576020; 1088; 187; 65; 776019; 8
2; r; 1581148; 1088; 659; 88; 781147; 4
2; r; 1590762; 1088; 723; 34; 1590761; 16
2; r; 1593325; 1088; 55; 58; 793324; 9
2; r; 1595248; 1088; 921; 107; 795247; 9
2; r; 1615758; 1088; 628; 87; 815757; 11
2; r; 1637550; 1088; 328; 70; 837549; 6
2; r; 1642677; 1088; 252; 12; 1642676; 18
2; r; 1648446; 1088; 18; 54; 848445; 9
2; r; 1661265; 1088; 487; 78; 861264; 6
2; r; 1665752; 1088; 169; 63; 865751; 14
2; r; 1673444; 1088; 351; 72; 873443; 9
2; r; 1693313; 1088; 555; 81; 893312; 8
2; r; 1713186; 1088; 468; 76; 913185; 7
2; r; 1725367; 1088; 527; 80; 925366; 6
2; r; 1726650; 1088; 240; 66; 926649; 9
2; r; 1747808; 1088; 492; 79; 947807; 6
2; r; 1749090; 1088; 584; 84; 949089; 6
2; r; 1763839; 1088; 567; 83; 963838; 10
2; r; 1785637; 1088; 762; 95; 985636; 11
2; r; 1790126; 1088; 473; 77; 990125; 8
2; r; 1792049; 1088; 146; 60; 992048; 10
2; r; 1796536; 1088; 566; 82; 996535; 15
2; r; 1808079; 1088; 661; 89; 1008078; 9
2; r; 1811926; 1088; 776; 97; 1011925; 9
2; r; 1835010; 1088; 275; 67; 1035009; 11
2; r; 1857478; 1088; 155; 62; 1057477; 9
2; r; 1870334; 1088; 47; 56; 1070333; 15
2; r; 2284640; 1088; 307; 69; 1484639; 13
2; r; 2319912; 1088; 32; 55; 1519911; 20
3; r; 23721; 1088; 1071; 49; 23720; 7
3; r; 31411; 1088; 727; 37; 31410; 8
3; r; 55767; 1088; 1028; 47; 55766; 8
3; r; 69225; 1088; 362; 21; 69224; 6
3; r; 69866; 1088; 250; 12; 69865; 10
3; r; 73713; 1088; 205; 10; 73712; 9
3; r; 75636; 1088; 448; 29; 75635; 5
3; r; 91017; 1088; 828; 39; 91016; 7
3; r; 527568; 1088; 588; 34; 527567; 15
3; r; 535907; 1088; 629; 35; 535906; 10
3; r; 600058; 1088; 463; 31; 600057; 9
3; r; 618016; 1088; 1014; 45; 618015; 2
3; r; 624428; 1088; 778; 38; 624427; 6
3; r; 625069; 1088; 355; 19; 625068; 16
3; r; 678284; 1088; 544; 33; 678283; 9
3; r; 687261; 1088; 25; 2; 687260; 10
3; r; 698798; 1088; 41; 4; 698797; 11
3; r; 701363; 1088; 395; 25; 701362; 9
3; r; 719312; 1088; 338; 17; 719311; 17
3; r; 728287; 1088; 211; 11; 728286; 11
3; r; 743027; 1088; 966; 43; 743026; 8
3; r; 750078; 1088; 63; 5; 750077; 9
3; r; 750719; 1088; 412; 27; 750718; 11
3; r; 755206; 1088; 16; 1; 755205; 12
3; r; 780843; 1088; 386; 24; 780842; 7
3; r; 801992; 1088; 290; 15; 801991; 10
3; r; 814168; 1088; 422; 28; 814167; 6
3; r; 838524; 1088; 36; 3; 838523; 14
3; r; 839806; 1088; 925; 41; 839805; 10
3; r; 867366; 1088; 359; 20; 867365; 10
3; r; 872495; 1088; 340; 18; 872494; 12
3; r; 880187; 1088; 367; 23; 880186; 11
3; r; 889160; 1088; 879; 91; 89159; 3
3; r; 901336; 1088; 284; 14; 901335; 14
3; r; 901977; 1088; 255; 13; 901976; 16
3; r; 908384; 1088; 14; 0; 908383; 13
3; r; 916716; 1088; 1015; 46; 916715; 9
3; r; 917357; 1088; 114; 7; 917356; 15
3; r; 922483; 1088; 958; 42; 922482; 8
3; r; 1347507; 1088; 1087; 99; 547506; 4
3; r; 1369311; 1088; 399; 26; 1369310; 14
3; r; 1377647; 1088; 850; 40; 1377646; 13
3; r; 1381494; 1088; 449; 30; 1381493; 14
3; r; 1407135; 1088; 216; 57; 607134; 9
3; r; 1412904; 1088; 542; 74; 612903; 6
3; r; 1414827; 1088; 364; 22; 1414826; 17
3; r; 1432773; 1088; 711; 84; 632772; 5
3; r; 1434696; 1088; 505; 71; 634695; 7
3; r; 1439825; 1088; 802; 89; 639824; 8
3; r; 1447517; 1088; 257; 60; 647516; 7
3; r; 1457774; 1088; 81; 50; 657773; 9
3; r; 1482132; 1088; 679; 36; 1482131; 11
3; r; 1516101; 1088; 462; 68; 716100; 8
3; r; 1522510; 1088; 784; 87; 722509; 4
3; r; 1523792; 1088; 524; 73; 723791; 6
3; r; 1529559; 1088; 90; 53; 729558; 9
3; r; 1530200; 1088; 911; 94; 730199; 3
3; r; 1541738; 1088; 568; 76; 741737; 11
3; r; 1552634; 1088; 756; 85; 752633; 3
3; r; 1558403; 1088; 442; 67; 758402; 8
3; r; 1560326; 1088; 230; 58; 760325; 15
3; r; 1574428; 1088; 325; 64; 774427; 6
3; r; 1575069; 1088; 259; 61; 775068; 8
3; r; 1586606; 1088; 329; 16; 1586605; 13
3; r; 1594298; 1088; 830; 90; 794297; 12
3; r; 1596862; 1088; 959; 95; 796861; 7
3; r; 1610324; 1088; 149; 56; 810323; 8
3; r; 1614811; 1088; 665; 82; 814810; 8
3; r; 1619297; 1088; 1032; 97; 819296; 7
3; r; 1620579; 1088; 1064; 98; 820578; 7
3; r; 1621220; 1088; 669; 83; 821219; 7
3; r; 1634679; 1088; 116; 54; 834678; 9
3; r; 1648140; 1088; 599; 78; 848139; 9
3; r; 1651345; 1088; 557; 75; 851344; 9
3; r; 1655191; 1088; 86; 52; 855190; 7
3; r; 1671856; 1088; 791; 88; 871855; 2
3; r; 1674420; 1088; 268; 62; 874419; 10
3; r; 1675061; 1088; 437; 66; 875060; 13
3; r; 1683395; 1088; 296; 63; 883394; 8
3; r; 1687241; 1088; 600; 79; 887240; 12
3; r; 1702624; 1088; 578; 77; 902623; 7
3; r; 1718651; 1088; 126; 55; 918650; 14
3; r; 2173045; 1088; 883; 92; 1373044; 11
3; r; 2189717; 1088; 473; 69; 1389716; 11
3; r; 2207672; 1088; 245; 59; 1407671; 17
3; r; 2210235; 1088; 641; 81; 1410234; 13
3; r; 2225626; 1088; 497; 70; 1425625; 11
3; r; 2253198; 1088; 639; 80; 1453197; 15
3; r; 2292976; 1088; 969; 96; 1492975; 14
3; r; 2312862; 1088; 892; 93; 1512861; 19
3; r; 2318642; 1088; 471; 32; 2318641; 23
3; r; 2376523; 1088; 521; 72; 1576522; 21
4; r; 22442; 1088; 809; 38; 22441; 5
4; r; 30133; 1088; 1012; 51; 30132; 2
4; r; 45516; 1088; 645; 32; 45515; 6
4; r; 60259; 1088; 734; 34; 60258; 7
4; r; 64105; 1088; 586; 29; 64104; 4
4; r; 67310; 1088; 1007; 50; 67309; 4
4; r; 68592; 1088; 571; 28; 68591; 7
4; r; 77565; 1088; 741; 35; 77564; 8
4; r; 89103; 1088; 886; 40; 89102; 2
4; r; 105769; 1088; 625; 30; 105768; 4
4; r; 106410; 1088; 956; 47; 106409; 1
4; r; 123076; 1088; 181; 6; 123075; 12
4; r; 123717; 1088; 263; 11; 123716; 8
4; r; 133973; 1088; 475; 21; 133972; 5
4; r; 134614; 1088; 393; 19; 134613; 5
4; r; 135255; 1088; 1084; 56; 135254; 1
4; r; 138460; 1088; 838; 39; 138459; 7
4; r; 140383; 1088; 513; 24; 140382; 7
4; r; 175638; 1088; 944; 46; 175637; 3
4; r; 182049; 1088; 709; 33; 182048; 7
4; r; 191023; 1088; 283; 13; 191022; 10
4; r; 208331; 1088; 174; 4; 208330; 11
4; r; 211535; 1088; 149; 3; 211534; 8
4; r; 214740; 1088; 938; 45; 214739; 4
4; r; 223716; 1088; 517; 25; 223715; 5
4; r; 224357; 1088; 508; 23; 224356; 9
4; r; 234613; 1088; 931; 44; 234612; 5
4; r; 235254; 1088; 1073; 55; 235253; 4
4; r; 235895; 1088; 248; 10; 235894; 6
4; r; 258974; 1088; 215; 8; 258973; 10
4; r; 271801; 1088; 1039; 52; 271800; 5
4; r; 281418; 1088; 269; 12; 281417; 9
4; r; 290393; 1088; 973; 48; 290392; 4
4; r; 303217; 1088; 548; 27; 303216; 5
4; r; 345554; 1088; 428; 20; 345553; 6
4; r; 352614; 1088; 33; 1; 352613; 13
4; r; 788207; 1088; 387; 18; 788206; 12
4; r; 801025; 1088; 536; 26; 801024; 11
4; r; 802948; 1088; 27; 0; 802947; 10
4; r; 812563; 1088; 315; 15; 812562; 9
4; r; 814487; 1088; 746; 36; 814486; 13
4; r; 820896; 1088; 216; 9; 820895; 8
4; r; 822819; 1088; 209; 7; 822818; 8
4; r; 825382; 1088; 288; 14; 825381; 7
4; r; 835638; 1088; 496; 22; 835637; 19
4; r; 836279; 1088; 180; 5; 836278; 10
4; r; 842687; 1088; 362; 17; 842686; 10
4; r; 859353; 1088; 925; 43; 859352; 11
4; r; 879860; 1088; 995; 49; 879859; 12
4; r; 893319; 1088; 1066; 54; 893318; 18
4; r; 906780; 1088; 141; 2; 906779; 12
4; r; 908703; 1088; 782; 102; 108702; 3
4; r; 938830; 1088; 982; 109; 138829; 2
4; r; 939471; 1088; 1059; 53; 939470; 12
4; r; 950368; 1088; 670; 89; 150367; 7
4; r; 954856; 1088; 473; 86; 154855; 7
4; r; 959984; 1088; 1049; 113; 159983; 1
4; r; 965112; 1088; 709; 95; 165111; 5
4; r; 974086; 1088; 147; 68; 174085; 8
4; r; 979854; 1088; 863; 106; 179853; 7
4; r; 985621; 1088; 676; 90; 185620; 5
4; r; 991389; 1088; 701; 94; 191388; 5
4; r; 993314; 1088; 1053; 114; 193313; 1
4; r; 1024728; 1088; 940; 108; 224727; 5
4; r; 1026010; 1088; 338; 16; 1026009; 13
4; r; 1029856; 1088; 160; 70; 229855; 10
4; r; 1031779; 1088; 696; 92; 231778; 6
4; r; 1034343; 1088; 472; 85; 234342; 7
4; r; 1047167; 1088; 716; 97; 247166; 4
4; r; 1084993; 1088; 388; 81; 284992; 6
4; r; 1096536; 1088; 754; 98; 296535; 3
4; r; 1114489; 1088; 698; 93; 314488; 10
4; r; 1128601; 1088; 151; 69; 328600; 8
4; r; 1139506; 1088; 50; 62; 339505; 9
4; r; 1563902; 1088; 1042; 112; 763901; 5
4; r; 1578002; 1088; 1081; 115; 778001; 2
4; r; 1588897; 1088; 247; 74; 788896; 11
4; r; 1591460; 1088; 163; 71; 791459; 8
4; r; 1597870; 1088; 450; 82; 797869; 5
4; r; 1624790; 1088; 12; 58; 824789; 11
4; r; 1630559; 1088; 452; 83; 830558; 8
4; r; 1633763; 1088; 314; 78; 833762; 7
4; r; 1640814; 1088; 857; 105; 840813; 3
4; r; 1643377; 1088; 763; 99; 843376; 11
4; r; 1654915; 1088; 143; 66; 854914; 9
4; r; 1660043; 1088; 382; 80; 860042; 8
4; r; 1661325; 1088; 532; 87; 861324; 9
4; r; 1667093; 1088; 296; 75; 867092; 7
4; r; 1671579; 1088; 1012; 111; 871578; 4
4; r; 1715803; 1088; 311; 77; 915802; 10
4; r; 1720291; 1088; 868; 107; 920290; 5
4; r; 1733113; 1088; 239; 73; 933112; 9
4; r; 1733754; 1088; 361; 79; 933753; 19
4; r; 1735677; 1088; 81; 63; 935676; 10
4; r; 1747215; 1088; 1000; 110; 947214; 6
4; r; 1756189; 1088; 714; 96; 956188; 8
4; r; 1758753; 1088; 771; 101; 958752; 7
4; r; 1761958; 1088; 185; 72; 961957; 7
4; r; 1764522; 1088; 848; 104; 964521; 4
4; r; 1784403; 1088; 91; 64; 984402; 8
4; r; 1794663; 1088; 146; 67; 994662; 13
4; r; 1805562; 1088; 29; 60; 1005561; 9
4; r; 1806844; 1088; 466; 84; 1006843; 10
4; r; 1811972; 1088; 764; 100; 1011971; 14
4; r; 1838909; 1088; 38; 61; 1038908; 12
4; r; 1841474; 1088; 305; 76; 1041473; 9
4; r; 1844683; 1088; 125; 65; 1044682; 11
4; r; 1849172; 1088; 623; 88; 1049171; 8
4; r; 1865853; 1088; 677; 91; 1065852; 9
4; r; 1881259; 1088; 798; 103; 1081258; 10
4; r; 1914688; 1088; 13; 59; 1114687; 13
4; r; 1953443; 1088; 10; 57; 1153442; 12
5; r; 11545; 1088; 475; 29; 11544; 6
5; r; 37180; 1088; 831; 44; 37179; 7
5; r; 46154; 1088; 502; 31; 46153; 8
5; r; 46795; 1088; 709; 40; 46794; 5
5; r; 50640; 1088; 945; 51; 50639; 3
5; r; 51921; 1088; 1048; 58; 51920; 2
5; r; 65382; 1088; 883; 46; 65381; 2
5; r; 74357; 1088; 162; 8; 74356; 8
5; r; 77562; 1088; 1052; 59; 77561; 1
5; r; 83972; 1088; 292; 17; 83971; 6
5; r; 86535; 1088; 912; 49; 86534; 3
5; r; 96790; 1088; 890; 47; 96789; 1
5; r; 97431; 1088; 124; 5; 97430; 8
5; r; 98072; 1088; 798; 42; 98071; 9
5; r; 107688; 1088; 974; 54; 107687; 6
5; r; 115380; 1088; 239; 13; 115379; 7
5; r; 122431; 1088; 422; 24; 122430; 5
5; r; 133326; 1088; 252; 14; 133325; 7
5; r; 149350; 1088; 459; 27; 149349; 4
5; r; 163453; 1088; 446; 26; 163452; 8
5; r; 176916; 1088; 979; 55; 176915; 3
5; r; 189095; 1088; 277; 16; 189094; 9
5; r; 189736; 1088; 936; 50; 189735; 10
5; r; 195505; 1088; 542; 34; 195504; 6
5; r; 214738; 1088; 707; 39; 214737; 5
5; r; 224356; 1088; 159; 7; 224355; 12
5; r; 633940; 1088; 465; 28; 633939; 14
5; r; 640352; 1088; 957; 52; 640351; 14
5; r; 654453; 1088; 430; 25; 654452; 11
5; r; 661507; 1088; 307; 18; 661506; 8
5; r; 663430; 1088; 225; 11; 663429; 11
5; r; 673045; 1088; 807; 43; 673044; 11
5; r; 683942; 1088; 958; 53; 683941; 9
5; r; 696121; 1088; 871; 45; 696120; 8
5; r; 698044; 1088; 551; 35; 698043; 9
5; r; 715352; 1088; 903; 48; 715351; 7
5; r; 729453; 1088; 408; 23; 729452; 10
5; r; 738427; 1088; 1011; 56; 738426; 4
5; r; 765347; 1088; 532; 33; 765346; 13
5; r; 778167; 1088; 1043; 57; 778166; 7
5; r; 783935; 1088; 53; 2; 783934; 9
5; r; 788423; 1088; 156; 6; 788422; 10
5; r; 836493; 1088; 491; 30; 836492; 5
5; r; 846746; 1088; 44; 1; 846745; 11
5; r; 862130; 1088; 618; 84; 62129; 3
5; r; 866616; 1088; 386; 21; 866615; 8
5; r; 881358; 1088; 713; 41; 881357; 20
5; r; 891613; 1088; 404; 22; 891612; 8
5; r; 894177; 1088; 914; 101; 94176; 2
5; r; 894818; 1088; 367; 20; 894817; 12
5; r; 896740; 1088; 505; 32; 896739; 19
5; r; 908919; 1088; 255; 15; 908918; 11
5; r; 935200; 1088; 69; 3; 935199; 12
5; r; 935841; 1088; 101; 4; 935840; 9
5; r; 938405; 1088; 751; 95; 138404; 2
5; r; 940328; 1088; 179; 9; 940327; 10
5; r; 942892; 1088; 688; 90; 142891; 3
5; r; 953788; 1088; 1087; 114; 153787; 1
5; r; 960198; 1088; 974; 105; 160197; 3
5; r; 967249; 1088; 319; 19; 967248; 11
5; r; 999942; 1088; 870; 100; 199941; 5
5; r; 1001224; 1088; 562; 36; 1001223; 10
5; r; 1003147; 1088; 488; 75; 203146; 5
5; r; 1012764; 1088; 935; 103; 212763; 6
5; r; 1019175; 1088; 1021; 109; 219174; 1
5; r; 1438658; 1088; 975; 106; 638657; 5
5; r; 1458528; 1088; 124; 62; 658527; 9
5; r; 1463014; 1088; 250; 65; 663013; 8
5; r; 1468142; 1088; 585; 81; 668141; 4
5; r; 1476476; 1088; 734; 93; 676475; 8
5; r; 1480963; 1088; 517; 78; 680962; 10
5; r; 1486732; 1088; 572; 37; 1486731; 12
5; r; 1497630; 1088; 686; 89; 697629; 9
5; r; 1498271; 1088; 799; 97; 698270; 7
5; r; 1500835; 1088; 606; 82; 700834; 10
5; r; 1531600; 1088; 346; 69; 731599; 9
5; r; 1538009; 1088; 1068; 112; 738008; 9
5; r; 1548265; 1088; 329; 68; 748264; 5
5; r; 1554034; 1088; 740; 94; 754033; 8
5; r; 1555957; 1088; 695; 91; 755956; 8
5; r; 1558521; 1088; 1008; 108; 758520; 3
5; r; 1564930; 1088; 288; 66; 764929; 8
5; r; 1567493; 1088; 448; 73; 767492; 8
5; r; 1575185; 1088; 981; 107; 775184; 3
5; r; 1590565; 1088; 164; 64; 790564; 13
5; r; 1598256; 1088; 514; 77; 798255; 6
5; r; 1612356; 1088; 624; 85; 812355; 3
5; r; 1618125; 1088; 113; 61; 818124; 9
5; r; 1622612; 1088; 617; 83; 822611; 5
5; r; 1630948; 1088; 661; 86; 830947; 10
5; r; 1653381; 1088; 1040; 111; 853380; 8
5; r; 1657868; 1088; 933; 102; 857867; 6
5; r; 1677739; 1088; 664; 87; 877738; 8
5; r; 1679662; 1088; 1028; 110; 879661; 11
5; r; 1684150; 1088; 518; 79; 884149; 7
5; r; 1717478; 1088; 393; 71; 917477; 8
5; r; 1732221; 1088; 464; 74; 932220; 9
5; r; 1735426; 1088; 965; 104; 935425; 12
5; r; 1747607; 1088; 860; 99; 947606; 8
5; r; 1773255; 1088; 1079; 113; 973254; 9
5; r; 1779667; 1088; 726; 92; 979666; 11
5; r; 1796338; 1088; 547; 80; 996337; 10
5; r; 1805315; 1088; 297; 67; 1005314; 13
5; r; 1805956; 1088; 10; 60; 1005955; 13
5; r; 1811728; 1088; 433; 72; 1011727; 10
5; r; 1825845; 1088; 497; 76; 1025844; 9
5; r; 2239454; 1088; 209; 10; 2239453; 18
5; r; 2247798; 1088; 40; 0; 2247797; 21
5; r; 2261906; 1088; 676; 88; 1461905; 17
5; r; 2316453; 1088; 386; 70; 1516452; 14
5; r; 2370352; 1088; 754; 96; 1375963; 10
6; r; 17308; 1088; 1081; 65; 17307; 2
6; r; 22433; 1088; 977; 52; 22432; 3
6; r; 26279; 1088; 1062; 63; 26278; 7
6; r; 32047; 1088; 526; 25; 32046; 5
6; r; 35251; 1088; 1020; 57; 35250; 1
6; r; 41660; 1088; 831; 39; 41659; 6
6; r; 45506; 1088; 908; 45; 45505; 4
6; r; 53836; 1088; 442; 22; 53835; 7
6; r; 73705; 1088; 617; 31; 73704; 4
6; r; 78832; 1088; 976; 51; 78831; 4
6; r; 86523; 1088; 975; 50; 86522; 5
6; r; 91651; 1088; 435; 19; 91650; 12
6; r; 99982; 1088; 963; 47; 99981; 7
6; r; 102547; 1088; 967; 48; 102546; 5
6; r; 516170; 1088; 613; 30; 516169; 8
6; r; 535425; 1088; 680; 34; 535424; 5
6; r; 538634; 1088; 887; 43; 538633; 6
6; r; 543766; 1088; 1084; 66; 543765; 1
6; r; 548254; 1088; 721; 36; 548253; 3
6; r; 584155; 1088; 93; 4; 584154; 13
6; r; 599540; 1088; 1029; 58; 599539; 8
6; r; 636723; 1088; 756; 37; 636722; 4
6; r; 651466; 1088; 438; 20; 651465; 7
6; r; 666849; 1088; 1042; 61; 666848; 6
6; r; 672617; 1088; 562; 27; 672616; 9
6; r; 676464; 1088; 462; 23; 676463; 10
6; r; 689283; 1088; 36; 1; 689282; 9
6; r; 709153; 1088; 87; 3; 709152; 9
6; r; 711718; 1088; 843; 40; 711717; 7
6; r; 717486; 1088; 363; 18; 717485; 11
6; r; 720049; 1088; 250; 11; 720048; 11
6; r; 727099; 1088; 271; 12; 727098; 8
6; r; 748890; 1088; 319; 16; 748889; 7
6; r; 750172; 1088; 286; 13; 750171; 9
6; r; 760428; 1088; 162; 6; 760427; 10
6; r; 770682; 1088; 1007; 55; 770681; 6
6; r; 775809; 1088; 619; 32; 775808; 5
6; r; 780937; 1088; 539; 26; 780936; 7
6; r; 787988; 1088; 439; 21; 787987; 12
6; r; 790552; 1088; 1071; 64; 790551; 11
6; r; 794398; 1088; 999; 54; 794397; 7
6; r; 801448; 1088; 1035; 59; 801447; 8
6; r; 803371; 1088; 969; 49; 803370; 7
6; r; 811704; 1088; 861; 41; 811703; 8
6; r; 823883; 1088; 227; 9; 823882; 7
6; r; 850160; 1088; 702; 35; 850159; 7
6; r; 868104; 1088; 80; 2; 868103; 12
6; r; 887332; 1088; 244; 10; 887331; 12
6; r; 891178; 1088; 1040; 60; 891177; 6
6; r; 893101; 1088; 5; 0; 893100; 13
6; r; 897588; 1088; 722; 121; 97587; 3
6; r; 898870; 1088; 799; 38; 898869; 8
6; r; 903356; 1088; 1061; 62; 903355; 10
6; r; 904638; 1088; 877; 42; 904637; 12
6; r; 905920; 1088; 342; 17; 905919; 10
6; r; 1334216; 1088; 379; 90; 534215; 8
6; r; 1375888; 1088; 747; 123; 575887; 4
6; r; 1404733; 1088; 1077; 139; 604732; 3
6; r; 1434217; 1088; 172; 7; 1434216; 10
6; r; 1449600; 1088; 446; 94; 649599; 8
6; r; 1460497; 1088; 942; 133; 660496; 5
6; r; 1463062; 1088; 889; 44; 1463061; 13
6; r; 1474600; 1088; 284; 84; 674599; 7
6; r; 1487420; 1088; 181; 8; 1487419; 17
6; r; 1488703; 1088; 714; 120; 688702; 4
6; r; 1491267; 1088; 1033; 136; 691266; 7
6; r; 1504727; 1088; 639; 33; 1504726; 17
6; r; 1513059; 1088; 630; 108; 713058; 12
6; r; 1519469; 1088; 941; 46; 1519468; 19
6; r; 1522672; 1088; 1070; 137; 722671; 4
6; r; 1527159; 1088; 851; 128; 727158; 3
6; r; 1533569; 1088; 711; 119; 733568; 6
6; r; 1554081; 1088; 659; 111; 754080; 8
6; r; 1555363; 1088; 607; 106; 755362; 8
6; r; 1556645; 1088; 98; 5; 1556644; 14
6; r; 1557286; 1088; 905; 131; 757285; 11
6; r; 1559851; 1088; 487; 97; 759850; 6
6; r; 1563697; 1088; 456; 95; 763696; 5
6; r; 1566261; 1088; 633; 109; 766260; 8
6; r; 1580360; 1088; 810; 125; 780359; 5
6; r; 1598948; 1088; 815; 126; 798947; 3
6; r; 1604715; 1088; 337; 86; 804714; 9
6; r; 1612406; 1088; 655; 110; 812405; 4
6; r; 1616252; 1088; 702; 118; 816251; 5
6; r; 1627149; 1088; 327; 85; 827148; 7
6; r; 1643174; 1088; 442; 93; 843173; 8
6; r; 1653428; 1088; 663; 112; 853427; 12
6; r; 1682914; 1088; 370; 89; 882913; 9
6; r; 1684196; 1088; 416; 92; 884195; 6
6; r; 1688683; 1088; 927; 132; 888682; 8
6; r; 1700219; 1088; 24; 69; 900218; 8
6; r; 1705347; 1088; 509; 99; 905346; 6
6; r; 1706629; 1088; 498; 24; 1706628; 11
6; r; 2123801; 1088; 686; 115; 1323800; 8
6; r; 2126366; 1088; 584; 104; 1326365; 8
6; r; 2134058; 1088; 383; 91; 1334057; 8
6; r; 2157155; 1088; 197; 80; 1357154; 10
6; r; 2171261; 1088; 992; 53; 2171260; 12
6; r; 2173825; 1088; 626; 107; 1373824; 6
6; r; 2176390; 1088; 301; 15; 2176389; 17
6; r; 2184084; 1088; 458; 96; 1384083; 7
6; r; 2203314; 1088; 114; 77; 1403313; 8
6; r; 2235373; 1088; 866; 130; 1435372; 8
6; r; 2237297; 1088; 598; 105; 1437296; 14
6; r; 2240501; 1088; 537; 101; 1440500; 14
6; r; 2268712; 1088; 734; 122; 1468711; 9
6; r; 2275122; 1088; 84; 74; 1475121; 11
6; r; 2275763; 1088; 195; 79; 1475762; 9
6; r; 2278327; 1088; 831; 127; 1478326; 13
6; r; 2280250; 1088; 495; 98; 1480249; 14
6; r; 2302044; 1088; 10; 67; 1502043; 10
6; r; 2311659; 1088; 560; 102; 1511658; 9
6; r; 2328323; 1088; 1071; 138; 1528322; 5
6; r; 2329605; 1088; 957; 134; 1529604; 14
6; r; 2330887; 1088; 47; 71; 1530886; 10
6; r; 2362938; 1088; 695; 116; 1562937; 13
6; r; 2364862; 1088; 999; 135; 1564861; 10
6; r; 2380247; 1088; 88; 75; 1580246; 9
6; r; 2382170; 1088; 19; 68; 1582169; 12
6; r; 2382811; 1088; 257; 82; 1582810; 10
6; r; 2387941; 1088; 131; 78; 1587940; 8
6; r; 2405889; 1088; 792; 124; 1605888; 11
6; r; 2409093; 1088; 673; 114; 1609092; 9
6; r; 2417425; 1088; 293; 14; 2417424; 22
6; r; 2419351; 1088; 73; 72; 1619350; 10
6; r; 2425121; 1088; 667; 113; 1625120; 13
6; r; 2437944; 1088; 107; 76; 1637943; 12
6; r; 2457820; 1088; 82; 73; 1657819; 9
6; r; 2458461; 1088; 364; 87; 1658460; 11
6; r; 2473211; 1088; 696; 117; 1673210; 11
6; r; 2494392; 1088; 45; 70; 1694391; 13
6; r; 2502737; 1088; 209; 81; 1702736; 9
7; r; 27564; 1088; 579; 27; 27563; 7
7; r; 28846; 1088; 854; 44; 28845; 2
7; r; 32691; 1088; 986; 53; 32690; 1
7; r; 33332; 1088; 983; 52; 33331; 2
7; r; 39743; 1088; 221; 12; 39742; 7
7; r; 55767; 1088; 1054; 56; 55766; 1
7; r; 58330; 1088; 38; 4; 58329; 12
7; r; 72430; 1088; 896; 45; 72429; 7
7; r; 76916; 1088; 1080; 58; 76915; 4
7; r; 78839; 1088; 814; 41; 78838; 3
7; r; 95500; 1088; 666; 32; 95499; 9
7; r; 101268; 1088; 464; 22; 101267; 13
7; r; 109599; 1088; 849; 43; 109598; 3
7; r; 115367; 1088; 295; 14; 115366; 7
7; r; 128186; 1088; 542; 25; 128185; 8
7; r; 571246; 1088; 683; 34; 571245; 7
7; r; 578303; 1088; 704; 35; 578302; 16
7; r; 578944; 1088; 782; 40; 578943; 6
7; r; 595630; 1088; 1074; 57; 595629; 5
7; r; 646301; 1088; 665; 31; 646300; 12
7; r; 660405; 1088; 359; 19; 660404; 8
7; r; 667455; 1088; 605; 29; 667454; 12
7; r; 686040; 1088; 151; 8; 686039; 11
7; r; 707835; 1088; 910; 46; 707834; 5
7; r; 734114; 1088; 714; 37; 734113; 7
7; r; 736037; 1088; 447; 20; 736036; 10
7; r; 744369; 1088; 774; 39; 744368; 8
7; r; 766803; 1088; 238; 13; 766802; 12
7; r; 773853; 1088; 12; 1; 773852; 11
7; r; 775775; 1088; 958; 49; 775774; 8
7; r; 780901; 1088; 818; 42; 780900; 4
7; r; 798207; 1088; 939; 48; 798206; 15
7; r; 798848; 1088; 29; 3; 798847; 9
7; r; 816154; 1088; 636; 30; 816153; 7
7; r; 853970; 1088; 468; 23; 853969; 10
7; r; 886016; 1088; 168; 10; 886015; 10
7; r; 891144; 1088; 1077; 107; 91143; 3
7; r; 892426; 1088; 712; 36; 892425; 5
7; r; 897554; 1088; 350; 17; 897553; 9
7; r; 898836; 1088; 483; 24; 898835; 6
7; r; 916783; 1088; 309; 15; 916782; 9
7; r; 918065; 1088; 597; 28; 918064; 10
7; r; 920629; 1088; 10; 0; 920628; 15
7; r; 923193; 1088; 1029; 55; 923192; 7
7; r; 941141; 1088; 961; 50; 941140; 8
7; r; 942423; 1088; 102; 6; 942422; 15
7; r; 955244; 1088; 456; 21; 955243; 11
7; r; 960372; 1088; 1047; 105; 160371; 2
7; r; 1369888; 1088; 954; 102; 569887; 2
7; r; 1374376; 1088; 15; 2; 1374375; 14
7; r; 1375017; 1088; 675; 33; 1375016; 10
7; r; 1389763; 1088; 933; 47; 1389762; 12
7; r; 1392969; 1088; 719; 93; 592968; 3
7; r; 1444891; 1088; 1041; 104; 644890; 4
7; r; 1450019; 1088; 118; 63; 650018; 9
7; r; 1459635; 1088; 536; 83; 659634; 7
7; r; 1461558; 1088; 573; 26; 1461557; 16
7; r; 1463481; 1088; 384; 74; 663480; 5
7; r; 1476942; 1088; 828; 97; 676941; 7
7; r; 1483992; 1088; 634; 89; 683991; 7
7; r; 1528216; 1088; 49; 5; 1528215; 19
7; r; 1528856; 1088; 160; 9; 1528855; 17
7; r; 1535265; 1088; 455; 78; 735264; 5
7; r; 1539751; 1088; 303; 70; 739750; 9
7; r; 1549366; 1088; 80; 61; 749365; 10
7; r; 1561544; 1088; 523; 81; 761543; 4
7; r; 1563467; 1088; 365; 73; 763466; 10
7; r; 1572441; 1088; 867; 98; 772440; 6
7; r; 1596154; 1088; 117; 7; 1596153; 10
7; r; 1605767; 1088; 203; 68; 805766; 13
7; r; 1610253; 1088; 314; 71; 810252; 9
7; r; 1637173; 1088; 409; 75; 837172; 7
7; r; 1649351; 1088; 879; 99; 849350; 6
7; r; 1655119; 1088; 571; 85; 855118; 6
7; r; 1671783; 1088; 356; 18; 1671782; 11
7; r; 1680756; 1088; 710; 92; 880755; 6
7; r; 1683320; 1088; 1010; 54; 1683319; 13
7; r; 1686525; 1088; 492; 80; 886524; 6
7; r; 1699983; 1088; 1066; 106; 899982; 8
7; r; 1701906; 1088; 811; 96; 901905; 4
7; r; 1705111; 1088; 104; 62; 905110; 11
7; r; 1711522; 1088; 537; 84; 911521; 7
7; r; 1722419; 1088; 738; 94; 922418; 8
7; r; 1724983; 1088; 148; 64; 924982; 10
7; r; 1733317; 1088; 603; 88; 933316; 11
7; r; 1741651; 1088; 442; 77; 941650; 7
7; r; 1744215; 1088; 20; 59; 944214; 12
7; r; 2170397; 1088; 184; 66; 1370396; 17
7; r; 2172962; 1088; 674; 91; 1372961; 15
7; r; 2214644; 1088; 46; 60; 1414643; 19
7; r; 2221696; 1088; 157; 65; 1421695; 11
7; r; 2253139; 1088; 651; 90; 1453138; 12
7; r; 2273669; 1088; 940; 100; 1473668; 16
7; r; 2289713; 1088; 972; 51; 2289712; 14
7; r; 2319227; 1088; 808; 95; 1519226; 10
7; r; 2366094; 1088; 439; 76; 1226481; 16
7; r; 2390525; 1088; 258; 69; 1590524; 9
7; r; 2415137; 1088; 527; 82; 1615136; 19
7; r; 2425736; 1088; 578; 86; 1625735; 14
8; r; 14121; 1088; 383; 22; 14120; 6
8; r; 25016; 1088; 890; 52; 25015; 1
8; r; 26298; 1088; 973; 56; 26297; 4
8; r; 43602; 1088; 836; 49; 43601; 7
8; r; 66034; 1088; 258; 15; 66033; 7
8; r; 79493; 1088; 467; 25; 79492; 9
8; r; 91032; 1088; 569; 32; 91031; 7
8; r; 93596; 1088; 867; 51; 93595; 6
8; r; 95520; 1088; 398; 23; 95519; 13
8; r; 108978; 1088; 658; 38; 108977; 5
8; r; 112824; 1088; 754; 43; 112823; 2
8; r; 116668; 1088; 639; 36; 116667; 8
8; r; 123077; 1088; 151; 8; 123076; 8
8; r; 124359; 1088; 790; 46; 124358; 3
8; r; 135256; 1088; 533; 29; 135255; 8
8; r; 139742; 1088; 1012; 59; 139741; 3
8; r; 143588; 1088; 606; 34; 143587; 7
8; r; 149999; 1088; 547; 31; 149998; 6
8; r; 160895; 1088; 1061; 62; 160894; 9
8; r; 173074; 1088; 721; 40; 173073; 3
8; r; 222440; 1088; 839; 50; 222439; 4
8; r; 225646; 1088; 1034; 60; 225645; 7
8; r; 233341; 1088; 188; 12; 233340; 7
8; r; 648615; 1088; 529; 28; 648614; 10
8; r; 662077; 1088; 89; 2; 662076; 10
8; r; 667846; 1088; 114; 5; 667845; 14
8; r; 672973; 1088; 588; 33; 672972; 11
8; r; 674255; 1088; 486; 26; 674254; 16
8; r; 677462; 1088; 763; 44; 677461; 7
8; r; 683231; 1088; 669; 39; 683230; 8
8; r; 708876; 1088; 534; 30; 708875; 16
8; r; 717850; 1088; 99; 3; 717849; 13
8; r; 722977; 1088; 766; 45; 722976; 6
8; r; 723618; 1088; 627; 35; 723617; 11
8; r; 730028; 1088; 327; 18; 730027; 8
8; r; 742845; 1088; 1011; 58; 742844; 14
8; r; 762074; 1088; 816; 48; 762073; 4
8; r; 780664; 1088; 106; 4; 780663; 14
8; r; 785150; 1088; 998; 57; 785149; 8
8; r; 792842; 1088; 371; 21; 792841; 13
8; r; 799892; 1088; 179; 9; 799891; 9
8; r; 803097; 1088; 642; 37; 803096; 7
8; r; 805661; 1088; 744; 42; 805660; 5
8; r; 808866; 1088; 903; 53; 808865; 6
8; r; 810148; 1088; 965; 55; 810147; 9
8; r; 815917; 1088; 335; 19; 815916; 11
8; r; 833865; 1088; 313; 17; 833864; 11
8; r; 837711; 1088; 12; 0; 837710; 13
8; r; 840274; 1088; 141; 6; 840273; 9
8; r; 853093; 1088; 150; 7; 853092; 11
8; r; 872960; 1088; 986; 107; 72959; 1
8; r; 883855; 1088; 279; 16; 883854; 8
8; r; 890905; 1088; 368; 20; 890904; 9
8; r; 905649; 1088; 218; 13; 905648; 10
8; r; 915261; 1088; 776; 96; 115260; 3
8; r; 916543; 1088; 523; 27; 916542; 6
8; r; 931926; 1088; 183; 10; 931925; 8
8; r; 939617; 1088; 804; 47; 939616; 17
8; r; 941540; 1088; 187; 11; 941539; 10
8; r; 943462; 1088; 23; 1; 943461; 15
8; r; 950514; 1088; 236; 14; 950513; 14
8; r; 979360; 1088; 1085; 112; 179359; 1
8; r; 988334; 1088; 439; 81; 188333; 7
8; r; 1002437; 1088; 689; 91; 202436; 3
8; r; 1436405; 1088; 1014; 108; 636404; 3
8; r; 1446018; 1088; 1071; 111; 646017; 5
8; r; 1450505; 1088; 890; 101; 650504; 1
8; r; 1478070; 1088; 691; 92; 678069; 5
8; r; 1483839; 1088; 451; 83; 683838; 6
8; r; 1484480; 1088; 794; 97; 684479; 8
8; r; 1506915; 1088; 500; 86; 706914; 7
8; r; 1517810; 1088; 1048; 61; 1517809; 8
8; r; 1556266; 1088; 1063; 110; 756265; 8
8; r; 1556907; 1088; 350; 78; 756906; 6
8; r; 1560754; 1088; 641; 87; 760753; 7
8; r; 1563317; 1088; 949; 103; 763316; 8
8; r; 1578059; 1088; 663; 88; 778058; 7
8; r; 1584468; 1088; 492; 85; 784467; 9
8; r; 1587672; 1088; 116; 70; 787671; 8
8; r; 1594081; 1088; 110; 68; 794080; 9
8; r; 1601772; 1088; 1035; 109; 801771; 5
8; r; 1606258; 1088; 693; 94; 806257; 10
8; r; 1613308; 1088; 291; 74; 813307; 8
8; r; 1615231; 1088; 418; 80; 815230; 10
8; r; 1631896; 1088; 803; 98; 831895; 7
8; r; 1636383; 1088; 449; 82; 836382; 10
8; r; 1637024; 1088; 43; 64; 837023; 13
8; r; 1650484; 1088; 285; 73; 850483; 7
8; r; 1652407; 1088; 738; 95; 852406; 5
8; r; 1653048; 1088; 969; 105; 853047; 6
8; r; 1665866; 1088; 343; 77; 865865; 10
8; r; 1668430; 1088; 472; 84; 868429; 7
8; r; 1669070; 1088; 16; 63; 869069; 13
8; r; 1682531; 1088; 729; 41; 1682530; 9
8; r; 1690863; 1088; 976; 106; 890862; 6
8; r; 1702400; 1088; 148; 71; 902399; 8
8; r; 1703041; 1088; 931; 102; 903040; 8
8; r; 1744705; 1088; 112; 69; 944704; 10
8; r; 1754323; 1088; 678; 89; 954322; 6
8; r; 1756246; 1088; 963; 104; 956245; 9
8; r; 1761375; 1088; 82; 66; 961374; 10
8; r; 1772916; 1088; 334; 75; 972915; 10
8; r; 1783180; 1088; 382; 79; 983179; 7
8; r; 1785745; 1088; 179; 72; 985744; 13
8; r; 1786385; 1088; 74; 65; 986384; 12
8; r; 2261419; 1088; 109; 67; 1461418; 14
8; r; 2303138; 1088; 342; 76; 1503137; 13
9; r; 12178; 1088; 752; 41; 12177; 3
9; r; 15383; 1088; 417; 23; 15382; 5
9; r; 25638; 1088; 1078; 59; 25637; 3
9; r; 32687; 1088; 410; 22; 32686; 8
9; r; 48711; 1088; 443; 25; 48710; 5
9; r; 510286; 1088; 535; 33; 510285; 15
9; r; 512214; 1088; 428; 24; 512213; 5
9; r; 531467; 1088; 45; 1; 531466; 12
9; r; 566760; 1088; 999; 52; 566759; 7
9; r; 593047; 1088; 458; 26; 593046; 23
9; r; 603305; 1088; 1022; 54; 603304; 3
9; r; 657152; 1088; 750; 40; 657151; 6
9; r; 663561; 1088; 563; 34; 663560; 16
9; r; 682791; 1088; 72; 5; 682790; 12
9; r; 685995; 1088; 360; 20; 685994; 7
9; r; 698175; 1088; 97; 6; 698174; 12
9; r; 708430; 1088; 198; 9; 708429; 11
9; r; 714198; 1088; 1057; 55; 714197; 12
9; r; 714839; 1088; 982; 51; 714838; 5
9; r; 718685; 1088; 1016; 53; 718684; 3
9; r; 730222; 1088; 838; 43; 730221; 7
9; r; 751371; 1088; 284; 17; 751370; 9
9; r; 757139; 1088; 865; 46; 757138; 9
9; r; 759703; 1088; 258; 15; 759702; 10
9; r; 772521; 1088; 233; 12; 772520; 13
9; r; 775726; 1088; 1072; 57; 775725; 6
9; r; 786622; 1088; 863; 45; 786621; 9
9; r; 791109; 1088; 126; 7; 791108; 19
9; r; 796236; 1088; 267; 16; 796235; 10
9; r; 799441; 1088; 653; 37; 799440; 7
9; r; 807772; 1088; 307; 18; 807771; 14
9; r; 821873; 1088; 1075; 58; 821872; 5
9; r; 830846; 1088; 927; 49; 830845; 7
9; r; 833410; 1088; 146; 8; 833409; 9
9; r; 850075; 1088; 48; 2; 850074; 13
9; r; 1289598; 1088; 683; 105; 489597; 4
9; r; 1292165; 1088; 783; 107; 492164; 3
9; r; 1303724; 1088; 521; 31; 1303723; 11
9; r; 1306932; 1088; 900; 47; 1306931; 20
9; r; 1352449; 1088; 914; 48; 1352448; 6
9; r; 1363989; 1088; 986; 117; 563988; 3
9; r; 1367835; 1088; 532; 32; 1367834; 12
9; r; 1369759; 1088; 225; 11; 1369758; 13
9; r; 1373606; 1088; 684; 38; 1373605; 14
9; r; 1417205; 1088; 62; 3; 1417204; 12
9; r; 1421051; 1088; 1026; 120; 621050; 8
9; r; 1465924; 1088; 794; 42; 1465923; 10
9; r; 1467206; 1088; 239; 14; 1467205; 12
9; r; 1472333; 1088; 512; 29; 1472332; 17
9; r; 1478742; 1088; 70; 4; 1478741; 16
9; r; 1480665; 1088; 835; 110; 680664; 7
9; r; 1490281; 1088; 619; 101; 690280; 8
9; r; 1497332; 1088; 351; 19; 1497331; 13
9; r; 1502460; 1088; 498; 27; 1502459; 12
9; r; 1508228; 1088; 112; 65; 708227; 11
9; r; 1513997; 1088; 849; 111; 713996; 4
9; r; 1523612; 1088; 558; 96; 723611; 4
9; r; 1528740; 1088; 479; 91; 728739; 7
9; r; 1537713; 1088; 811; 109; 737712; 5
9; r; 1540918; 1088; 1071; 123; 740917; 5
9; r; 1546046; 1088; 942; 114; 746045; 6
9; r; 1549251; 1088; 596; 98; 749250; 9
9; r; 1551815; 1088; 542; 95; 751814; 6
9; r; 1552456; 1088; 954; 50; 1552455; 17
9; r; 1555661; 1088; 1068; 122; 755660; 10
9; r; 1558225; 1088; 584; 97; 758224; 5
9; r; 1558866; 1088; 314; 80; 758865; 11
9; r; 1587069; 1088; 981; 116; 787068; 9
9; r; 1594760; 1088; 604; 99; 794759; 9
9; r; 1597965; 1088; 333; 83; 797964; 8
9; r; 1600528; 1088; 234; 13; 1600527; 12
9; r; 1605014; 1088; 315; 81; 805013; 8
9; r; 1606937; 1088; 899; 113; 806936; 6
9; r; 1607578; 1088; 608; 100; 807577; 6
9; r; 1613347; 1088; 894; 112; 813346; 8
9; r; 1625525; 1088; 292; 76; 825524; 5
9; r; 1631295; 1088; 145; 66; 831294; 9
9; r; 1640909; 1088; 214; 10; 1640908; 15
9; r; 2056877; 1088; 375; 21; 2056876; 14
9; r; 2071003; 1088; 1006; 119; 1271002; 7
9; r; 2074212; 1088; 399; 88; 1274211; 11
9; r; 2124891; 1088; 752; 106; 1324890; 16
9; r; 2150550; 1088; 514; 30; 2150549; 15
9; r; 2154396; 1088; 354; 86; 1354395; 11
9; r; 2158886; 1088; 643; 102; 1358885; 9
9; r; 2160810; 1088; 512; 94; 1360809; 13
9; r; 2195439; 1088; 90; 62; 1395438; 8
9; r; 2202490; 1088; 631; 35; 2202489; 13
9; r; 2246732; 1088; 461; 90; 1446731; 7
9; r; 2249296; 1088; 193; 68; 1449295; 12
9; r; 2252501; 1088; 485; 92; 1452500; 7
9; r; 2258911; 1088; 653; 103; 1458910; 14
9; r; 2272381; 1088; 337; 84; 1471739; 10
9; r; 2284563; 1088; 972; 115; 1484562; 15
9; r; 2328167; 1088; 495; 93; 1528166; 13
9; r; 2332013; 1088; 258; 74; 1532012; 8
9; r; 2360874; 1088; 75; 61; 1560873; 16
9; r; 2362156; 1088; 104; 63; 1562155; 12
9; r; 2365362; 1088; 1061; 121; 1565361; 18
9; r; 2371134; 1088; 299; 77; 1571133; 14
9; r; 2391659; 1088; 72; 60; 1591658; 13
9; r; 2408338; 1088; 219; 71; 1608337; 16
9; r; 2414753; 1088; 106; 64; 1614752; 13
9; r; 2419885; 1088; 167; 67; 1619884; 12
9; r; 2438508; 1088; 11; 0; 2438507; 20
9; r; 2854371; 1088; 308; 78; 2054370; 12
