iter; type; time slot; d_nodes; s_nodes; pid; nslot; nhop
0; r; 11247; 1088; 1053; 17; 2915; 1
0; r; 22135; 1088; 389; 21; 12596; 6
0; r; 24056; 1088; 538; 0; 23707; 9
0; r; 25977; 1088; 486; 7; 22190; 6
0; r; 50313; 1088; 763; 85; 21379; 9
0; r; 52875; 1088; 792; 18; 44128; 11
0; r; 54797; 1088; 503; 5; 52298; 8
0; r; 58000; 1088; 1052; 38; 42656; 1
0; r; 65687; 1088; 396; 25; 55069; 9
0; r; 71451; 1088; 1010; 66; 47870; 3
0; r; 81700; 1088; 949; 94; 49594; 2
0; r; 82341; 1088; 338; 75; 56314; 10
0; r; 87466; 1088; 412; 27; 76090; 8
0; r; 91309; 1088; 1080; 54; 71109; 2
0; r; 93231; 1088; 499; 61; 71063; 10
0; r; 98355; 1088; 681; 93; 66587; 7
0; r; 102840; 1088; 263; 65; 79746; 7
0; r; 106044; 1088; 620; 33; 92163; 5
0; r; 109888; 1088; 654; 52; 90774; 3
0; r; 113732; 1088; 1062; 22; 104054; 7
0; r; 115013; 1088; 1012; 74; 89239; 4
0; r; 115654; 1088; 687; 12; 110272; 5
0; r; 119497; 1088; 701; 77; 92639; 9
0; r; 123340; 1088; 992; 45; 105852; 10
0; r; 127183; 1088; 811; 3; 125339; 6
0; r; 130386; 1088; 585; 81; 102565; 5
0; r; 132948; 1088; 875; 16; 125221; 5
0; r; 137434; 1088; 527; 32; 124996; 7
0; r; 138716; 1088; 121; 34; 124293; 9
0; r; 143201; 1088; 1001; 37; 128598; 8
0; r; 150888; 1088; 120; 46; 132854; 7
0; r; 155372; 1088; 1079; 71; 130202; 4
0; r; 157935; 1088; 806; 4; 156035; 5
0; r; 159216; 1088; 520; 15; 151945; 6
0; r; 164981; 1088; 668; 36; 150439; 7
0; r; 168186; 1088; 138; 28; 156601; 12
0; r; 171390; 1088; 310; 23; 161429; 9
0; r; 179719; 1088; 603; 6; 176688; 7
0; r; 182923; 1088; 425; 60; 161023; 9
0; r; 184846; 1088; 457; 56; 164158; 6
0; r; 189330; 1088; 662; 97; 157018; 12
0; r; 191894; 1088; 1013; 43; 175488; 5
0; r; 193176; 1088; 652; 79; 165913; 4
0; r; 195098; 1088; 933; 67; 171179; 6
0; r; 197021; 1088; 14; 51; 178462; 13
0; r; 202788; 1088; 1057; 72; 177565; 6
0; r; 204070; 1088; 670; 44; 186968; 6
0; r; 204711; 1088; 729; 87; 175427; 7
0; r; 209197; 1088; 224; 96; 176909; 10
0; r; 228415; 1088; 313; 76; 201749; 7
0; r; 246357; 1088; 936; 31; 233943; 5
0; r; 246997; 1088; 437; 40; 231004; 7
0; r; 250842; 1088; 924; 57; 230096; 8
0; r; 255328; 1088; 665; 10; 250576; 9
0; r; 255969; 1088; 221; 24; 245646; 9
0; r; 257891; 1088; 900; 35; 243385; 8
0; r; 259813; 1088; 49; 84; 231174; 9
0; r; 260454; 1088; 240; 49; 242194; 9
0; r; 261094; 1088; 363; 2; 259288; 11
0; r; 270706; 1088; 571; 9; 266019; 11
0; r; 284803; 1088; 352; 83; 256672; 9
0; r; 287367; 1088; 286; 70; 262797; 7
0; r; 288008; 1088; 305; 13; 282622; 9
0; r; 292494; 1088; 64; 14; 285829; 9
0; r; 700448; 1088; 1017; 26; 689334; 9
0; r; 702369; 1088; 4; 69; 677885; 20
0; r; 711978; 1088; 489; 63; 689646; 9
0; r; 717103; 1088; 537; 73; 691852; 10
0; r; 722228; 1088; 700; 82; 694275; 13
0; r; 724791; 1088; 110; 88; 694984; 9
0; r; 725431; 1088; 572; 47; 707257; 12
0; r; 730557; 1088; 896; 90; 699832; 12
0; r; 731838; 1088; 1028; 30; 719712; 11
0; r; 738244; 1088; 496; 53; 718847; 11
0; r; 742088; 1088; 9; 39; 726537; 15
0; r; 742729; 1088; 673; 41; 726491; 23
0; r; 744010; 1088; 403; 92; 712851; 10
0; r; 746573; 1088; 640; 59; 724968; 14
0; r; 748496; 1088; 998; 48; 730244; 12
0; r; 757464; 1088; 1024; 95; 725357; 11
0; r; 763230; 1088; 594; 8; 759220; 9
0; r; 764511; 1088; 381; 101; 333616; 24
0; r; 770276; 1088; 1054; 102; 337562; 12
0; r; 779886; 1088; 664; 55; 759670; 14
0; r; 796543; 1088; 515; 68; 772603; 11
0; r; 799746; 1088; 739; 86; 770549; 13
0; r; 803589; 1088; 0; 50; 785079; 15
0; r; 806793; 1088; 302; 78; 779785; 11
0; r; 813200; 1088; 796; 91; 782044; 21
0; r; 823450; 1088; 1084; 100; 394206; 15
0; r; 827293; 1088; 511; 111; 24942; 10
0; r; 837541; 1088; 512; 20; 828511; 16
0; r; 840103; 1088; 852; 126; 31436; 2
0; r; 845228; 1088; 953; 112; 42826; 1
0; r; 858038; 1088; 418; 29; 846390; 17
0; r; 864443; 1088; 549; 146; 51649; 7
0; r; 878537; 1088; 378; 165; 58274; 6
0; r; 879177; 1088; 756; 134; 68774; 4
0; r; 884943; 1088; 732; 62; 862755; 14
0; r; 886224; 1088; 601; 207; 54041; 7
0; r; 891350; 1088; 547; 64; 868936; 23
0; r; 893912; 1088; 674; 164; 73655; 6
0; r; 898396; 1088; 890; 159; 80673; 1
0; r; 900959; 1088; 683; 125; 93469; 5
0; r; 903521; 1088; 821; 122; 97259; 3
0; r; 904802; 1088; 487; 132; 94488; 5
0; r; 909927; 1088; 911; 141; 97723; 3
0; r; 913771; 1088; 672; 180; 89294; 7
0; r; 917616; 1088; 1009; 161; 98945; 5
0; r; 918897; 1088; 401; 11; 913597; 16
0; r; 927864; 1088; 865; 124; 120502; 6
0; r; 938115; 1088; 194; 128; 129098; 6
0; r; 946443; 1088; 945; 149; 133074; 7
0; r; 951568; 1088; 380; 103; 151499; 6
0; r; 952850; 1088; 815; 200; 122675; 4
0; r; 972071; 1088; 282; 130; 162566; 7
0; r; 974635; 1088; 357; 158; 157876; 8
0; r; 982965; 1088; 773; 135; 172388; 7
0; r; 988731; 1088; 554; 199; 158602; 7
0; r; 991293; 1088; 217; 109; 190262; 9
0; r; 994497; 1088; 820; 177; 170867; 4
0; r; 995138; 1088; 805; 169; 174328; 8
0; r; 1000906; 1088; 707; 137; 190031; 6
0; r; 1004109; 1088; 386; 181; 179556; 8
0; r; 1008595; 1088; 964; 105; 208490; 8
0; r; 1015004; 1088; 483; 89; 984444; 15
0; r; 1015644; 1088; 218; 116; 210850; 8
0; r; 1016926; 1088; 518; 120; 210761; 6
0; r; 1017567; 1088; 349; 127; 208628; 15
0; r; 1019489; 1088; 963; 121; 213271; 8
0; r; 1025897; 1088; 735; 198; 196690; 8
0; r; 1029101; 1088; 535; 131; 219414; 9
0; r; 1029741; 1088; 57; 188; 202334; 8
0; r; 1032945; 1088; 885; 168; 212383; 4
0; r; 1034867; 1088; 703; 108; 233935; 9
0; r; 1038712; 1088; 927; 192; 210474; 8
0; r; 1043198; 1088; 278; 154; 227437; 8
0; r; 1048964; 1088; 617; 140; 236782; 5
0; r; 1052168; 1088; 348; 196; 223424; 8
0; r; 1057295; 1088; 68; 183; 232148; 10
0; r; 1059859; 1088; 522; 123; 253023; 6
0; r; 1076519; 1088; 499; 173; 254351; 11
0; r; 1077160; 1088; 268; 151; 262237; 10
0; r; 1086773; 1088; 603; 114; 283742; 7
0; r; 1087413; 1088; 417; 178; 263276; 9
0; r; 1091899; 1088; 565; 208; 259644; 10
0; r; 1498824; 1088; 1034; 129; 689758; 10
0; r; 1503950; 1088; 416; 193; 675515; 14
0; r; 1515483; 1088; 65; 153; 699849; 11
0; r; 1517405; 1088; 116; 204; 686263; 10
0; r; 1530218; 1088; 224; 209; 697930; 9
0; r; 1532140; 1088; 374; 133; 721740; 15
0; r; 1535983; 1088; 409; 206; 704406; 15
0; r; 1539826; 1088; 716; 147; 726775; 8
0; r; 1544951; 1088; 81; 110; 743237; 15
0; r; 1548153; 1088; 407; 150; 733593; 14
0; r; 1557122; 1088; 727; 144; 744513; 14
0; r; 1560325; 1088; 72; 155; 744319; 12
0; r; 1561607; 1088; 184; 107; 760715; 17
0; r; 1570577; 1088; 358; 189; 742872; 12
0; r; 1571858; 1088; 813; 145; 759150; 10
0; r; 1581467; 1088; 397; 201; 751074; 10
0; r; 1583389; 1088; 49; 194; 754750; 12
0; r; 1587232; 1088; 254; 202; 756391; 15
0; r; 1591076; 1088; 98; 104; 790972; 14
0; r; 1592998; 1088; 10; 152; 777494; 16
0; r; 1594919; 1088; 205; 187; 767850; 16
0; r; 1596200; 1088; 702; 172; 774464; 9
0; r; 1605809; 1088; 25; 118; 800556; 14
0; r; 1612856; 1088; 809; 197; 783769; 17
0; r; 1618622; 1088; 294; 143; 806363; 10
0; r; 1624388; 1088; 214; 186; 798077; 11
0; r; 1636559; 1088; 926; 195; 807830; 11
0; r; 1648730; 1088; 495; 163; 828811; 12
0; r; 1650652; 1088; 745; 171; 829013; 8
0; r; 1657059; 1088; 859; 139; 845514; 18
0; r; 1657700; 1088; 76; 113; 854751; 19
0; r; 1660263; 1088; 112; 205; 829089; 10
0; r; 1661544; 1088; 219; 170; 840001; 13
0; r; 1662185; 1088; 558; 182; 837150; 8
0; r; 1664107; 1088; 547; 175; 841693; 14
0; r; 1667953; 1088; 915; 167; 847557; 14
0; r; 1673720; 1088; 101; 136; 863003; 13
0; r; 1679487; 1088; 197; 119; 874148; 19
0; r; 1680769; 1088; 377; 166; 860476; 12
0; r; 1685894; 1088; 693; 142; 873640; 14
0; r; 1692303; 1088; 124; 203; 861420; 14
0; r; 1699993; 1088; 627; 115; 896752; 17
0; r; 1703197; 1088; 831; 179; 878895; 17
0; r; 1704479; 1088; 489; 174; 882147; 18
0; r; 1727552; 1088; 1074; 191; 899538; 10
0; r; 1732680; 1088; 132; 162; 913587; 18
0; r; 1740372; 1088; 30; 148; 927056; 21
0; r; 1742937; 1088; 784; 138; 932035; 15
0; r; 1759609; 1088; 540; 184; 934318; 15
0; r; 1785343; 1088; 289; 185; 959186; 18
1; r; 7043; 1088; 1027; 105; 7042; 7
1; r; 8964; 1088; 901; 92; 8963; 5
1; r; 11526; 1088; 1043; 106; 11525; 2
1; r; 23693; 1088; 162; 24; 23692; 6
1; r; 24974; 1088; 954; 96; 24973; 1
1; r; 32659; 1088; 699; 77; 32658; 8
1; r; 42267; 1088; 1086; 109; 42266; 1
1; r; 44829; 1088; 491; 52; 44828; 5
1; r; 51875; 1088; 686; 74; 51874; 6
1; r; 53156; 1088; 658; 72; 53155; 4
1; r; 54437; 1088; 1014; 104; 54436; 2
1; r; 59562; 1088; 622; 67; 59561; 3
1; r; 64686; 1088; 895; 90; 64685; 6
1; r; 66608; 1088; 612; 65; 66607; 8
1; r; 73014; 1088; 437; 46; 73013; 8
1; r; 76857; 1088; 803; 83; 76856; 6
1; r; 79420; 1088; 615; 66; 79419; 6
1; r; 80061; 1088; 974; 99; 80060; 5
1; r; 81342; 1088; 833; 85; 81341; 6
1; r; 82623; 1088; 654; 71; 82622; 8
1; r; 99921; 1088; 461; 48; 99920; 5
1; r; 512585; 1088; 698; 76; 512584; 9
1; r; 522839; 1088; 113; 12; 522838; 13
1; r; 533096; 1088; 651; 70; 533095; 19
1; r; 533737; 1088; 298; 31; 533736; 9
1; r; 548473; 1088; 994; 103; 548472; 9
1; r; 563850; 1088; 126; 17; 563849; 13
1; r; 572179; 1088; 795; 82; 572178; 10
1; r; 577945; 1088; 375; 41; 577944; 14
1; r; 579867; 1088; 423; 44; 579866; 11
1; r; 609340; 1088; 515; 56; 609339; 12
1; r; 617670; 1088; 489; 51; 617669; 9
1; r; 635607; 1088; 510; 54; 635606; 10
1; r; 636248; 1088; 837; 86; 636247; 7
1; r; 650984; 1088; 523; 58; 650983; 11
1; r; 653546; 1088; 433; 45; 653545; 11
1; r; 660593; 1088; 937; 95; 660592; 17
1; r; 663796; 1088; 124; 16; 663795; 9
1; r; 666359; 1088; 542; 59; 666358; 12
1; r; 670842; 1088; 927; 94; 670841; 11
1; r; 674686; 1088; 904; 93; 674685; 9
1; r; 677890; 1088; 550; 60; 677889; 13
1; r; 681734; 1088; 771; 81; 681733; 10
1; r; 682375; 1088; 968; 97; 682374; 9
1; r; 693904; 1088; 226; 28; 693903; 11
1; r; 699670; 1088; 442; 47; 699669; 9
1; r; 700311; 1088; 90; 10; 700310; 10
1; r; 706716; 1088; 334; 37; 706715; 19
1; r; 708638; 1088; 305; 32; 708637; 9
1; r; 709919; 1088; 1060; 107; 709918; 14
1; r; 713122; 1088; 154; 22; 713121; 11
1; r; 713763; 1088; 139; 18; 713762; 14
1; r; 724654; 1088; 573; 62; 724653; 11
1; r; 728497; 1088; 333; 36; 728496; 11
1; r; 730419; 1088; 94; 11; 730418; 10
1; r; 734904; 1088; 194; 26; 734903; 12
1; r; 736185; 1088; 190; 25; 736184; 12
1; r; 740030; 1088; 309; 33; 740029; 12
1; r; 743874; 1088; 7; 0; 743873; 12
1; r; 745796; 1088; 73; 8; 745795; 17
1; r; 752843; 1088; 52; 6; 752842; 12
1; r; 754765; 1088; 353; 39; 754764; 17
1; r; 756046; 1088; 366; 40; 756045; 16
1; r; 761171; 1088; 342; 38; 761170; 18
1; r; 767578; 1088; 893; 89; 767577; 12
1; r; 768859; 1088; 14; 2; 768858; 10
1; r; 777186; 1088; 158; 23; 777185; 13
1; r; 778468; 1088; 815; 84; 778467; 9
1; r; 779750; 1088; 213; 27; 779749; 9
1; r; 782953; 1088; 579; 64; 782952; 9
1; r; 786156; 1088; 513; 55; 786155; 14
1; r; 794484; 1088; 72; 7; 794483; 13
1; r; 804733; 1088; 576; 63; 804732; 11
1; r; 807295; 1088; 562; 61; 807294; 14
1; r; 810499; 1088; 632; 68; 810498; 9
1; r; 818186; 1088; 389; 43; 818185; 14
1; r; 821389; 1088; 984; 195; 21388; 1
1; r; 827795; 1088; 330; 35; 827794; 14
1; r; 828436; 1088; 776; 168; 28435; 4
1; r; 832280; 1088; 117; 13; 832279; 16
1; r; 834201; 1088; 231; 29; 834200; 15
1; r; 836763; 1088; 678; 158; 36762; 6
1; r; 839325; 1088; 412; 138; 39324; 8
1; r; 843808; 1088; 310; 34; 843807; 15
1; r; 845089; 1088; 121; 14; 845088; 12
1; r; 850854; 1088; 864; 179; 50853; 6
1; r; 859181; 1088; 990; 101; 859180; 19
1; r; 861743; 1088; 923; 188; 61742; 1
1; r; 863024; 1088; 781; 169; 63023; 4
1; r; 874554; 1088; 976; 193; 74553; 3
1; r; 880320; 1088; 976; 100; 880319; 16
1; r; 880961; 1088; 51; 5; 880960; 10
1; r; 882242; 1088; 23; 4; 882241; 19
1; r; 886086; 1088; 757; 166; 86085; 3
1; r; 888008; 1088; 957; 192; 88007; 8
1; r; 891211; 1088; 1018; 199; 91210; 1
1; r; 895055; 1088; 913; 186; 95054; 3
1; r; 897618; 1088; 215; 121; 97617; 6
1; r; 900180; 1088; 358; 135; 100179; 6
1; r; 904024; 1088; 684; 160; 104023; 3
1; r; 1314542; 1088; 426; 141; 514541; 6
1; r; 1315824; 1088; 250; 30; 1315823; 22
1; r; 1321590; 1088; 524; 148; 521589; 5
1; r; 1328640; 1088; 327; 133; 528639; 7
1; r; 1342096; 1088; 880; 180; 542095; 3
1; r; 1354911; 1088; 153; 21; 1354910; 18
1; r; 1369008; 1088; 972; 98; 1369007; 17
1; r; 1370930; 1088; 950; 191; 570929; 4
1; r; 1371571; 1088; 417; 139; 571570; 8
1; r; 1374775; 1088; 148; 19; 1374774; 17
1; r; 1376698; 1088; 225; 123; 576697; 9
1; r; 1377339; 1088; 900; 91; 1377338; 23
1; r; 1386949; 1088; 4; 110; 586948; 12
1; r; 1390152; 1088; 764; 79; 1390151; 18
1; r; 1402329; 1088; 1012; 198; 602328; 5
1; r; 1406174; 1088; 346; 134; 606173; 7
1; r; 1413862; 1088; 123; 15; 1413861; 26
1; r; 1421548; 1088; 1054; 203; 621547; 3
1; r; 1424752; 1088; 737; 164; 624751; 7
1; r; 1427315; 1088; 198; 119; 627314; 10
1; r; 1434362; 1088; 99; 114; 634361; 12
1; r; 1442050; 1088; 110; 115; 642049; 15
1; r; 1465756; 1088; 255; 128; 665755; 9
1; r; 1471521; 1088; 1073; 206; 671520; 7
1; r; 1472802; 1088; 469; 49; 1472801; 18
1; r; 1473443; 1088; 540; 151; 673442; 11
1; r; 1474084; 1088; 925; 189; 674083; 12
1; r; 1477288; 1088; 152; 20; 1477287; 24
1; r; 1478569; 1088; 485; 147; 678568; 8
1; r; 1481132; 1088; 553; 152; 681131; 14
1; r; 1482413; 1088; 538; 150; 682412; 10
1; r; 1487540; 1088; 500; 53; 1487539; 22
1; r; 1492023; 1088; 640; 156; 692022; 13
1; r; 1498430; 1088; 537; 149; 698429; 13
1; r; 1520213; 1088; 397; 137; 720212; 13
1; r; 1522776; 1088; 287; 130; 722775; 11
1; r; 1527902; 1088; 234; 125; 727901; 14
1; r; 1536871; 1088; 213; 120; 736870; 11
1; r; 1542637; 1088; 395; 136; 742636; 12
1; r; 1543278; 1088; 893; 182; 743277; 14
1; r; 1544559; 1088; 230; 124; 744558; 16
1; r; 1551607; 1088; 1058; 204; 751606; 8
1; r; 1559934; 1088; 26; 112; 759933; 8
1; r; 1563137; 1088; 456; 143; 763136; 9
1; r; 1563778; 1088; 478; 144; 763777; 10
1; r; 1572747; 1088; 223; 122; 772746; 16
1; r; 1574028; 1088; 597; 154; 774027; 11
1; r; 1575309; 1088; 1007; 197; 775308; 23
1; r; 1576590; 1088; 562; 153; 776589; 12
1; r; 1582356; 1088; 421; 140; 782355; 7
1; r; 1584918; 1088; 322; 132; 784917; 12
1; r; 1585559; 1088; 898; 183; 785558; 12
1; r; 1589402; 1088; 796; 170; 789401; 10
1; r; 1591965; 1088; 824; 172; 791964; 10
1; r; 1593246; 1088; 622; 155; 793245; 15
1; r; 1595168; 1088; 439; 142; 795167; 11
1; r; 1597732; 1088; 1029; 201; 797731; 12
1; r; 1604138; 1088; 49; 113; 804137; 12
1; r; 1606061; 1088; 861; 177; 806060; 12
1; r; 1625278; 1088; 1041; 202; 825277; 20
1; r; 1627201; 1088; 880; 88; 1627200; 23
1; r; 1627842; 1088; 116; 116; 827841; 9
1; r; 1634893; 1088; 675; 157; 834892; 13
1; r; 1636174; 1088; 705; 161; 836173; 10
1; r; 1638096; 1088; 181; 118; 838095; 20
1; r; 1638736; 1088; 484; 146; 838735; 18
1; r; 1640658; 1088; 709; 162; 840657; 18
1; r; 1648348; 1088; 862; 178; 848347; 12
1; r; 1656037; 1088; 250; 127; 856036; 19
1; r; 1662445; 1088; 1062; 205; 862444; 15
1; r; 1663086; 1088; 1084; 208; 863085; 16
1; r; 1683594; 1088; 246; 126; 883593; 21
1; r; 1684235; 1088; 1025; 200; 884234; 12
1; r; 1697697; 1088; 769; 167; 897696; 15
1; r; 2106759; 1088; 848; 176; 1306758; 21
1; r; 2109964; 1088; 1074; 207; 1309963; 21
1; r; 2113810; 1088; 730; 163; 1313809; 16
1; r; 2136242; 1088; 482; 145; 1336241; 19
1; r; 2140728; 1088; 977; 194; 1340727; 15
1; r; 2170852; 1088; 317; 131; 1370851; 23
1; r; 2172775; 1088; 908; 185; 1372774; 16
1; r; 2191369; 1088; 942; 190; 1391368; 21
1; r; 2201625; 1088; 839; 175; 1401624; 12
1; r; 2234344; 1088; 906; 184; 1434343; 14
2; r; 8965; 1088; 977; 94; 8964; 2
2; r; 21773; 1088; 135; 15; 21772; 12
2; r; 27536; 1088; 213; 25; 27535; 8
2; r; 33301; 1088; 1080; 103; 33300; 2
2; r; 39064; 1088; 174; 22; 39063; 13
2; r; 44828; 1088; 1073; 101; 44827; 7
2; r; 49311; 1088; 769; 84; 49310; 7
2; r; 55075; 1088; 546; 60; 55074; 5
2; r; 63403; 1088; 456; 48; 63402; 6
2; r; 67247; 1088; 972; 92; 67246; 5
2; r; 69809; 1088; 884; 87; 69808; 4
2; r; 71090; 1088; 514; 58; 71089; 5
2; r; 74933; 1088; 511; 56; 74932; 6
2; r; 76855; 1088; 488; 53; 76854; 5
2; r; 78136; 1088; 10; 0; 78135; 11
2; r; 80058; 1088; 651; 70; 80057; 4
2; r; 83261; 1088; 1076; 102; 83260; 3
2; r; 84542; 1088; 982; 95; 84541; 3
2; r; 85823; 1088; 955; 91; 85822; 2
2; r; 89026; 1088; 878; 86; 89025; 4
2; r; 90947; 1088; 509; 55; 90946; 5
2; r; 92229; 1088; 393; 42; 92228; 6
2; r; 96073; 1088; 569; 62; 96072; 11
2; r; 97995; 1088; 1033; 97; 97994; 6
2; r; 103122; 1088; 756; 81; 103121; 2
2; r; 105684; 1088; 613; 65; 105683; 5
2; r; 112729; 1088; 437; 44; 112728; 8
2; r; 114010; 1088; 625; 67; 114009; 3
2; r; 114651; 1088; 701; 73; 114650; 7
2; r; 122981; 1088; 708; 76; 122980; 5
2; r; 123622; 1088; 975; 93; 123621; 6
2; r; 126184; 1088; 758; 82; 126183; 5
2; r; 135794; 1088; 377; 41; 135793; 8
2; r; 140279; 1088; 633; 69; 140278; 7
2; r; 149250; 1088; 1043; 99; 149249; 4
2; r; 149891; 1088; 87; 10; 149890; 10
2; r; 150532; 1088; 991; 96; 150531; 9
2; r; 164626; 1088; 447; 46; 164625; 6
2; r; 168469; 1088; 360; 38; 168468; 5
2; r; 177437; 1088; 427; 43; 177436; 4
2; r; 178719; 1088; 229; 27; 178718; 9
2; r; 187047; 1088; 933; 90; 187046; 7
2; r; 188329; 1088; 574; 63; 188328; 6
2; r; 193454; 1088; 742; 79; 193453; 4
2; r; 194735; 1088; 227; 26; 194734; 9
2; r; 195376; 1088; 93; 11; 195375; 10
2; r; 204348; 1088; 512; 57; 204347; 11
2; r; 207552; 1088; 157; 20; 207551; 7
2; r; 208192; 1088; 152; 18; 208191; 10
2; r; 210114; 1088; 760; 83; 210113; 7
2; r; 226133; 1088; 1039; 98; 226132; 8
2; r; 226774; 1088; 741; 78; 226773; 6
2; r; 232542; 1088; 482; 52; 232541; 8
2; r; 233183; 1088; 252; 29; 233182; 9
2; r; 242152; 1088; 608; 64; 242151; 7
2; r; 243434; 1088; 294; 31; 243433; 8
2; r; 244075; 1088; 300; 32; 244074; 11
2; r; 248561; 1088; 56; 6; 248560; 7
2; r; 251124; 1088; 563; 61; 251123; 11
2; r; 262019; 1088; 253; 30; 262018; 14
2; r; 266503; 1088; 122; 14; 266502; 7
2; r; 270348; 1088; 197; 24; 270347; 6
2; r; 270989; 1088; 18; 1; 270988; 10
2; r; 271630; 1088; 310; 33; 271629; 10
2; r; 273553; 1088; 163; 21; 273552; 9
2; r; 682861; 1088; 617; 66; 682860; 19
2; r; 705283; 1088; 452; 47; 705282; 15
2; r; 711690; 1088; 743; 80; 711689; 22
2; r; 713611; 1088; 924; 88; 713610; 18
2; r; 717454; 1088; 138; 16; 717453; 21
2; r; 721937; 1088; 24; 2; 721936; 11
2; r; 732827; 1088; 49; 4; 732826; 12
2; r; 733468; 1088; 660; 71; 733467; 19
2; r; 738594; 1088; 108; 13; 738593; 16
2; r; 749485; 1088; 142; 17; 749484; 14
2; r; 753969; 1088; 155; 19; 753968; 17
2; r; 763579; 1088; 446; 45; 763578; 16
2; r; 768705; 1088; 233; 28; 768704; 16
2; r; 771267; 1088; 319; 34; 771266; 10
2; r; 773829; 1088; 472; 49; 773828; 19
2; r; 775751; 1088; 94; 12; 775750; 10
2; r; 780876; 1088; 38; 3; 780875; 15
2; r; 786001; 1088; 63; 8; 786000; 10
2; r; 794329; 1088; 76; 9; 794328; 16
2; r; 799454; 1088; 1069; 100; 799453; 12
2; r; 805218; 1088; 852; 194; 5217; 2
2; r; 807780; 1088; 50; 5; 807779; 14
2; r; 809702; 1088; 333; 37; 809701; 12
2; r; 817389; 1088; 549; 168; 17388; 6
2; r; 825076; 1088; 629; 68; 825075; 18
2; r; 829561; 1088; 568; 170; 29560; 7
2; r; 835327; 1088; 890; 199; 35326; 1
2; r; 848778; 1088; 26; 108; 48777; 8
2; r; 852621; 1088; 811; 188; 52620; 6
2; r; 860950; 1088; 274; 136; 60949; 9
2; r; 867997; 1088; 380; 147; 67996; 8
2; r; 871840; 1088; 477; 161; 71839; 7
2; r; 887211; 1088; 918; 203; 87210; 2
2; r; 887851; 1088; 673; 178; 87850; 7
2; r; 890414; 1088; 271; 134; 90413; 8
2; r; 891695; 1088; 1052; 207; 91694; 1
2; r; 894899; 1088; 580; 172; 94898; 7
2; r; 895540; 1088; 813; 189; 95539; 5
2; r; 897461; 1088; 498; 54; 897460; 21
2; r; 900664; 1088; 257; 132; 100663; 8
2; r; 903867; 1088; 164; 121; 103866; 7
2; r; 904508; 1088; 544; 167; 104507; 6
2; r; 907711; 1088; 406; 151; 107710; 11
2; r; 908352; 1088; 950; 204; 108351; 2
2; r; 912196; 1088; 908; 202; 112195; 5
2; r; 914759; 1088; 179; 23; 914758; 14
2; r; 916681; 1088; 839; 193; 116680; 6
2; r; 917321; 1088; 470; 160; 117320; 7
2; r; 917962; 1088; 259; 133; 117961; 8
2; r; 926291; 1088; 315; 142; 126290; 7
2; r; 930134; 1088; 289; 138; 130133; 7
2; r; 932695; 1088; 835; 192; 132694; 8
2; r; 933976; 1088; 63; 112; 133975; 9
2; r; 935257; 1088; 360; 145; 135256; 5
2; r; 935898; 1088; 46; 110; 135897; 11
2; r; 939742; 1088; 1069; 208; 139741; 4
2; r; 949995; 1088; 147; 120; 149994; 8
2; r; 958326; 1088; 233; 128; 158325; 11
2; r; 961531; 1088; 589; 173; 161530; 5
2; r; 962812; 1088; 876; 197; 162811; 6
2; r; 966657; 1088; 862; 196; 166656; 10
2; r; 967298; 1088; 125; 118; 167297; 8
2; r; 971142; 1088; 273; 135; 171141; 9
2; r; 975626; 1088; 895; 200; 175625; 9
2; r; 978829; 1088; 395; 148; 178828; 4
2; r; 979469; 1088; 238; 129; 179468; 9
2; r; 980109; 1088; 806; 187; 180108; 6
2; r; 983312; 1088; 419; 152; 183311; 6
2; r; 996126; 1088; 436; 157; 196125; 9
2; r; 1008940; 1088; 493; 163; 208939; 7
2; r; 1010221; 1088; 433; 156; 210220; 7
2; r; 1021112; 1088; 346; 144; 221111; 7
2; r; 1027519; 1088; 214; 125; 227518; 9
2; r; 1030083; 1088; 310; 141; 230082; 7
2; r; 1031364; 1088; 118; 117; 231363; 8
2; r; 1034568; 1088; 569; 171; 234567; 6
2; r; 1037772; 1088; 499; 165; 237771; 9
2; r; 1039694; 1088; 102; 115; 239693; 10
2; r; 1045461; 1088; 206; 124; 245460; 9
2; r; 1057634; 1088; 228; 126; 257633; 8
2; r; 1064683; 1088; 701; 179; 264682; 9
2; r; 1066605; 1088; 599; 174; 266604; 9
2; r; 1068528; 1088; 305; 140; 268527; 11
2; r; 1070450; 1088; 88; 113; 270449; 7
2; r; 1075577; 1088; 404; 150; 275576; 9
2; r; 1078139; 1088; 605; 176; 278138; 12
2; r; 1080703; 1088; 376; 146; 280702; 12
2; r; 1482486; 1088; 324; 35; 1482485; 24
2; r; 1491457; 1088; 771; 182; 691456; 12
2; r; 1497223; 1088; 429; 154; 697222; 13
2; r; 1502990; 1088; 481; 51; 1502989; 23
2; r; 1505552; 1088; 907; 201; 705551; 14
2; r; 1506193; 1088; 55; 111; 706192; 13
2; r; 1514520; 1088; 430; 155; 714519; 17
2; r; 1515801; 1088; 602; 175; 715800; 13
2; r; 1522207; 1088; 798; 186; 722206; 14
2; r; 1526050; 1088; 276; 137; 726049; 14
2; r; 1529254; 1088; 1004; 206; 729253; 10
2; r; 1534380; 1088; 880; 198; 734379; 10
2; r; 1535021; 1088; 829; 191; 735020; 9
2; r; 1538864; 1088; 703; 74; 1538863; 27
2; r; 1540145; 1088; 567; 169; 740144; 12
2; r; 1552958; 1088; 856; 195; 752957; 4
2; r; 1557441; 1088; 961; 205; 757440; 13
2; r; 1563847; 1088; 782; 183; 763846; 8
2; r; 1570253; 1088; 791; 184; 770252; 6
2; r; 1571535; 1088; 133; 119; 771534; 10
2; r; 1572175; 1088; 187; 123; 772174; 13
2; r; 1576019; 1088; 764; 181; 776018; 14
2; r; 1577300; 1088; 371; 40; 1577299; 21
2; r; 1584987; 1088; 480; 162; 784986; 12
2; r; 1588190; 1088; 165; 122; 788189; 16
2; r; 1589472; 1088; 229; 127; 789471; 19
2; r; 1590753; 1088; 255; 131; 790752; 14
2; r; 1591394; 1088; 92; 114; 791393; 15
2; r; 1597161; 1088; 11; 105; 797160; 16
2; r; 1597802; 1088; 110; 116; 797801; 11
2; r; 1608694; 1088; 16; 106; 808693; 17
2; r; 1611258; 1088; 9; 104; 811257; 17
2; r; 1617666; 1088; 421; 153; 817665; 11
2; r; 1621510; 1088; 462; 158; 821509; 14
2; r; 1623432; 1088; 826; 190; 823431; 12
2; r; 1624073; 1088; 796; 185; 824072; 17
2; r; 1625355; 1088; 736; 180; 825354; 17
2; r; 1625996; 1088; 341; 143; 825995; 16
2; r; 1631121; 1088; 495; 164; 831120; 11
2; r; 1634324; 1088; 469; 159; 834323; 9
2; r; 1646498; 1088; 24; 107; 846497; 19
2; r; 1684948; 1088; 402; 149; 884947; 15
2; r; 1697123; 1088; 248; 130; 897122; 15
2; r; 1700969; 1088; 625; 177; 900968; 22
2; r; 1749058; 1088; 293; 139; 949057; 17
3; r; 6404; 1088; 920; 84; 6403; 1
3; r; 14728; 1088; 747; 67; 14727; 6
3; r; 19211; 1088; 1045; 93; 19210; 2
3; r; 28177; 1088; 941; 86; 28176; 4
3; r; 35861; 1088; 606; 54; 35860; 7
3; r; 36502; 1088; 424; 39; 36501; 5
3; r; 38424; 1088; 739; 64; 38423; 5
3; r; 43547; 1088; 949; 87; 43546; 2
3; r; 48032; 1088; 483; 45; 48031; 6
3; r; 51234; 1088; 692; 62; 51233; 5
3; r; 52515; 1088; 955; 88; 52514; 1
3; r; 56358; 1088; 923; 85; 56357; 1
3; r; 58920; 1088; 146; 15; 58919; 14
3; r; 67887; 1088; 898; 82; 67886; 9
3; r; 68527; 1088; 1046; 94; 68526; 4
3; r; 69168; 1088; 1049; 96; 69167; 1
3; r; 70449; 1088; 1055; 98; 70448; 1
3; r; 80699; 1088; 787; 76; 80698; 4
3; r; 94150; 1088; 635; 59; 94149; 8
3; r; 96713; 1088; 1083; 101; 96712; 2
3; r; 103120; 1088; 753; 70; 103119; 5
3; r; 108244; 1088; 741; 65; 108243; 7
3; r; 112728; 1088; 813; 77; 112727; 6
3; r; 114010; 1088; 647; 60; 114009; 5
3; r; 116572; 1088; 196; 19; 116571; 7
3; r; 117212; 1088; 749; 68; 117211; 11
3; r; 126181; 1088; 529; 51; 126180; 11
3; r; 128103; 1088; 351; 30; 128102; 5
3; r; 132587; 1088; 833; 80; 132586; 9
3; r; 133868; 1088; 449; 42; 133867; 5
3; r; 135790; 1088; 775; 73; 135789; 6
3; r; 137071; 1088; 849; 81; 137070; 4
3; r; 139634; 1088; 285; 26; 139633; 12
3; r; 148604; 1088; 57; 6; 148603; 7
3; r; 149885; 1088; 764; 72; 149884; 12
3; r; 155651; 1088; 114; 11; 155650; 10
3; r; 162700; 1088; 262; 25; 162699; 7
3; r; 163341; 1088; 534; 52; 163340; 7
3; r; 166544; 1088; 250; 24; 166543; 13
3; r; 171029; 1088; 317; 29; 171028; 10
3; r; 175513; 1088; 93; 8; 175512; 10
3; r; 179999; 1088; 451; 43; 179998; 11
3; r; 187047; 1088; 830; 79; 187046; 8
3; r; 196020; 1088; 1067; 99; 196019; 6
3; r; 196661; 1088; 778; 74; 196660; 8
3; r; 199864; 1088; 609; 55; 199863; 7
3; r; 205631; 1088; 432; 40; 205630; 12
3; r; 208835; 1088; 362; 33; 208834; 9
3; r; 210758; 1088; 758; 71; 210757; 7
3; r; 212681; 1088; 742; 66; 212680; 8
3; r; 219088; 1088; 54; 5; 219087; 9
3; r; 221651; 1088; 391; 35; 221650; 5
3; r; 225496; 1088; 414; 38; 225495; 9
3; r; 226778; 1088; 210; 20; 226777; 7
3; r; 243439; 1088; 6; 1; 243438; 12
3; r; 245362; 1088; 507; 48; 245361; 12
3; r; 247284; 1088; 827; 78; 247283; 9
3; r; 265228; 1088; 709; 63; 265227; 9
3; r; 267150; 1088; 524; 50; 267149; 9
3; r; 270995; 1088; 434; 41; 270994; 9
3; r; 271636; 1088; 353; 31; 271635; 6
3; r; 286373; 1088; 94; 9; 286372; 9
3; r; 290219; 1088; 11; 2; 290218; 12
3; r; 296628; 1088; 160; 16; 296627; 10
3; r; 299833; 1088; 96; 10; 299832; 13
3; r; 301114; 1088; 4; 0; 301113; 14
3; r; 714400; 1088; 220; 21; 714399; 14
3; r; 720167; 1088; 134; 13; 720166; 15
3; r; 726574; 1088; 614; 56; 726573; 12
3; r; 727215; 1088; 520; 49; 727214; 17
3; r; 734262; 1088; 494; 46; 734261; 13
3; r; 739387; 1088; 1029; 92; 739386; 19
3; r; 742591; 1088; 634; 58; 742590; 14
3; r; 743873; 1088; 1021; 90; 743872; 10
3; r; 745155; 1088; 235; 22; 745154; 10
3; r; 747077; 1088; 1047; 95; 747076; 8
3; r; 750921; 1088; 633; 57; 750920; 15
3; r; 752843; 1088; 129; 12; 752842; 17
3; r; 755405; 1088; 243; 23; 755404; 14
3; r; 762453; 1088; 458; 44; 762452; 13
3; r; 763094; 1088; 300; 28; 763093; 17
3; r; 767577; 1088; 919; 83; 767576; 13
3; r; 768218; 1088; 672; 61; 768217; 20
3; r; 783591; 1088; 1052; 97; 783590; 7
3; r; 784872; 1088; 1022; 91; 784871; 9
3; r; 786794; 1088; 986; 89; 786793; 13
3; r; 806010; 1088; 38; 3; 806009; 19
3; r; 807291; 1088; 165; 17; 807290; 14
3; r; 823303; 1088; 288; 27; 823302; 23
3; r; 825225; 1088; 396; 37; 825224; 18
3; r; 829068; 1088; 39; 4; 829067; 17
3; r; 841238; 1088; 1013; 203; 41237; 2
3; r; 847644; 1088; 379; 151; 47643; 6
3; r; 851488; 1088; 354; 32; 851487; 15
3; r; 866222; 1088; 695; 172; 66221; 8
3; r; 868784; 1088; 987; 195; 68783; 1
3; r; 870706; 1088; 145; 14; 870705; 19
3; r; 871987; 1088; 613; 163; 71986; 5
3; r; 873268; 1088; 77; 7; 873267; 18
3; r; 882878; 1088; 583; 160; 82877; 5
3; r; 884159; 1088; 989; 196; 84158; 1
3; r; 891848; 1088; 879; 192; 91847; 6
3; r; 900817; 1088; 1083; 211; 100816; 4
3; r; 901458; 1088; 377; 150; 101457; 6
3; r; 904021; 1088; 190; 128; 104020; 9
3; r; 911069; 1088; 486; 156; 111068; 4
3; r; 918756; 1088; 824; 189; 118755; 4
3; r; 921320; 1088; 789; 182; 121319; 3
3; r; 929006; 1088; 274; 139; 129005; 9
3; r; 929647; 1088; 991; 197; 129646; 7
3; r; 930928; 1088; 688; 171; 130927; 5
3; r; 931568; 1088; 146; 124; 131567; 14
3; r; 938616; 1088; 223; 132; 138615; 11
3; r; 939897; 1088; 166; 125; 139896; 12
3; r; 943742; 1088; 822; 188; 143741; 4
3; r; 950790; 1088; 618; 164; 150789; 6
3; r; 959759; 1088; 353; 146; 159758; 7
3; r; 961040; 1088; 514; 158; 161039; 8
3; r; 963602; 1088; 754; 179; 163601; 4
3; r; 964243; 1088; 710; 174; 164242; 6
3; r; 969368; 1088; 790; 183; 169367; 5
3; r; 980259; 1088; 338; 145; 180258; 11
3; r; 986666; 1088; 905; 193; 186665; 7
3; r; 987947; 1088; 185; 126; 187946; 9
3; r; 991150; 1088; 768; 180; 191149; 8
3; r; 1009726; 1088; 310; 143; 209725; 8
3; r; 1019336; 1088; 995; 199; 219335; 7
3; r; 1028948; 1088; 642; 169; 228947; 5
3; r; 1032793; 1088; 213; 130; 232792; 9
3; r; 1035357; 1088; 392; 36; 1035356; 18
3; r; 1037279; 1088; 14; 103; 237278; 11
3; r; 1038560; 1088; 287; 141; 238559; 11
3; r; 1049454; 1088; 275; 140; 249453; 10
3; r; 1052658; 1088; 1028; 206; 252657; 8
3; r; 1077010; 1088; 832; 190; 277009; 8
3; r; 1081496; 1088; 244; 136; 281495; 10
3; r; 1085341; 1088; 409; 152; 285340; 8
3; r; 1086623; 1088; 417; 153; 286622; 7
3; r; 1102643; 1088; 186; 127; 302642; 12
3; r; 1105208; 1088; 227; 133; 305207; 8
3; r; 1108411; 1088; 535; 159; 308410; 11
3; r; 1511849; 1088; 1035; 207; 711848; 12
3; r; 1514412; 1088; 60; 113; 714411; 9
3; r; 1515053; 1088; 123; 119; 715052; 10
3; r; 1516975; 1088; 74; 115; 716974; 12
3; r; 1517616; 1088; 802; 184; 717615; 15
3; r; 1520179; 1088; 237; 134; 720178; 13
3; r; 1535551; 1088; 200; 129; 735550; 9
3; r; 1536192; 1088; 137; 122; 736191; 14
3; r; 1537473; 1088; 1005; 202; 737472; 17
3; r; 1538754; 1088; 30; 105; 738753; 11
3; r; 1540035; 1088; 317; 144; 740034; 15
3; r; 1545161; 1088; 76; 116; 745160; 11
3; r; 1565018; 1088; 703; 173; 765017; 15
3; r; 1569502; 1088; 1082; 210; 769501; 15
3; r; 1570783; 1088; 55; 112; 770782; 10
3; r; 1575267; 1088; 39; 107; 775266; 14
3; r; 1586797; 1088; 214; 131; 786796; 12
3; r; 1588078; 1088; 1068; 208; 788077; 13
3; r; 1588719; 1088; 771; 181; 788718; 15
3; r; 1590640; 1088; 133; 121; 790639; 13
3; r; 1600251; 1088; 21; 104; 800250; 9
3; r; 1601532; 1088; 732; 177; 801531; 9
3; r; 1602813; 1088; 13; 102; 802812; 12
3; r; 1604094; 1088; 51; 110; 804093; 19
3; r; 1607938; 1088; 242; 135; 807937; 15
3; r; 1609860; 1088; 1071; 209; 809859; 14
3; r; 1614984; 1088; 140; 123; 814983; 14
3; r; 1615625; 1088; 611; 162; 815624; 11
3; r; 1620750; 1088; 430; 154; 820749; 18
3; r; 1623953; 1088; 47; 108; 823952; 14
3; r; 1632923; 1088; 367; 147; 832922; 12
3; r; 1636126; 1088; 815; 186; 836125; 14
3; r; 1638689; 1088; 471; 155; 838688; 15
3; r; 1641893; 1088; 497; 157; 841892; 17
3; r; 1647017; 1088; 92; 118; 847016; 13
3; r; 1652144; 1088; 629; 167; 852143; 14
3; r; 1654706; 1088; 1025; 205; 854705; 14
3; r; 1657269; 1088; 87; 117; 857268; 14
3; r; 1657910; 1088; 712; 176; 857909; 16
3; r; 1665599; 1088; 999; 200; 865598; 18
3; r; 1679700; 1088; 125; 120; 879699; 13
3; r; 1682905; 1088; 267; 138; 882904; 21
3; r; 1686751; 1088; 1001; 201; 886750; 18
3; r; 1702132; 1088; 620; 165; 902131; 13
3; r; 1703414; 1088; 817; 187; 903413; 16
3; r; 1708542; 1088; 48; 109; 908541; 21
3; r; 1711746; 1088; 37; 106; 911745; 13
3; r; 1743154; 1088; 657; 170; 943153; 21
4; r; 15370; 1088; 575; 63; 15369; 10
4; r; 17932; 1088; 772; 81; 17931; 6
4; r; 28818; 1088; 423; 48; 28817; 6
4; r; 34581; 1088; 664; 71; 34580; 13
4; r; 35222; 1088; 937; 97; 35221; 6
4; r; 37784; 1088; 697; 74; 37783; 10
4; r; 44188; 1088; 1009; 104; 44187; 4
4; r; 53796; 1088; 728; 76; 53795; 11
4; r; 55077; 1088; 1012; 105; 55076; 4
4; r; 56358; 1088; 276; 31; 56357; 10
4; r; 59561; 1088; 304; 35; 59560; 9
4; r; 65326; 1088; 741; 77; 65325; 6
4; r; 67248; 1088; 1071; 115; 67247; 4
4; r; 80062; 1088; 682; 73; 80061; 5
4; r; 82624; 1088; 788; 84; 82623; 3
4; r; 85186; 1088; 1015; 107; 85185; 2
4; r; 85826; 1088; 786; 83; 85825; 5
4; r; 93514; 1088; 324; 37; 93513; 6
4; r; 94154; 1088; 781; 82; 94153; 3
4; r; 100561; 1088; 974; 101; 100560; 5
4; r; 103124; 1088; 416; 46; 103123; 7
4; r; 108249; 1088; 1013; 106; 108248; 3
4; r; 108890; 1088; 547; 60; 108889; 5
4; r; 114655; 1088; 571; 62; 114654; 7
4; r; 118499; 1088; 871; 93; 118498; 8
4; r; 119140; 1088; 820; 88; 119139; 4
4; r; 121703; 1088; 482; 55; 121702; 8
4; r; 128750; 1088; 592; 64; 128749; 6
4; r; 134517; 1088; 593; 65; 134516; 6
4; r; 138361; 1088; 793; 85; 138360; 9
4; r; 141565; 1088; 1076; 117; 141564; 3
4; r; 142846; 1088; 124; 12; 142845; 6
4; r; 145408; 1088; 1064; 114; 145407; 6
4; r; 148611; 1088; 605; 68; 148610; 7
4; r; 151814; 1088; 539; 59; 151813; 8
4; r; 156298; 1088; 800; 87; 156297; 7
4; r; 157580; 1088; 389; 43; 157579; 6
4; r; 165907; 1088; 832; 89; 165906; 6
4; r; 166548; 1088; 612; 69; 166547; 8
4; r; 172314; 1088; 799; 86; 172313; 12
4; r; 181927; 1088; 1050; 112; 181926; 5
4; r; 188334; 1088; 670; 72; 188333; 8
4; r; 190256; 1088; 469; 53; 190255; 11
4; r; 190897; 1088; 176; 17; 190896; 7
4; r; 203070; 1088; 325; 38; 203069; 13
4; r; 204351; 1088; 86; 8; 204350; 11
4; r; 206273; 1088; 233; 26; 206272; 11
4; r; 210116; 1088; 836; 91; 210115; 9
4; r; 211398; 1088; 910; 96; 211397; 6
4; r; 221009; 1088; 771; 80; 221008; 9
4; r; 647407; 1088; 76; 7; 647406; 15
4; r; 649329; 1088; 975; 102; 649328; 16
4; r; 655736; 1088; 345; 39; 655735; 12
4; r; 660862; 1088; 1029; 111; 660861; 16
4; r; 664065; 1088; 564; 61; 664064; 14
4; r; 665347; 1088; 57; 4; 665346; 16
4; r; 667909; 1088; 25; 0; 667908; 16
4; r; 668550; 1088; 849; 92; 668549; 14
4; r; 673034; 1088; 27; 1; 673033; 19
4; r; 674957; 1088; 194; 20; 674956; 9
4; r; 675598; 1088; 187; 19; 675597; 15
4; r; 683926; 1088; 604; 67; 683925; 8
4; r; 684567; 1088; 216; 23; 684566; 16
4; r; 688411; 1088; 716; 75; 688410; 14
4; r; 691615; 1088; 94; 11; 691614; 13
4; r; 694817; 1088; 510; 58; 694816; 12
4; r; 695458; 1088; 887; 94; 695457; 16
4; r; 696099; 1088; 896; 95; 696098; 13
4; r; 698020; 1088; 65; 6; 698019; 16
4; r; 698661; 1088; 833; 90; 698660; 18
4; r; 706991; 1088; 394; 44; 706990; 7
4; r; 708913; 1088; 946; 98; 708912; 7
4; r; 719803; 1088; 271; 30; 719802; 15
4; r; 723007; 1088; 49; 3; 723006; 8
4; r; 733256; 1088; 293; 32; 733255; 14
4; r; 743504; 1088; 498; 56; 743503; 20
4; r; 749270; 1088; 371; 41; 749269; 9
4; r; 755675; 1088; 468; 52; 755674; 13
4; r; 757597; 1088; 363; 40; 757596; 14
4; r; 761440; 1088; 1027; 110; 761439; 11
4; r; 762081; 1088; 91; 10; 762080; 10
4; r; 772971; 1088; 157; 14; 772970; 14
4; r; 785142; 1088; 959; 99; 785141; 12
4; r; 785783; 1088; 994; 103; 785782; 10
4; r; 790908; 1088; 429; 49; 790907; 14
4; r; 792831; 1088; 473; 54; 792830; 11
4; r; 794112; 1088; 418; 47; 794111; 20
4; r; 796034; 1088; 173; 16; 796033; 11
4; r; 797315; 1088; 763; 79; 797314; 10
4; r; 823580; 1088; 60; 5; 823579; 14
4; r; 833188; 1088; 912; 208; 33187; 3
4; r; 837031; 1088; 223; 24; 837030; 9
4; r; 844079; 1088; 207; 22; 844078; 15
4; r; 849203; 1088; 430; 50; 849202; 11
4; r; 851765; 1088; 399; 45; 851764; 17
4; r; 852406; 1088; 756; 187; 52405; 3
4; r; 856250; 1088; 299; 34; 856249; 18
4; r; 863296; 1088; 127; 13; 863295; 17
4; r; 864577; 1088; 598; 66; 864576; 13
4; r; 870342; 1088; 297; 33; 870341; 20
4; r; 879952; 1088; 1082; 225; 79951; 1
4; r; 884435; 1088; 457; 157; 84434; 5
4; r; 885716; 1088; 1025; 108; 885715; 15
4; r; 887638; 1088; 466; 158; 87637; 9
4; r; 893404; 1088; 1063; 113; 893403; 19
4; r; 895966; 1088; 805; 197; 95965; 5
4; r; 901093; 1088; 311; 36; 901092; 11
4; r; 904296; 1088; 749; 186; 104295; 4
4; r; 905577; 1088; 920; 209; 105576; 1
4; r; 910061; 1088; 264; 29; 910060; 12
4; r; 922233; 1088; 195; 21; 922232; 12
4; r; 924797; 1088; 442; 155; 124796; 6
4; r; 931202; 1088; 943; 211; 131201; 6
4; r; 933125; 1088; 448; 156; 133124; 6
4; r; 935688; 1088; 1080; 224; 135687; 2
4; r; 937610; 1088; 783; 194; 137609; 3
4; r; 940173; 1088; 1047; 219; 140172; 2
4; r; 953624; 1088; 40; 2; 953623; 15
4; r; 962595; 1088; 509; 164; 162594; 7
4; r; 963236; 1088; 1014; 216; 163235; 3
4; r; 970925; 1088; 168; 15; 970924; 15
4; r; 978614; 1088; 1039; 217; 178613; 4
4; r; 988866; 1088; 1043; 218; 188865; 3
4; r; 990788; 1088; 741; 183; 190787; 5
4; r; 1001036; 1088; 526; 165; 201035; 4
4; r; 1024743; 1088; 245; 139; 224742; 9
4; r; 1037558; 1088; 766; 188; 237557; 7
4; r; 1042684; 1088; 908; 206; 242683; 4
4; r; 1447796; 1088; 186; 134; 647795; 12
4; r; 1449718; 1088; 887; 204; 649717; 9
4; r; 1450359; 1088; 797; 196; 650358; 10
4; r; 1454203; 1088; 747; 185; 654202; 9
4; r; 1457406; 1088; 137; 128; 657405; 11
4; r; 1461890; 1088; 261; 27; 1461889; 14
4; r; 1463812; 1088; 875; 203; 663811; 7
4; r; 1465734; 1088; 151; 130; 665733; 11
4; r; 1467016; 1088; 646; 172; 667015; 11
4; r; 1469578; 1088; 348; 149; 669577; 9
4; r; 1474704; 1088; 746; 184; 674703; 8
4; r; 1477267; 1088; 678; 177; 677266; 8
4; r; 1492001; 1088; 701; 178; 692000; 12
4; r; 1495846; 1088; 811; 199; 695845; 9
4; r; 1500330; 1088; 121; 126; 700329; 10
4; r; 1506095; 1088; 835; 200; 706094; 12
4; r; 1509940; 1088; 105; 124; 709939; 15
4; r; 1510580; 1088; 146; 129; 710579; 13
4; r; 1514424; 1088; 216; 137; 714423; 9
4; r; 1516987; 1088; 643; 171; 716986; 8
4; r; 1518909; 1088; 728; 180; 718908; 12
4; r; 1523393; 1088; 785; 195; 723392; 7
4; r; 1529799; 1088; 562; 167; 729798; 11
4; r; 1533002; 1088; 653; 173; 733001; 4
4; r; 1534283; 1088; 1070; 221; 734282; 6
4; r; 1538767; 1088; 1075; 222; 738766; 9
4; r; 1539408; 1088; 1003; 214; 739407; 4
4; r; 1540049; 1088; 842; 201; 740048; 7
4; r; 1541970; 1088; 855; 202; 741969; 9
4; r; 1543252; 1088; 768; 190; 743251; 14
4; r; 1545814; 1088; 99; 123; 745813; 10
4; r; 1547096; 1088; 109; 125; 747095; 15
4; r; 1550300; 1088; 328; 147; 750299; 8
4; r; 1558628; 1088; 628; 170; 758627; 10
4; r; 1563753; 1088; 1079; 223; 763752; 9
4; r; 1568878; 1088; 170; 132; 768877; 14
4; r; 1569519; 1088; 569; 168; 769518; 11
4; r; 1571441; 1088; 737; 182; 771440; 8
4; r; 1573363; 1088; 301; 144; 773362; 14
4; r; 1574003; 1088; 961; 212; 774002; 10
4; r; 1577206; 1088; 911; 207; 777205; 4
4; r; 1584894; 1088; 413; 152; 784893; 7
4; r; 1587457; 1088; 655; 174; 787456; 6
4; r; 1590019; 1088; 296; 143; 790018; 14
4; r; 1593863; 1088; 677; 176; 793862; 8
4; r; 1598989; 1088; 134; 127; 798988; 14
4; r; 1600911; 1088; 174; 133; 800910; 13
4; r; 1602193; 1088; 711; 179; 802192; 14
4; r; 1604116; 1088; 200; 135; 804115; 11
4; r; 1611163; 1088; 470; 159; 811162; 9
4; r; 1613085; 1088; 14; 119; 813084; 12
4; r; 1614366; 1088; 1053; 220; 814365; 10
4; r; 1615007; 1088; 780; 193; 815006; 6
4; r; 1618210; 1088; 272; 141; 818209; 19
4; r; 1621414; 1088; 277; 142; 821413; 9
4; r; 1624617; 1088; 674; 175; 824616; 9
4; r; 1625258; 1088; 491; 162; 825257; 8
4; r; 1626539; 1088; 89; 121; 826538; 9
4; r; 1631666; 1088; 214; 136; 831665; 10
4; r; 1636150; 1088; 485; 161; 836149; 9
4; r; 1643837; 1088; 169; 131; 843836; 13
4; r; 1645119; 1088; 364; 151; 845118; 9
4; r; 1645760; 1088; 810; 198; 845759; 6
4; r; 1647041; 1088; 729; 181; 847040; 16
4; r; 1647682; 1088; 1008; 215; 847681; 10
4; r; 1652808; 1088; 46; 120; 852807; 16
4; r; 1654730; 1088; 968; 213; 854729; 13
4; r; 1656012; 1088; 90; 122; 856011; 10
4; r; 1661138; 1088; 502; 163; 861137; 10
4; r; 1663061; 1088; 352; 150; 863060; 11
4; r; 1663702; 1088; 900; 205; 863701; 9
4; r; 1679080; 1088; 480; 160; 879079; 8
4; r; 1683566; 1088; 13; 118; 883565; 14
4; r; 1692539; 1088; 314; 146; 892538; 13
4; r; 1699587; 1088; 311; 145; 899586; 12
4; r; 1711125; 1088; 435; 153; 911124; 15
4; r; 1755998; 1088; 934; 210; 955997; 18
4; r; 1773962; 1088; 767; 189; 973961; 14
4; r; 1788725; 1088; 438; 154; 988724; 12
4; r; 1796453; 1088; 254; 140; 996452; 14
5; r; 8965; 1088; 953; 99; 8964; 2
5; r; 17291; 1088; 972; 101; 17290; 7
5; r; 19852; 1088; 1054; 110; 19851; 1
5; r; 26256; 1088; 122; 14; 26255; 10
5; r; 33300; 1088; 443; 44; 33299; 7
5; r; 34581; 1088; 851; 92; 34580; 2
5; r; 35862; 1088; 913; 96; 35861; 3
5; r; 44188; 1088; 206; 22; 44187; 10
5; r; 46109; 1088; 451; 45; 46108; 9
5; r; 48672; 1088; 323; 36; 48671; 8
5; r; 49313; 1088; 950; 98; 49312; 3
5; r; 53156; 1088; 610; 61; 53155; 5
5; r; 62764; 1088; 752; 79; 62763; 2
5; r; 65967; 1088; 246; 27; 65966; 7
5; r; 67889; 1088; 981; 105; 67888; 3
5; r; 74295; 1088; 679; 70; 74294; 6
5; r; 74936; 1088; 545; 54; 74935; 5
5; r; 75577; 1088; 1087; 115; 75576; 1
5; r; 81341; 1088; 557; 55; 81340; 4
5; r; 87107; 1088; 643; 64; 87106; 5
5; r; 88389; 1088; 498; 46; 88388; 11
5; r; 89670; 1088; 822; 86; 89669; 3
5; r; 90952; 1088; 839; 91; 90951; 6
5; r; 91593; 1088; 226; 25; 91592; 7
5; r; 92875; 1088; 882; 93; 92874; 4
5; r; 99922; 1088; 980; 104; 99921; 2
5; r; 110172; 1088; 976; 103; 110171; 3
5; r; 112094; 1088; 1070; 112; 112093; 9
5; r; 115937; 1088; 814; 84; 115936; 5
5; r; 119141; 1088; 1006; 106; 119140; 4
5; r; 120422; 1088; 801; 83; 120421; 7
5; r; 121703; 1088; 1079; 114; 121702; 3
5; r; 122985; 1088; 740; 77; 122984; 10
5; r; 132596; 1088; 93; 13; 132595; 8
5; r; 133236; 1088; 156; 18; 133235; 9
5; r; 133877; 1088; 711; 74; 133876; 5
5; r; 135158; 1088; 895; 95; 135157; 7
5; r; 146050; 1088; 3; 0; 146049; 14
5; r; 158223; 1088; 650; 66; 158222; 4
5; r; 162707; 1088; 835; 89; 162706; 11
5; r; 163348; 1088; 34; 3; 163347; 12
5; r; 171039; 1088; 975; 102; 171038; 8
5; r; 175523; 1088; 831; 88; 175522; 8
5; r; 176164; 1088; 763; 80; 176163; 7
5; r; 180008; 1088; 708; 73; 180007; 6
5; r; 194744; 1088; 131; 15; 194743; 8
5; r; 197947; 1088; 266; 31; 197946; 10
5; r; 198587; 1088; 441; 43; 198586; 9
5; r; 201790; 1088; 747; 78; 201789; 6
5; r; 208838; 1088; 926; 97; 208837; 13
5; r; 213324; 1088; 568; 57; 213323; 6
5; r; 214606; 1088; 771; 81; 214605; 7
5; r; 215888; 1088; 260; 29; 215887; 9
5; r; 219092; 1088; 885; 94; 219091; 8
5; r; 219733; 1088; 819; 85; 219732; 5
5; r; 222936; 1088; 325; 37; 222935; 5
5; r; 227421; 1088; 597; 59; 227420; 9
5; r; 235110; 1088; 1011; 107; 235109; 4
5; r; 243439; 1088; 251; 28; 243438; 7
5; r; 254331; 1088; 161; 19; 254330; 10
5; r; 264583; 1088; 532; 53; 264582; 7
5; r; 266506; 1088; 529; 52; 266505; 12
5; r; 269710; 1088; 726; 75; 269709; 9
5; r; 274194; 1088; 629; 63; 274193; 12
5; r; 281884; 1088; 959; 100; 281883; 12
5; r; 282525; 1088; 70; 9; 282524; 12
5; r; 283807; 1088; 271; 32; 283806; 10
5; r; 284448; 1088; 836; 90; 284447; 7
5; r; 287012; 1088; 499; 47; 287011; 8
5; r; 288294; 1088; 664; 68; 288293; 12
5; r; 297905; 1088; 377; 40; 297904; 9
5; r; 298546; 1088; 693; 72; 298545; 10
5; r; 306878; 1088; 1035; 109; 306877; 7
5; r; 308159; 1088; 285; 34; 308158; 7
5; r; 308800; 1088; 143; 17; 308799; 12
5; r; 326746; 1088; 505; 49; 326745; 11
5; r; 333154; 1088; 22; 2; 333153; 8
5; r; 336359; 1088; 265; 30; 336358; 11
5; r; 337000; 1088; 603; 60; 336999; 10
5; r; 742162; 1088; 7; 1; 742161; 14
5; r; 745365; 1088; 290; 35; 745364; 13
5; r; 749849; 1088; 1072; 113; 749848; 15
5; r; 752412; 1088; 829; 87; 752411; 12
5; r; 753693; 1088; 501; 48; 753692; 15
5; r; 754334; 1088; 237; 26; 754333; 11
5; r; 758178; 1088; 73; 10; 758177; 16
5; r; 759459; 1088; 82; 11; 759458; 16
5; r; 761380; 1088; 528; 51; 761379; 18
5; r; 770988; 1088; 680; 71; 770987; 11
5; r; 772909; 1088; 53; 5; 772908; 18
5; r; 776753; 1088; 69; 8; 776752; 13
5; r; 777394; 1088; 1013; 108; 777393; 12
5; r; 796614; 1088; 672; 69; 796613; 16
5; r; 797255; 1088; 57; 7; 797254; 19
5; r; 800458; 1088; 55; 6; 800457; 12
5; r; 804941; 1088; 558; 56; 804940; 15
5; r; 809425; 1088; 90; 12; 809424; 16
5; r; 810066; 1088; 39; 4; 810065; 14
5; r; 812628; 1088; 203; 21; 812627; 24
5; r; 817752; 1088; 812; 192; 17751; 4
5; r; 822237; 1088; 142; 16; 822236; 13
5; r; 823518; 1088; 645; 65; 823517; 19
5; r; 837610; 1088; 821; 193; 37609; 2
5; r; 838891; 1088; 513; 50; 838890; 21
5; r; 840172; 1088; 395; 41; 840171; 12
5; r; 851064; 1088; 984; 213; 51063; 1
5; r; 856830; 1088; 736; 76; 856829; 13
5; r; 858110; 1088; 628; 62; 858109; 17
5; r; 860673; 1088; 586; 58; 860672; 26
5; r; 869002; 1088; 922; 204; 69001; 1
5; r; 873485; 1088; 582; 168; 73484; 4
5; r; 877970; 1088; 723; 180; 77969; 4
5; r; 892062; 1088; 659; 67; 892061; 19
5; r; 904875; 1088; 509; 161; 104874; 7
5; r; 922173; 1088; 579; 166; 122172; 5
5; r; 934348; 1088; 1078; 227; 134347; 5
5; r; 935629; 1088; 724; 181; 135628; 4
5; r; 936269; 1088; 784; 188; 136268; 5
5; r; 936909; 1088; 687; 178; 136908; 4
5; r; 941395; 1088; 424; 155; 141394; 7
5; r; 952285; 1088; 883; 200; 152284; 3
5; r; 953567; 1088; 781; 187; 153566; 5
5; r; 961253; 1088; 947; 208; 161252; 3
5; r; 962535; 1088; 614; 172; 162534; 6
5; r; 968300; 1088; 648; 175; 168299; 6
5; r; 971504; 1088; 778; 186; 171503; 5
5; r; 978551; 1088; 397; 42; 978550; 16
5; r; 982396; 1088; 176; 20; 982395; 22
5; r; 983678; 1088; 866; 198; 183677; 5
5; r; 984960; 1088; 406; 152; 184959; 8
5; r; 991367; 1088; 673; 177; 191366; 5
5; r; 999696; 1088; 479; 158; 199695; 6
5; r; 1004822; 1088; 397; 151; 204821; 9
5; r; 1007385; 1088; 900; 202; 207384; 6
5; r; 1015074; 1088; 769; 185; 215073; 9
5; r; 1022121; 1088; 409; 153; 222120; 9
5; r; 1025325; 1088; 830; 195; 225324; 8
5; r; 1026607; 1088; 1008; 216; 226606; 5
5; r; 1031092; 1088; 286; 143; 231091; 8
5; r; 1038140; 1088; 102; 121; 238139; 11
5; r; 1039422; 1088; 608; 171; 239421; 5
5; r; 1045828; 1088; 92; 119; 245827; 9
5; r; 1052878; 1088; 1052; 221; 252877; 5
5; r; 1054799; 1088; 801; 190; 254798; 6
5; r; 1061849; 1088; 161; 126; 261848; 8
5; r; 1062490; 1088; 185; 131; 262489; 8
5; r; 1063131; 1088; 905; 203; 263130; 4
5; r; 1066335; 1088; 667; 176; 266334; 8
5; r; 1082996; 1088; 303; 147; 282995; 8
5; r; 1088762; 1088; 51; 118; 288761; 7
5; r; 1094529; 1088; 637; 173; 294528; 9
5; r; 1095170; 1088; 1062; 222; 295169; 9
5; r; 1095811; 1088; 462; 156; 295810; 13
5; r; 1113116; 1088; 116; 125; 313115; 9
5; r; 1118243; 1088; 257; 140; 318242; 9
5; r; 1133625; 1088; 234; 138; 333624; 11
5; r; 1134266; 1088; 480; 159; 334265; 7
5; r; 1541290; 1088; 297; 145; 741289; 15
5; r; 1542571; 1088; 833; 196; 742570; 7
5; r; 1543852; 1088; 111; 124; 743851; 11
5; r; 1544493; 1088; 605; 170; 744492; 11
5; r; 1547057; 1088; 194; 132; 747056; 11
5; r; 1548339; 1088; 953; 209; 748338; 5
5; r; 1556025; 1088; 1076; 226; 756024; 7
5; r; 1559228; 1088; 746; 183; 759227; 10
5; r; 1559869; 1088; 762; 184; 759868; 12
5; r; 1568196; 1088; 487; 160; 768195; 14
5; r; 1573962; 1088; 930; 206; 773961; 14
5; r; 1575884; 1088; 175; 129; 775883; 11
5; r; 1582290; 1088; 993; 214; 782289; 6
5; r; 1605994; 1088; 299; 146; 805993; 13
5; r; 1607916; 1088; 595; 169; 807915; 12
5; r; 1611759; 1088; 170; 128; 811758; 12
5; r; 1619446; 1088; 474; 157; 819445; 12
5; r; 1636743; 1088; 213; 136; 836742; 13
5; r; 1637384; 1088; 179; 130; 837383; 15
5; r; 1638025; 1088; 892; 201; 838024; 10
5; r; 1644431; 1088; 1009; 217; 844430; 9
5; r; 1648915; 1088; 7; 116; 848914; 16
5; r; 1651477; 1088; 552; 164; 851476; 8
5; r; 1655321; 1088; 729; 182; 855320; 11
5; r; 1658524; 1088; 1071; 224; 858523; 16
5; r; 1659806; 1088; 195; 133; 859805; 11
5; r; 1663652; 1088; 256; 139; 863651; 16
5; r; 1666856; 1088; 107; 123; 866855; 13
5; r; 1670701; 1088; 104; 122; 870700; 13
5; r; 1679032; 1088; 295; 144; 879031; 14
5; r; 1688643; 1088; 641; 174; 888642; 15
5; r; 1703378; 1088; 1044; 219; 903377; 15
5; r; 1704660; 1088; 956; 210; 904659; 13
5; r; 1705301; 1088; 795; 189; 905300; 13
5; r; 1708506; 1088; 394; 150; 908505; 17
5; r; 1709147; 1088; 8; 117; 909146; 14
5; r; 1715555; 1088; 197; 134; 915554; 14
5; r; 1716837; 1088; 1072; 225; 916836; 11
5; r; 1733501; 1088; 1023; 218; 933500; 9
5; r; 1739909; 1088; 925; 205; 939908; 13
5; r; 1743114; 1088; 576; 165; 943113; 15
5; r; 1746960; 1088; 359; 149; 946959; 13
5; r; 1750806; 1088; 1068; 223; 950805; 14
6; r; 3844; 1088; 1022; 110; 3843; 1
6; r; 12810; 1088; 605; 62; 12809; 5
6; r; 22416; 1088; 917; 96; 22415; 2
6; r; 23697; 1088; 458; 45; 23696; 8
6; r; 32665; 1088; 890; 89; 32664; 5
6; r; 40350; 1088; 3; 0; 40349; 13
6; r; 47395; 1088; 815; 85; 47394; 4
6; r; 458543; 1088; 624; 65; 458542; 4
6; r; 465594; 1088; 973; 106; 465593; 4
6; r; 466235; 1088; 575; 59; 466234; 9
6; r; 480335; 1088; 582; 61; 480334; 5
6; r; 492514; 1088; 892; 90; 492513; 10
6; r; 496359; 1088; 342; 33; 496358; 9
6; r; 514303; 1088; 508; 49; 514302; 6
6; r; 522636; 1088; 675; 70; 522635; 5
6; r; 529684; 1088; 681; 71; 529683; 16
6; r; 577740; 1088; 1056; 113; 577739; 18
6; r; 586069; 1088; 429; 43; 586068; 11
6; r; 600806; 1088; 558; 56; 600805; 10
6; r; 605932; 1088; 198; 20; 605931; 14
6; r; 612979; 1088; 380; 38; 612978; 11
6; r; 615541; 1088; 641; 68; 615540; 10
6; r; 620667; 1088; 170; 15; 620666; 16
6; r; 621307; 1088; 771; 78; 621306; 13
6; r; 623871; 1088; 1059; 114; 623870; 17
6; r; 634122; 1088; 932; 98; 634121; 9
6; r; 636685; 1088; 813; 84; 636684; 9
6; r; 643091; 1088; 212; 23; 643090; 16
6; r; 645654; 1088; 77; 8; 645653; 16
6; r; 659749; 1088; 570; 57; 659748; 11
6; r; 662952; 1088; 310; 30; 662951; 14
6; r; 663593; 1088; 723; 75; 663592; 12
6; r; 681531; 1088; 111; 11; 681530; 17
6; r; 689219; 1088; 199; 21; 689218; 15
6; r; 690501; 1088; 56; 6; 690500; 10
6; r; 701392; 1088; 290; 29; 701391; 13
6; r; 705236; 1088; 809; 83; 705235; 7
6; r; 707798; 1088; 667; 69; 707797; 11
6; r; 709079; 1088; 960; 101; 709078; 8
6; r; 710360; 1088; 994; 107; 710359; 16
6; r; 712281; 1088; 524; 51; 712280; 12
6; r; 714203; 1088; 573; 58; 714202; 12
6; r; 725735; 1088; 371; 37; 725734; 13
6; r; 726375; 1088; 116; 12; 726374; 18
6; r; 728297; 1088; 894; 92; 728296; 19
6; r; 744311; 1088; 11; 1; 744310; 10
6; r; 744952; 1088; 1036; 111; 744951; 16
6; r; 746233; 1088; 219; 24; 746232; 14
6; r; 748796; 1088; 536; 52; 748795; 13
6; r; 753920; 1088; 725; 76; 753919; 18
6; r; 754561; 1088; 797; 81; 754560; 11
6; r; 755202; 1088; 964; 102; 755201; 12
6; r; 755843; 1088; 893; 91; 755842; 16
6; r; 757124; 1088; 105; 10; 757123; 15
6; r; 765451; 1088; 627; 66; 765450; 10
6; r; 768655; 1088; 18; 3; 768654; 10
6; r; 769296; 1088; 365; 36; 769295; 9
6; r; 770577; 1088; 395; 40; 770576; 15
6; r; 776343; 1088; 476; 47; 776342; 10
6; r; 776983; 1088; 221; 25; 776982; 10
6; r; 778905; 1088; 86; 9; 778904; 18
6; r; 781467; 1088; 173; 16; 781466; 14
6; r; 785311; 1088; 350; 34; 785310; 12
6; r; 785952; 1088; 46; 4; 785951; 10
6; r; 791078; 1088; 1019; 109; 791077; 12
6; r; 799406; 1088; 155; 13; 799405; 18
6; r; 801327; 1088; 548; 55; 801326; 13
6; r; 807093; 1088; 795; 80; 807092; 13
6; r; 809015; 1088; 972; 105; 809014; 19
6; r; 812219; 1088; 957; 100; 812218; 13
6; r; 814781; 1088; 1008; 217; 14780; 3
6; r; 823107; 1088; 581; 60; 823106; 11
6; r; 827592; 1088; 1012; 108; 827591; 12
6; r; 830795; 1088; 916; 210; 30794; 2
6; r; 842324; 1088; 492; 164; 42323; 5
6; r; 850011; 1088; 790; 196; 50010; 3
6; r; 1251780; 1088; 682; 72; 1251779; 14
6; r; 1263959; 1088; 252; 26; 1263958; 15
6; r; 1269728; 1088; 717; 74; 1269727; 14
6; r; 1292799; 1088; 544; 53; 1292798; 12
6; r; 1303690; 1088; 1041; 222; 503689; 5
6; r; 1304972; 1088; 616; 63; 1304971; 20
6; r; 1306254; 1088; 920; 97; 1306253; 18
6; r; 1314582; 1088; 448; 44; 1314581; 17
6; r; 1318427; 1088; 75; 7; 1318426; 22
6; r; 1328681; 1088; 182; 19; 1328680; 18
6; r; 1330604; 1088; 260; 27; 1330603; 23
6; r; 1336373; 1088; 17; 2; 1336372; 20
6; r; 1338936; 1088; 406; 42; 1338935; 19
6; r; 1342781; 1088; 639; 67; 1342780; 13
6; r; 1344704; 1088; 791; 197; 544703; 2
6; r; 1347266; 1088; 868; 206; 547265; 9
6; r; 1348548; 1088; 971; 104; 1348547; 18
6; r; 1350469; 1088; 900; 93; 1350468; 24
6; r; 1351109; 1088; 638; 176; 551108; 7
6; r; 1355594; 1088; 545; 54; 1355593; 16
6; r; 1365848; 1088; 605; 174; 565847; 8
6; r; 1371613; 1088; 608; 175; 571612; 6
6; r; 1385069; 1088; 892; 209; 585068; 10
6; r; 1395965; 1088; 514; 50; 1395964; 18
6; r; 1397888; 1088; 719; 189; 597887; 7
6; r; 1399170; 1088; 503; 166; 599169; 7
6; r; 1400452; 1088; 450; 159; 600451; 8
6; r; 1401092; 1088; 182; 136; 601091; 7
6; r; 1406219; 1088; 218; 140; 606218; 7
6; r; 1410703; 1088; 596; 173; 610702; 9
6; r; 1413907; 1088; 768; 195; 613906; 9
6; r; 1426079; 1088; 724; 191; 626078; 6
6; r; 1431844; 1088; 244; 144; 631843; 10
6; r; 1433766; 1088; 792; 198; 633765; 10
6; r; 1442735; 1088; 1026; 219; 642734; 10
6; r; 1445939; 1088; 291; 147; 645938; 11
6; r; 1464521; 1088; 902; 94; 1464520; 20
6; r; 1466443; 1088; 728; 192; 666442; 12
6; r; 1468365; 1088; 714; 188; 668364; 10
6; r; 1469646; 1088; 1063; 224; 669645; 11
6; r; 1476052; 1088; 203; 22; 1476051; 21
6; r; 1479896; 1088; 938; 99; 1479895; 20
6; r; 1480537; 1088; 229; 142; 680536; 9
6; r; 1484380; 1088; 307; 149; 684379; 11
6; r; 1488865; 1088; 127; 129; 688864; 10
6; r; 1489506; 1088; 996; 216; 689505; 8
6; r; 1491429; 1088; 166; 134; 691428; 17
6; r; 1510007; 1088; 737; 77; 1510006; 20
6; r; 1514491; 1088; 948; 213; 714490; 11
6; r; 1520255; 1088; 639; 177; 720254; 7
6; r; 1525380; 1088; 60; 123; 725379; 12
6; r; 1528583; 1088; 581; 172; 728582; 9
6; r; 1534350; 1088; 671; 183; 734349; 8
6; r; 1535631; 1088; 834; 202; 735630; 8
6; r; 1536912; 1088; 183; 137; 736911; 12
6; r; 1538193; 1088; 1056; 223; 738192; 10
6; r; 1545240; 1088; 416; 158; 745239; 9
6; r; 1550365; 1088; 10; 118; 750364; 13
6; r; 1551006; 1088; 556; 170; 751005; 12
6; r; 1552928; 1088; 337; 152; 752927; 12
6; r; 1554850; 1088; 351; 154; 754849; 7
6; r; 1555490; 1088; 341; 153; 755489; 15
6; r; 1556131; 1088; 647; 179; 756130; 5
6; r; 1572146; 1088; 316; 151; 772145; 12
6; r; 1574708; 1088; 161; 133; 774707; 15
6; r; 1578551; 1088; 54; 122; 778550; 8
6; r; 1580473; 1088; 176; 17; 1580472; 20
6; r; 1583677; 1088; 538; 169; 783676; 10
6; r; 1595206; 1088; 962; 215; 795205; 9
6; r; 1599690; 1088; 243; 143; 799689; 11
6; r; 1605455; 1088; 283; 146; 805454; 10
6; r; 1608017; 1088; 645; 178; 808016; 6
6; r; 1609939; 1088; 661; 181; 809938; 11
6; r; 1611220; 1088; 794; 199; 811219; 18
6; r; 1622110; 1088; 6; 116; 822109; 11
6; r; 1630439; 1088; 1064; 225; 830438; 7
6; r; 1635564; 1088; 485; 163; 835563; 15
6; r; 1650300; 1088; 1071; 226; 850299; 15
6; r; 2060684; 1088; 219; 141; 1260683; 16
6; r; 2064529; 1088; 460; 162; 1264528; 20
6; r; 2080554; 1088; 847; 203; 1280553; 11
6; r; 2082476; 1088; 686; 184; 1282475; 19
6; r; 2097857; 1088; 805; 200; 1297856; 19
6; r; 2117724; 1088; 711; 187; 1317723; 18
6; r; 2122209; 1088; 89; 126; 1322208; 17
6; r; 2122849; 1088; 688; 185; 1322848; 17
6; r; 2126053; 1088; 936; 212; 1326052; 18
6; r; 2129258; 1088; 297; 148; 1329257; 14
6; r; 2129899; 1088; 952; 214; 1329898; 16
6; r; 2132463; 1088; 116; 128; 1332462; 15
6; r; 2133745; 1088; 16; 120; 1333744; 20
6; r; 2135026; 1088; 395; 157; 1335025; 10
6; r; 2143359; 1088; 312; 150; 1343358; 20
6; r; 2161941; 1088; 1012; 218; 1361940; 22
6; r; 2172193; 1088; 824; 86; 2172192; 27
6; r; 2173475; 1088; 876; 208; 1373474; 22
6; r; 2174116; 1088; 1037; 221; 1374115; 18
6; r; 2174757; 1088; 534; 168; 1374756; 17
6; r; 2182447; 1088; 659; 180; 1382446; 20
6; r; 2189497; 1088; 512; 167; 1389496; 21
6; r; 2196544; 1088; 8; 117; 1396543; 25
6; r; 2202951; 1088; 160; 132; 1402950; 17
6; r; 2208080; 1088; 1032; 220; 1314386; 17
6; r; 2210644; 1088; 766; 194; 1410643; 17
6; r; 2222182; 1088; 209; 139; 1422181; 16
6; r; 2227951; 1088; 200; 138; 1427950; 20
6; r; 2240772; 1088; 557; 171; 1440771; 23
6; r; 2242695; 1088; 112; 127; 1442694; 20
6; r; 2249106; 1088; 78; 124; 1449105; 21
6; r; 2255516; 1088; 722; 190; 1455515; 20
6; r; 2256157; 1088; 824; 201; 1456156; 14
6; r; 2290788; 1088; 663; 182; 1490787; 20
6; r; 2297853; 1088; 497; 165; 1497852; 29
6; r; 2315246; 1088; 459; 161; 1515245; 22
7; r; 8964; 1088; 636; 78; 8963; 8
7; r; 16647; 1088; 657; 81; 16646; 4
7; r; 38424; 1088; 1084; 123; 38423; 2
7; r; 42908; 1088; 713; 87; 42907; 6
7; r; 43549; 1088; 1006; 114; 43548; 7
7; r; 44189; 1088; 947; 107; 44188; 3
7; r; 47392; 1088; 908; 102; 47391; 4
7; r; 48673; 1088; 750; 90; 48672; 3
7; r; 50594; 1088; 851; 99; 50593; 2
7; r; 51235; 1088; 1022; 116; 51234; 1
7; r; 52516; 1088; 1014; 115; 52515; 3
7; r; 53797; 1088; 162; 22; 53796; 19
7; r; 62124; 1088; 392; 52; 62123; 5
7; r; 67249; 1088; 703; 85; 67248; 8
7; r; 73014; 1088; 547; 65; 73013; 7
7; r; 75577; 1088; 551; 67; 75576; 8
7; r; 88390; 1088; 682; 82; 88389; 3
7; r; 93516; 1088; 367; 48; 93515; 10
7; r; 94157; 1088; 946; 106; 94156; 5
7; r; 96079; 1088; 949; 108; 96078; 3
7; r; 101845; 1088; 916; 104; 101844; 3
7; r; 109531; 1088; 786; 94; 109530; 3
7; r; 112734; 1088; 421; 55; 112733; 5
7; r; 116579; 1088; 393; 53; 116578; 6
7; r; 117220; 1088; 373; 51; 117219; 7
7; r; 121705; 1088; 1077; 121; 121704; 3
7; r; 130672; 1088; 618; 75; 130671; 5
7; r; 142204; 1088; 787; 95; 142203; 4
7; r; 146047; 1088; 973; 111; 146046; 5
7; r; 146688; 1088; 1075; 120; 146687; 4
7; r; 147969; 1088; 77; 14; 147968; 13
7; r; 153736; 1088; 881; 101; 153735; 4
7; r; 155658; 1088; 632; 77; 155657; 10
7; r; 161423; 1088; 174; 23; 161422; 9
7; r; 169752; 1088; 867; 100; 169751; 7
7; r; 176160; 1088; 520; 64; 176159; 9
7; r; 578152; 1088; 124; 17; 578151; 13
7; r; 581997; 1088; 780; 93; 581996; 10
7; r; 583919; 1088; 255; 33; 583918; 8
7; r; 584560; 1088; 1080; 122; 584559; 5
7; r; 587764; 1088; 13; 1; 587763; 13
7; r; 588405; 1088; 646; 79; 588404; 8
7; r; 590327; 1088; 913; 103; 590326; 6
7; r; 591609; 1088; 451; 57; 591608; 10
7; r; 601219; 1088; 597; 71; 601218; 13
7; r; 610829; 1088; 774; 91; 610828; 10
7; r; 613392; 1088; 941; 105; 613391; 9
7; r; 615955; 1088; 294; 36; 615954; 14
7; r; 616596; 1088; 40; 9; 616595; 16
7; r; 618517; 1088; 497; 61; 618516; 13
7; r; 629407; 1088; 1033; 118; 629406; 6
7; r; 630689; 1088; 599; 72; 630688; 12
7; r; 631330; 1088; 778; 92; 631329; 7
7; r; 642222; 1088; 549; 66; 642221; 9
7; r; 647987; 1088; 1001; 113; 647986; 12
7; r; 648628; 1088; 362; 45; 648627; 10
7; r; 650550; 1088; 1032; 117; 650549; 19
7; r; 651191; 1088; 251; 32; 651190; 16
7; r; 664648; 1088; 16; 2; 664647; 10
7; r; 671695; 1088; 494; 60; 671694; 10
7; r; 681304; 1088; 281; 34; 681303; 11
7; r; 682585; 1088; 454; 58; 682584; 13
7; r; 683866; 1088; 615; 74; 683865; 12
7; r; 688352; 1088; 289; 35; 688351; 15
7; r; 688993; 1088; 493; 59; 688992; 5
7; r; 712056; 1088; 229; 29; 712055; 7
7; r; 715900; 1088; 129; 19; 715899; 14
7; r; 724227; 1088; 34; 7; 724226; 19
7; r; 725508; 1088; 814; 96; 725507; 14
7; r; 731274; 1088; 37; 8; 731273; 13
7; r; 732555; 1088; 10; 0; 732554; 15
7; r; 738321; 1088; 30; 5; 738320; 8
7; r; 740243; 1088; 607; 73; 740242; 14
7; r; 741525; 1088; 503; 62; 741524; 8
7; r; 746009; 1088; 402; 54; 746008; 9
7; r; 753697; 1088; 369; 49; 753696; 11
7; r; 754978; 1088; 190; 25; 754977; 12
7; r; 756900; 1088; 365; 47; 756899; 19
7; r; 758822; 1088; 230; 30; 758821; 11
7; r; 764587; 1088; 56; 11; 764586; 11
7; r; 767150; 1088; 371; 50; 767149; 11
7; r; 790851; 1088; 43; 10; 790850; 12
7; r; 794054; 1088; 581; 70; 794053; 14
7; r; 794695; 1088; 695; 83; 794694; 11
7; r; 795336; 1088; 352; 44; 795335; 11
7; r; 796617; 1088; 204; 26; 796616; 8
7; r; 799821; 1088; 312; 37; 799820; 10
7; r; 805586; 1088; 246; 31; 805585; 10
7; r; 806227; 1088; 211; 27; 806226; 12
7; r; 806868; 1088; 64; 12; 806867; 14
7; r; 811352; 1088; 22; 3; 811351; 14
7; r; 811993; 1088; 331; 42; 811992; 14
7; r; 815838; 1088; 830; 98; 815837; 13
7; r; 820323; 1088; 336; 43; 820322; 11
7; r; 826729; 1088; 364; 46; 826728; 14
7; r; 828651; 1088; 74; 13; 828650; 14
7; r; 829932; 1088; 330; 41; 829931; 17
7; r; 833135; 1088; 963; 109; 833134; 17
7; r; 840182; 1088; 510; 63; 840181; 14
7; r; 840823; 1088; 845; 222; 40822; 3
7; r; 865807; 1088; 188; 24; 865806; 14
7; r; 872213; 1088; 654; 193; 72212; 6
7; r; 873494; 1088; 889; 224; 73493; 1
7; r; 876697; 1088; 691; 198; 76696; 3
7; r; 877978; 1088; 115; 16; 877977; 17
7; r; 879900; 1088; 949; 228; 79899; 2
7; r; 884384; 1088; 32; 6; 884383; 18
7; r; 887587; 1088; 126; 18; 887586; 11
7; r; 894633; 1088; 668; 196; 94632; 6
7; r; 895914; 1088; 1085; 240; 95913; 1
7; r; 897196; 1088; 624; 189; 97195; 3
7; r; 901040; 1088; 322; 40; 901039; 18
7; r; 908728; 1088; 922; 225; 108727; 1
7; r; 911931; 1088; 653; 192; 111930; 4
7; r; 913853; 1088; 1056; 119; 913852; 19
7; r; 927306; 1088; 778; 213; 127305; 4
7; r; 931792; 1088; 868; 223; 131791; 6
7; r; 933714; 1088; 645; 191; 133713; 7
7; r; 938838; 1088; 575; 184; 138837; 7
7; r; 940120; 1088; 980; 233; 140119; 3
7; r; 949730; 1088; 10; 124; 149729; 11
7; r; 951012; 1088; 784; 214; 151011; 3
7; r; 953575; 1088; 1083; 239; 153574; 2
7; r; 959341; 1088; 148; 21; 959340; 14
7; r; 961264; 1088; 658; 194; 161263; 4
7; r; 967671; 1088; 418; 168; 167670; 6
7; r; 972796; 1088; 754; 208; 172795; 3
7; r; 975999; 1088; 722; 203; 175998; 4
7; r; 1380048; 1088; 442; 56; 1380047; 16
7; r; 1383893; 1088; 709; 200; 583892; 11
7; r; 1389659; 1088; 718; 201; 589658; 7
7; r; 1394145; 1088; 655; 80; 1394144; 21
7; r; 1400551; 1088; 755; 209; 600550; 3
7; r; 1409520; 1088; 338; 162; 609519; 9
7; r; 1411443; 1088; 977; 112; 1411442; 20
7; r; 1414007; 1088; 722; 88; 1414006; 17
7; r; 1416571; 1088; 573; 69; 1416570; 20
7; r; 1421696; 1088; 141; 140; 621695; 14
7; r; 1424258; 1088; 469; 174; 624257; 7
7; r; 1426181; 1088; 592; 185; 626180; 5
7; r; 1432589; 1088; 700; 84; 1432588; 21
7; r; 1440917; 1088; 990; 234; 640916; 14
7; r; 1444761; 1088; 596; 186; 644760; 11
7; r; 1448605; 1088; 23; 4; 1448604; 15
7; r; 1452448; 1088; 476; 175; 652447; 10
7; r; 1457574; 1088; 281; 156; 657573; 13
7; r; 1459497; 1088; 663; 195; 659496; 12
7; r; 1464622; 1088; 243; 154; 664621; 10
7; r; 1466545; 1088; 539; 182; 666544; 10
7; r; 1469747; 1088; 99; 15; 1469746; 24
7; r; 1473592; 1088; 610; 188; 673591; 8
7; r; 1478717; 1088; 311; 159; 678716; 9
7; r; 1485762; 1088; 208; 150; 685761; 9
7; r; 1487684; 1088; 825; 219; 687683; 10
7; r; 1488966; 1088; 535; 181; 688965; 9
7; r; 1490247; 1088; 727; 204; 690246; 11
7; r; 1500499; 1088; 971; 110; 1500498; 21
7; r; 1501781; 1088; 775; 212; 701780; 7
7; r; 1503703; 1088; 1003; 235; 703702; 12
7; r; 1514594; 1088; 721; 202; 714593; 5
7; r; 1517157; 1088; 155; 142; 717156; 12
7; r; 1519079; 1088; 119; 138; 719078; 15
7; r; 1520360; 1088; 72; 133; 720359; 9
7; r; 1522923; 1088; 507; 179; 722922; 8
7; r; 1527408; 1088; 23; 130; 727407; 10
7; r; 1531893; 1088; 22; 129; 731892; 12
7; r; 1533816; 1088; 393; 165; 733815; 5
7; r; 1535098; 1088; 219; 151; 735097; 9
7; r; 1536380; 1088; 296; 158; 736379; 11
7; r; 1544067; 1088; 240; 153; 744066; 12
7; r; 1545348; 1088; 16; 126; 745347; 10
7; r; 1547910; 1088; 528; 180; 747909; 9
7; r; 1556878; 1088; 413; 167; 756877; 9
7; r; 1559440; 1088; 965; 231; 759439; 8
7; r; 1560721; 1088; 86; 137; 760720; 12
7; r; 1562643; 1088; 837; 220; 762642; 13
7; r; 1563283; 1088; 229; 152; 763282; 12
7; r; 1563924; 1088; 185; 145; 763923; 10
7; r; 1565205; 1088; 196; 147; 765204; 9
7; r; 1569048; 1088; 730; 206; 769047; 7
7; r; 1571611; 1088; 313; 161; 771610; 8
7; r; 1579298; 1088; 630; 190; 779297; 9
7; r; 1580579; 1088; 408; 166; 780578; 10
7; r; 1581220; 1088; 60; 131; 781219; 8
7; r; 1586345; 1088; 424; 170; 786344; 9
7; r; 1589548; 1088; 700; 199; 789547; 10
7; r; 1590189; 1088; 279; 155; 790188; 9
7; r; 1591470; 1088; 568; 183; 791469; 15
7; r; 1594033; 1088; 766; 210; 794032; 6
7; r; 1595314; 1088; 973; 232; 795313; 12
7; r; 1596595; 1088; 669; 197; 796594; 11
7; r; 1599157; 1088; 19; 127; 799156; 12
7; r; 1601079; 1088; 207; 149; 801078; 11
7; r; 1603641; 1088; 168; 144; 803640; 11
7; r; 1604281; 1088; 20; 128; 804280; 10
7; r; 1606203; 1088; 815; 217; 806202; 12
7; r; 1611328; 1088; 205; 148; 811327; 9
7; r; 1611969; 1088; 736; 207; 811968; 8
7; r; 1620297; 1088; 774; 211; 820296; 12
7; r; 1625422; 1088; 799; 215; 825421; 9
7; r; 1631828; 1088; 960; 230; 831827; 12
7; r; 1632469; 1088; 75; 135; 832468; 13
7; r; 1636313; 1088; 14; 125; 836312; 13
7; r; 1636954; 1088; 1040; 236; 836953; 9
7; r; 1640798; 1088; 1064; 237; 840797; 9
7; r; 1642720; 1088; 436; 172; 842719; 10
7; r; 1644002; 1088; 312; 160; 844001; 13
7; r; 1658737; 1088; 69; 132; 858736; 16
7; r; 1666424; 1088; 601; 187; 866423; 9
7; r; 1695259; 1088; 420; 169; 895258; 13
7; r; 1699743; 1088; 494; 178; 899742; 13
7; r; 1701025; 1088; 463; 173; 901024; 12
7; r; 1705511; 1088; 925; 226; 905510; 10
7; r; 1707433; 1088; 729; 205; 907432; 13
7; r; 1708714; 1088; 824; 218; 908713; 12
7; r; 1709355; 1088; 73; 134; 909354; 14
7; r; 1714483; 1088; 484; 176; 914482; 10
7; r; 1717687; 1088; 166; 143; 917686; 12
7; r; 1720251; 1088; 803; 216; 920250; 10
7; r; 1724097; 1088; 959; 229; 924096; 12
7; r; 1728583; 1088; 79; 136; 928582; 14
7; r; 1767041; 1088; 193; 146; 967040; 11
7; r; 2183263; 1088; 149; 141; 1383262; 21
7; r; 2196725; 1088; 485; 177; 1396724; 21
7; r; 2217880; 1088; 839; 221; 1417879; 18
8; r; 17932; 1088; 622; 63; 17931; 6
8; r; 27538; 1088; 922; 96; 27537; 1
8; r; 29460; 1088; 973; 100; 29459; 4
8; r; 44189; 1088; 986; 104; 44188; 1
8; r; 45471; 1088; 871; 88; 45470; 6
8; r; 49315; 1088; 1080; 118; 49314; 2
8; r; 55720; 1088; 558; 49; 55719; 4
8; r; 57642; 1088; 605; 60; 57641; 6
8; r; 60845; 1088; 837; 86; 60844; 5
8; r; 61485; 1088; 1058; 113; 61484; 8
8; r; 66610; 1088; 214; 20; 66609; 9
8; r; 67891; 1088; 1055; 112; 67890; 1
8; r; 73657; 1088; 836; 85; 73656; 6
8; r; 76220; 1088; 547; 48; 76219; 6
8; r; 80063; 1088; 218; 21; 80062; 8
8; r; 81344; 1088; 591; 58; 81343; 7
8; r; 85828; 1088; 562; 50; 85827; 10
8; r; 88391; 1088; 974; 101; 88390; 5
8; r; 91595; 1088; 982; 103; 91594; 3
8; r; 96079; 1088; 526; 46; 96078; 5
8; r; 99281; 1088; 898; 92; 99280; 7
8; r; 99922; 1088; 681; 71; 99921; 4
8; r; 101844; 1088; 981; 102; 101843; 4
8; r; 103125; 1088; 322; 28; 103124; 9
8; r; 107609; 1088; 685; 72; 107608; 3
8; r; 108890; 1088; 777; 79; 108889; 4
8; r; 111452; 1088; 779; 80; 111451; 6
8; r; 116576; 1088; 832; 84; 116575; 9
8; r; 118499; 1088; 1000; 106; 118498; 6
8; r; 125546; 1088; 358; 34; 125545; 7
8; r; 130670; 1088; 408; 37; 130669; 7
8; r; 131310; 1088; 543; 47; 131309; 7
8; r; 535784; 1088; 1040; 111; 535783; 20
8; r; 542833; 1088; 568; 52; 542832; 12
8; r; 545397; 1088; 1015; 108; 545396; 11
8; r; 546679; 1088; 15; 0; 546678; 13
8; r; 553086; 1088; 611; 62; 553085; 10
8; r; 553727; 1088; 185; 17; 553726; 12
8; r; 555650; 1088; 765; 78; 555649; 8
8; r; 561417; 1088; 569; 53; 561416; 7
8; r; 577436; 1088; 172; 15; 577435; 14
8; r; 599861; 1088; 727; 74; 599860; 13
8; r; 612674; 1088; 300; 27; 612673; 16
8; r; 615236; 1088; 449; 41; 615235; 17
8; r; 615877; 1088; 178; 16; 615876; 11
8; r; 626127; 1088; 462; 42; 626126; 14
8; r; 631254; 1088; 282; 24; 631253; 12
8; r; 633176; 1088; 135; 11; 633175; 16
8; r; 634457; 1088; 955; 98; 634456; 6
8; r; 647270; 1088; 294; 26; 647269; 13
8; r; 651755; 1088; 589; 57; 651754; 6
8; r; 656880; 1088; 18; 1; 656879; 14
8; r; 660724; 1088; 1001; 107; 660723; 10
8; r; 669694; 1088; 348; 30; 669693; 13
8; r; 672256; 1088; 896; 91; 672255; 13
8; r; 674820; 1088; 812; 83; 674819; 10
8; r; 678663; 1088; 909; 94; 678662; 14
8; r; 684429; 1088; 86; 7; 684428; 16
8; r; 694679; 1088; 200; 19; 694678; 16
8; r; 699803; 1088; 160; 13; 699802; 18
8; r; 701725; 1088; 602; 59; 701724; 9
8; r; 705569; 1088; 170; 14; 705568; 17
8; r; 722227; 1088; 792; 81; 722226; 13
8; r; 722868; 1088; 666; 68; 722867; 13
8; r; 729917; 1088; 354; 32; 729916; 13
8; r; 730557; 1088; 1067; 115; 730556; 13
8; r; 760025; 1088; 675; 69; 760024; 18
8; r; 768352; 1088; 642; 66; 768351; 11
8; r; 780524; 1088; 240; 22; 780523; 10
8; r; 783727; 1088; 1030; 110; 783726; 17
8; r; 784368; 1088; 1072; 116; 784367; 17
8; r; 785649; 1088; 431; 38; 785648; 10
8; r; 786290; 1088; 35; 3; 786289; 13
8; r; 788212; 1088; 1027; 109; 788211; 12
8; r; 790134; 1088; 901; 93; 790133; 9
8; r; 792697; 1088; 350; 31; 792696; 10
8; r; 793338; 1088; 400; 35; 793337; 9
8; r; 799104; 1088; 148; 12; 799103; 10
8; r; 801026; 1088; 660; 67; 801025; 10
8; r; 802307; 1088; 404; 36; 802306; 11
8; r; 804229; 1088; 958; 99; 804228; 18
8; r; 811276; 1088; 579; 54; 811275; 13
8; r; 812557; 1088; 993; 105; 812556; 13
8; r; 817681; 1088; 564; 51; 817680; 16
8; r; 824086; 1088; 116; 9; 824085; 11
8; r; 826008; 1088; 987; 222; 26007; 1
8; r; 829851; 1088; 186; 18; 829850; 12
8; r; 831773; 1088; 81; 6; 831772; 17
8; r; 833054; 1088; 290; 25; 833053; 13
8; r; 835617; 1088; 815; 199; 35616; 3
8; r; 841382; 1088; 885; 213; 41381; 2
8; r; 842663; 1088; 849; 206; 42662; 3
8; r; 843944; 1088; 892; 89; 843943; 13
8; r; 847147; 1088; 54; 5; 847146; 10
8; r; 849069; 1088; 877; 212; 49068; 3
8; r; 856115; 1088; 848; 205; 56114; 3
8; r; 865084; 1088; 680; 70; 865083; 13
8; r; 869570; 1088; 437; 39; 869569; 17
8; r; 871492; 1088; 1049; 227; 71491; 1
8; r; 876617; 1088; 705; 190; 76616; 5
8; r; 881102; 1088; 557; 175; 81101; 4
8; r; 884947; 1088; 576; 177; 84946; 6
8; r; 890712; 1088; 923; 217; 90711; 1
8; r; 891993; 1088; 679; 188; 91992; 5
8; r; 893274; 1088; 583; 56; 893273; 16
8; r; 899039; 1088; 913; 216; 99038; 4
8; r; 909289; 1088; 715; 192; 109288; 3
8; r; 917617; 1088; 1079; 231; 117616; 2
8; r; 918898; 1088; 341; 29; 918897; 13
8; r; 931070; 1088; 485; 171; 131069; 5
8; r; 1336068; 1088; 1055; 228; 536067; 1
8; r; 1336709; 1088; 281; 150; 536708; 7
8; r; 1344399; 1088; 658; 185; 544398; 6
8; r; 1345040; 1088; 839; 87; 1345039; 22
8; r; 1348885; 1088; 453; 167; 548884; 6
8; r; 1353370; 1088; 361; 160; 553369; 6
8; r; 1358496; 1088; 827; 200; 558495; 8
8; r; 1363623; 1088; 592; 179; 563622; 8
8; r; 1365546; 1088; 484; 170; 565545; 6
8; r; 1367468; 1088; 1083; 232; 567467; 3
8; r; 1372595; 1088; 448; 40; 1372594; 18
8; r; 1377080; 1088; 1020; 225; 577079; 7
8; r; 1382207; 1088; 264; 23; 1382206; 16
8; r; 1389896; 1088; 927; 218; 589895; 7
8; r; 1398226; 1088; 685; 189; 598225; 6
8; r; 1398867; 1088; 38; 4; 1398866; 23
8; r; 1402710; 1088; 743; 194; 602709; 7
8; r; 1404632; 1088; 314; 157; 604631; 7
8; r; 1411680; 1088; 932; 219; 611679; 10
8; r; 1421290; 1088; 269; 147; 621289; 8
8; r; 1430259; 1088; 764; 77; 1430258; 20
8; r; 1430900; 1088; 838; 204; 630899; 7
8; r; 1432822; 1088; 238; 143; 632821; 11
8; r; 1433463; 1088; 668; 186; 633462; 13
8; r; 1450760; 1088; 606; 61; 1450759; 21
8; r; 1459089; 1088; 219; 140; 659088; 10
8; r; 1461651; 1088; 637; 65; 1461650; 18
8; r; 1473184; 1088; 265; 146; 673183; 13
8; r; 1474465; 1088; 15; 120; 674464; 10
8; r; 1475105; 1088; 567; 176; 675104; 12
8; r; 1477028; 1088; 381; 162; 677027; 7
8; r; 1489841; 1088; 764; 195; 689840; 9
8; r; 1491762; 1088; 638; 181; 691761; 8
8; r; 1494966; 1088; 837; 203; 694965; 10
8; r; 1496888; 1088; 1042; 226; 696887; 7
8; r; 1502013; 1088; 851; 207; 702012; 4
8; r; 1507138; 1088; 310; 155; 707137; 12
8; r; 1510341; 1088; 272; 148; 710340; 12
8; r; 1516750; 1088; 870; 210; 716749; 7
8; r; 1524439; 1088; 226; 141; 724438; 9
8; r; 1531485; 1088; 577; 178; 731484; 6
8; r; 1532126; 1088; 405; 163; 732125; 8
8; r; 1537892; 1088; 111; 128; 737891; 9
8; r; 1540455; 1088; 871; 211; 740454; 6
8; r; 1542377; 1088; 16; 121; 742376; 13
8; r; 1544299; 1088; 776; 196; 744298; 7
8; r; 1547502; 1088; 240; 144; 747501; 12
8; r; 1554549; 1088; 90; 124; 754548; 10
8; r; 1555190; 1088; 176; 135; 755189; 14
8; r; 1557112; 1088; 892; 214; 757111; 9
8; r; 1560315; 1088; 356; 159; 760314; 12
8; r; 1563519; 1088; 707; 191; 763518; 12
8; r; 1564160; 1088; 86; 123; 764159; 14
8; r; 1565441; 1088; 107; 127; 765440; 11
8; r; 1566722; 1088; 285; 151; 766721; 9
8; r; 1575691; 1088; 456; 168; 775690; 6
8; r; 1579535; 1088; 654; 184; 779534; 6
8; r; 1592989; 1088; 496; 172; 792988; 12
8; r; 1600035; 1088; 203; 138; 800034; 17
8; r; 1602597; 1088; 785; 197; 802596; 6
8; r; 1610283; 1088; 630; 180; 810282; 13
8; r; 1617970; 1088; 10; 119; 817969; 13
8; r; 1619251; 1088; 804; 198; 819250; 17
8; r; 1623095; 1088; 139; 130; 823094; 16
8; r; 1625656; 1088; 156; 131; 825655; 8
8; r; 1635265; 1088; 410; 164; 835264; 8
8; r; 1637828; 1088; 311; 156; 837827; 15
8; r; 1642954; 1088; 64; 122; 842953; 12
8; r; 1646798; 1088; 292; 152; 846797; 12
8; r; 1650644; 1088; 214; 139; 850643; 16
8; r; 1651925; 1088; 165; 133; 851924; 16
8; r; 1655130; 1088; 91; 125; 855129; 16
8; r; 1655771; 1088; 159; 132; 855770; 8
8; r; 1664741; 1088; 1004; 224; 864740; 16
8; r; 1667945; 1088; 1065; 229; 867944; 14
8; r; 1672431; 1088; 828; 201; 872430; 15
8; r; 1675634; 1088; 376; 161; 875633; 11
8; r; 1679478; 1088; 97; 126; 879477; 14
8; r; 1681401; 1088; 958; 221; 881400; 14
8; r; 1694218; 1088; 118; 10; 1694217; 18
8; r; 1694859; 1088; 860; 209; 894858; 12
8; r; 1695500; 1088; 280; 149; 895499; 18
8; r; 1697423; 1088; 241; 145; 897422; 15
8; r; 1699346; 1088; 232; 142; 899345; 13
8; r; 1709601; 1088; 188; 137; 909600; 14
8; r; 1716653; 1088; 1076; 230; 916652; 16
8; r; 1718576; 1088; 171; 134; 918575; 11
8; r; 1725626; 1088; 520; 173; 925625; 10
8; r; 1726266; 1088; 418; 165; 926265; 12
8; r; 2144365; 1088; 998; 223; 1344364; 14
8; r; 2145646; 1088; 322; 158; 1345645; 17
8; r; 2148850; 1088; 647; 183; 1348849; 13
8; r; 2153336; 1088; 911; 215; 1353335; 13
8; r; 2177050; 1088; 645; 182; 1377049; 19
8; r; 2178973; 1088; 725; 193; 1378972; 15
8; r; 2207174; 1088; 933; 220; 1407173; 18
8; r; 2215505; 1088; 535; 174; 1260386; 14
9; r; 3842; 1088; 913; 92; 3841; 3
9; r; 23695; 1088; 942; 97; 23694; 3
9; r; 25616; 1088; 888; 87; 25615; 2
9; r; 28178; 1088; 984; 99; 28177; 2
9; r; 32662; 1088; 832; 80; 32661; 9
9; r; 40347; 1088; 846; 84; 40346; 4
9; r; 46112; 1088; 912; 91; 46111; 5
9; r; 47393; 1088; 659; 61; 47392; 4
9; r; 48034; 1088; 795; 77; 48033; 8
9; r; 50596; 1088; 244; 19; 50595; 7
9; r; 51877; 1088; 932; 95; 51876; 9
9; r; 60203; 1088; 923; 93; 60202; 1
9; r; 66609; 1088; 657; 60; 66608; 3
9; r; 75576; 1088; 184; 14; 75575; 8
9; r; 82622; 1088; 138; 9; 82621; 9
9; r; 84544; 1088; 320; 28; 84543; 8
9; r; 85825; 1088; 478; 47; 85824; 6
9; r; 89027; 1088; 963; 98; 89026; 8
9; r; 92871; 1088; 260; 20; 92870; 7
9; r; 99918; 1088; 752; 75; 99917; 2
9; r; 101199; 1088; 1069; 108; 101198; 9
9; r; 101840; 1088; 540; 52; 101839; 6
9; r; 112731; 1088; 481; 48; 112730; 6
9; r; 114653; 1088; 624; 58; 114652; 5
9; r; 127465; 1088; 840; 82; 127464; 4
9; r; 130669; 1088; 902; 90; 130668; 7
9; r; 131310; 1088; 939; 96; 131309; 5
9; r; 133231; 1088; 686; 66; 133230; 7
9; r; 133872; 1088; 1073; 109; 133871; 4
9; r; 134512; 1088; 679; 64; 134511; 8
9; r; 140919; 1088; 645; 59; 140918; 8
9; r; 144122; 1088; 678; 63; 144121; 6
9; r; 149888; 1088; 435; 40; 149887; 12
9; r; 153091; 1088; 683; 65; 153090; 5
9; r; 155013; 1088; 701; 70; 155012; 7
9; r; 155654; 1088; 572; 55; 155653; 6
9; r; 163343; 1088; 223; 16; 163342; 9
9; r; 165906; 1088; 690; 67; 165905; 7
9; r; 169750; 1088; 703; 71; 169749; 7
9; r; 172313; 1088; 391; 36; 172312; 8
9; r; 176158; 1088; 510; 49; 176157; 6
9; r; 179361; 1088; 576; 56; 179360; 9
9; r; 184486; 1088; 280; 22; 184485; 6
9; r; 185768; 1088; 108; 6; 185767; 14
9; r; 201147; 1088; 458; 45; 201146; 7
9; r; 204352; 1088; 726; 73; 204351; 8
9; r; 208196; 1088; 421; 39; 208195; 8
9; r; 208837; 1088; 616; 57; 208836; 5
9; r; 213322; 1088; 389; 35; 213321; 10
9; r; 214603; 1088; 313; 27; 214602; 9
9; r; 239592; 1088; 899; 89; 239591; 6
9; r; 240232; 1088; 667; 62; 240231; 7
9; r; 656167; 1088; 829; 79; 656166; 10
9; r; 662575; 1088; 838; 81; 662574; 9
9; r; 664498; 1088; 894; 88; 664497; 11
9; r; 667061; 1088; 694; 68; 667060; 20
9; r; 669624; 1088; 727; 74; 669623; 12
9; r; 670905; 1088; 80; 4; 670904; 13
9; r; 686280; 1088; 15; 1; 686279; 14
9; r; 725361; 1088; 147; 10; 725360; 13
9; r; 730486; 1088; 111; 7; 730485; 15
9; r; 733049; 1088; 228; 18; 733048; 8
9; r; 733690; 1088; 412; 38; 733689; 8
9; r; 736253; 1088; 1036; 105; 736252; 7
9; r; 738175; 1088; 137; 8; 738174; 14
9; r; 740098; 1088; 0; 0; 740097; 12
9; r; 741380; 1088; 1061; 106; 741379; 16
9; r; 743942; 1088; 450; 43; 743941; 8
9; r; 744583; 1088; 226; 17; 744582; 7
9; r; 747145; 1088; 298; 24; 747144; 12
9; r; 750349; 1088; 334; 29; 750348; 14
9; r; 751630; 1088; 929; 94; 751629; 15
9; r; 754833; 1088; 1066; 107; 754832; 15
9; r; 761879; 1088; 203; 15; 761878; 14
9; r; 763160; 1088; 699; 69; 763159; 10
9; r; 768924; 1088; 845; 83; 768923; 12
9; r; 772128; 1088; 25; 2; 772127; 12
9; r; 774690; 1088; 290; 23; 774689; 9
9; r; 779815; 1088; 558; 54; 779814; 35
9; r; 783658; 1088; 363; 31; 783657; 17
9; r; 788784; 1088; 453; 44; 788783; 15
9; r; 789425; 1088; 439; 41; 789424; 13
9; r; 794552; 1088; 274; 21; 794551; 16
9; r; 796474; 1088; 402; 37; 796473; 11
9; r; 797115; 1088; 1001; 101; 797114; 14
9; r; 807362; 1088; 148; 11; 807361; 12
9; r; 808003; 1088; 447; 42; 808002; 10
9; r; 831062; 1088; 168; 12; 831061; 13
9; r; 834265; 1088; 870; 85; 834264; 30
9; r; 837468; 1088; 313; 133; 37467; 7
9; r; 839390; 1088; 1014; 202; 39389; 2
9; r; 842592; 1088; 724; 72; 842591; 12
9; r; 843233; 1088; 300; 25; 843232; 14
9; r; 844514; 1088; 606; 161; 44513; 7
9; r; 846435; 1088; 76; 3; 846434; 16
9; r; 849638; 1088; 370; 33; 849637; 21
9; r; 854762; 1088; 515; 153; 54761; 5
9; r; 858606; 1088; 814; 183; 58605; 4
9; r; 865652; 1088; 462; 46; 865651; 13
9; r; 866933; 1088; 875; 190; 66932; 4
9; r; 869495; 1088; 798; 78; 869494; 12
9; r; 873339; 1088; 530; 51; 873338; 15
9; r; 876542; 1088; 1020; 203; 76541; 1
9; r; 879745; 1088; 516; 154; 79744; 6
9; r; 881667; 1088; 407; 142; 81666; 9
9; r; 883589; 1088; 752; 177; 83588; 2
9; r; 886152; 1088; 615; 162; 86151; 7
9; r; 888714; 1088; 978; 198; 88713; 5
9; r; 894479; 1088; 442; 145; 94478; 7
9; r; 900246; 1088; 104; 5; 900245; 25
9; r; 901527; 1088; 380; 138; 101526; 6
9; r; 904090; 1088; 644; 166; 104089; 5
9; r; 916903; 1088; 1044; 208; 116902; 4
9; r; 918184; 1088; 639; 164; 118183; 7
9; r; 926512; 1088; 641; 165; 126511; 7
9; r; 930356; 1088; 126; 116; 130355; 9
9; r; 931638; 1088; 746; 176; 131637; 6
9; r; 938045; 1088; 208; 122; 138044; 8
9; r; 940608; 1088; 1074; 210; 140607; 4
9; r; 948935; 1088; 288; 130; 148934; 5
9; r; 950858; 1088; 402; 141; 150857; 9
9; r; 952780; 1088; 193; 121; 152779; 6
9; r; 954701; 1088; 692; 170; 154700; 3
9; r; 955982; 1088; 756; 178; 155981; 3
9; r; 959185; 1088; 536; 155; 159184; 8
9; r; 966233; 1088; 358; 137; 166232; 5
9; r; 966873; 1088; 458; 148; 166872; 5
9; r; 967513; 1088; 344; 135; 167512; 8
9; r; 971357; 1088; 414; 143; 171356; 6
9; r; 983532; 1088; 826; 185; 183531; 9
9; r; 989938; 1088; 578; 158; 189937; 6
9; r; 992501; 1088; 742; 175; 192500; 8
9; r; 993783; 1088; 1002; 200; 193782; 5
9; r; 1000191; 1088; 278; 129; 200190; 11
9; r; 1002753; 1088; 345; 136; 202752; 8
9; r; 1007878; 1088; 604; 160; 207877; 6
9; r; 1009800; 1088; 697; 172; 209799; 10
9; r; 1013004; 1088; 304; 132; 213003; 8
9; r; 1014926; 1088; 561; 157; 214925; 9
9; r; 1024536; 1088; 298; 131; 224535; 14
9; r; 1029662; 1088; 860; 187; 229661; 8
9; r; 1031584; 1088; 254; 125; 231583; 10
9; r; 1033506; 1088; 899; 192; 233505; 7
9; r; 1034788; 1088; 600; 159; 234787; 7
9; r; 1035429; 1088; 775; 180; 235428; 9
9; r; 1037352; 1088; 803; 182; 237351; 8
9; r; 1040556; 1088; 696; 171; 240555; 14
9; r; 1042478; 1088; 711; 173; 242477; 6
9; r; 1043119; 1088; 499; 150; 243118; 10
9; r; 1451958; 1088; 673; 167; 651957; 9
9; r; 1462210; 1088; 390; 139; 662209; 8
9; r; 1464131; 1088; 52; 112; 664130; 14
9; r; 1465413; 1088; 792; 181; 665412; 12
9; r; 1469900; 1088; 991; 100; 1469899; 27
9; r; 1478870; 1088; 240; 124; 678869; 12
9; r; 1484635; 1088; 942; 194; 684634; 12
9; r; 1485917; 1088; 675; 168; 685916; 9
9; r; 1486558; 1088; 556; 53; 1486557; 23
9; r; 1491683; 1088; 862; 188; 691682; 11
9; r; 1492964; 1088; 680; 169; 692963; 10
9; r; 1493604; 1088; 1024; 205; 693603; 13
9; r; 1496807; 1088; 911; 193; 696806; 9
9; r; 1501933; 1088; 630; 163; 701932; 14
9; r; 1511544; 1088; 85; 115; 711543; 16
9; r; 1513466; 1088; 946; 195; 713465; 15
9; r; 1525640; 1088; 164; 120; 725639; 9
9; r; 1532047; 1088; 232; 123; 732046; 11
9; r; 1538455; 1088; 1023; 204; 738454; 9
9; r; 1539096; 1088; 429; 144; 739095; 13
9; r; 1546144; 1088; 328; 134; 746143; 12
9; r; 1562159; 1088; 729; 174; 762158; 18
9; r; 1563440; 1088; 57; 113; 763439; 12
9; r; 1564722; 1088; 264; 127; 764721; 13
9; r; 1567285; 1088; 825; 184; 767284; 11
9; r; 1572410; 1088; 869; 189; 772409; 12
9; r; 1578176; 1088; 762; 179; 778175; 13
9; r; 1579458; 1088; 149; 119; 779457; 14
9; r; 1583303; 1088; 277; 128; 783302; 10
9; r; 1584584; 1088; 547; 156; 784583; 12
9; r; 1588427; 1088; 83; 114; 788426; 12
9; r; 1592911; 1088; 5; 110; 792910; 14
9; r; 1596754; 1088; 135; 117; 796753; 16
9; r; 1599958; 1088; 1059; 209; 799957; 12
9; r; 1612771; 1088; 828; 186; 812770; 19
9; r; 1614693; 1088; 399; 140; 814692; 15
9; r; 1619178; 1088; 46; 111; 819177; 15
9; r; 1632634; 1088; 256; 126; 832633; 8
9; r; 1635838; 1088; 511; 151; 835837; 17
9; r; 1640323; 1088; 967; 196; 840322; 17
9; r; 1715302; 1088; 1030; 206; 915301; 11
9; r; 1728764; 1088; 1032; 207; 928763; 17
9; r; 1735816; 1088; 137; 118; 935815; 14
