iter; type; time slot; d_nodes; s_nodes; pid; nslot; nhop
0; r; 9762; 1088; 682; 0; 9610; 5
0; r; 14245; 1088; 621; 13; 4178; 4
0; r; 24488; 1088; 1016; 2; 23208; 1
0; r; 29609; 1088; 640; 31; 10353; 5
0; r; 32810; 1088; 1007; 25; 17314; 3
0; r; 33451; 1088; 264; 12; 23438; 9
0; r; 49458; 1088; 232; 18; 37109; 13
0; r; 53300; 1088; 1032; 47; 28247; 11
0; r; 70585; 1088; 453; 48; 44083; 7
0; r; 74427; 1088; 381; 16; 62237; 10
0; r; 78909; 1088; 578; 33; 57769; 5
0; r; 82751; 1088; 1050; 6; 78954; 1
0; r; 84672; 1088; 156; 11; 75110; 8
0; r; 85312; 1088; 707; 54; 53532; 7
0; r; 88514; 1088; 354; 22; 74287; 10
0; r; 93636; 1088; 420; 49; 66921; 9
0; r; 94917; 1088; 207; 40; 71913; 8
0; r; 116047; 1088; 77; 39; 93068; 12
0; r; 119888; 1088; 262; 17; 107655; 9
0; r; 136535; 1088; 584; 27; 119119; 7
0; r; 137175; 1088; 824; 37; 114499; 5
0; r; 137816; 1088; 254; 52; 108045; 9
0; r; 143577; 1088; 175; 34; 121335; 12
0; r; 153823; 1088; 367; 44; 129309; 10
0; r; 156384; 1088; 676; 10; 147348; 11
0; r; 162787; 1088; 91; 8; 156680; 12
0; r; 167910; 1088; 605; 29; 149922; 10
0; r; 169831; 1088; 941; 36; 147176; 8
0; r; 171752; 1088; 370; 24; 156394; 9
0; r; 178795; 1088; 424; 46; 154075; 7
0; r; 185199; 1088; 1026; 19; 171868; 20
0; r; 187121; 1088; 149; 9; 178369; 11
0; r; 194805; 1088; 268; 14; 184295; 21
0; r; 197367; 1088; 340; 35; 174873; 15
0; r; 198007; 1088; 332; 5; 195332; 16
0; r; 199929; 1088; 11; 20; 186472; 13
0; r; 200570; 1088; 100; 3; 198627; 19
0; r; 208896; 1088; 384; 30; 190071; 11
0; r; 210178; 1088; 31; 4; 207849; 16
0; r; 228114; 1088; 1003; 38; 205212; 16
0; r; 409174; 1088; 206; 56; 8896; 9
0; r; 436062; 1088; 111; 55; 35858; 13
0; r; 436702; 1088; 441; 83; 23695; 7
0; r; 440543; 1088; 1038; 67; 32611; 8
0; r; 444384; 1088; 789; 86; 30972; 3
0; r; 450146; 1088; 936; 68; 42198; 7
0; r; 454627; 1088; 1009; 76; 45526; 4
0; r; 455908; 1088; 567; 81; 43588; 9
0; r; 473194; 1088; 996; 58; 72069; 8
0; r; 474474; 1088; 977; 88; 60900; 4
0; r; 477675; 1088; 768; 105; 52585; 8
0; r; 485358; 1088; 904; 65; 78160; 6
0; r; 487278; 1088; 52; 77; 77424; 8
0; r; 491120; 1088; 1014; 69; 82943; 2
0; r; 491760; 1088; 799; 71; 83186; 7
0; r; 493041; 1088; 974; 59; 91359; 11
0; r; 498804; 1088; 919; 112; 69815; 1
0; r; 499444; 1088; 1045; 113; 69358; 4
0; r; 507127; 1088; 364; 57; 106427; 11
0; r; 513530; 1088; 390; 78; 103399; 6
0; r; 518012; 1088; 982; 108; 92057; 3
0; r; 519932; 1088; 168; 109; 93874; 12
0; r; 520573; 1088; 801; 64; 113424; 7
0; r; 525055; 1088; 19; 96; 106099; 12
0; r; 525695; 1088; 611; 91; 109964; 8
0; r; 528897; 1088; 113; 107; 103053; 10
0; r; 534660; 1088; 294; 110; 108488; 8
0; r; 538502; 1088; 423; 99; 118361; 11
0; r; 542343; 1088; 518; 85; 129207; 6
0; r; 545544; 1088; 218; 89; 131825; 12
0; r; 546185; 1088; 424; 102; 121465; 8
0; r; 549387; 1088; 872; 74; 140515; 7
0; r; 550668; 1088; 886; 90; 136315; 11
0; r; 555790; 1088; 591; 75; 146703; 4
0; r; 557711; 1088; 1031; 60; 155986; 6
0; r; 560272; 1088; 149; 73; 151520; 10
0; r; 564754; 1088; 654; 82; 151867; 4
0; r; 566675; 1088; 564; 103; 141907; 11
0; r; 573719; 1088; 304; 97; 154337; 10
0; r; 579482; 1088; 443; 101; 155143; 11
0; r; 587166; 1088; 396; 95; 168792; 15
0; r; 588447; 1088; 978; 62; 185832; 14
0; r; 597412; 1088; 870; 104; 172523; 11
0; r; 598693; 1088; 970; 106; 172976; 15
0; r; 600614; 1088; 634; 70; 192375; 15
0; r; 601895; 1088; 501; 66; 194310; 17
0; r; 603816; 1088; 11; 87; 190359; 11
0; r; 605737; 1088; 359; 61; 203247; 21
0; r; 610860; 1088; 764; 100; 187778; 10
0; r; 614062; 1088; 647; 111; 185678; 9
0; r; 617265; 1088; 220; 84; 204231; 22
0; r; 622389; 1088; 16; 72; 213787; 14
0; r; 803980; 1088; 999; 114; 3220; 6
0; r; 815508; 1088; 621; 130; 5441; 3
0; r; 835995; 1088; 551; 117; 33685; 6
0; r; 838556; 1088; 922; 158; 10468; 1
0; r; 848800; 1088; 655; 139; 32222; 5
0; r; 860323; 1088; 674; 142; 39801; 6
0; r; 861604; 1088; 535; 115; 60770; 9
0; r; 866725; 1088; 149; 128; 57973; 10
0; r; 868646; 1088; 476; 138; 53657; 9
0; r; 870567; 1088; 284; 127; 61908; 13
0; r; 872487; 1088; 773; 147; 49116; 6
0; r; 881451; 1088; 536; 141; 61134; 11
0; r; 887213; 1088; 571; 120; 83902; 9
0; r; 889134; 1088; 1006; 124; 82647; 5
0; r; 889775; 1088; 649; 136; 75706; 10
0; r; 896818; 1088; 12; 149; 72733; 14
0; r; 901941; 1088; 900; 118; 99485; 9
0; r; 903862; 1088; 784; 146; 81176; 5
0; r; 911545; 1088; 250; 121; 106682; 14
0; r; 919229; 1088; 404; 144; 97643; 12
0; r; 921790; 1088; 343; 131; 111047; 10
0; r; 926912; 1088; 681; 137; 112817; 7
0; r; 927552; 1088; 589; 123; 121494; 5
0; r; 929473; 1088; 862; 160; 101054; 9
0; r; 934595; 1088; 903; 133; 123286; 8
0; r; 938437; 1088; 334; 148; 114851; 11
0; r; 946121; 1088; 581; 157; 118087; 5
0; r; 955727; 1088; 565; 166; 124463; 10
0; r; 957648; 1088; 479; 168; 125025; 9
0; r; 962130; 1088; 391; 154; 134859; 11
0; r; 964051; 1088; 660; 132; 153263; 11
0; r; 970454; 1088; 360; 162; 141434; 9
0; r; 971735; 1088; 602; 165; 140802; 10
0; r; 975577; 1088; 931; 151; 150803; 10
0; r; 979419; 1088; 180; 156; 151426; 12
0; r; 980700; 1088; 1030; 163; 150986; 8
0; r; 984542; 1088; 168; 152; 158484; 16
0; r; 994146; 1088; 528; 150; 169879; 19
0; r; 994787; 1088; 1038; 126; 186855; 22
0; r; 996068; 1088; 859; 122; 190387; 12
0; r; 997989; 1088; 866; 164; 167671; 14
0; r; 1002472; 1088; 83; 155; 175195; 21
0; r; 1003753; 1088; 273; 167; 171348; 11
0; r; 1008237; 1088; 60; 135; 194260; 17
0; r; 1010799; 1088; 829; 153; 184578; 14
0; r; 1011439; 1088; 177; 140; 192179; 14
0; r; 1026172; 1088; 278; 145; 204124; 19
0; r; 1028094; 1088; 926; 129; 218185; 14
1; r; 7685; 1088; 190; 7; 7684; 10
1; r; 33933; 1088; 574; 33; 33932; 9
1; r; 38415; 1088; 607; 36; 38414; 11
1; r; 41617; 1088; 328; 16; 41616; 9
1; r; 48660; 1088; 262; 10; 48659; 6
1; r; 49941; 1088; 498; 30; 49940; 14
1; r; 60826; 1088; 295; 15; 60825; 6
1; r; 62107; 1088; 1074; 54; 62106; 7
1; r; 65948; 1088; 477; 29; 65947; 6
1; r; 71710; 1088; 854; 45; 71709; 4
1; r; 74911; 1088; 869; 46; 74910; 8
1; r; 81954; 1088; 820; 42; 81953; 3
1; r; 88357; 1088; 701; 38; 88356; 7
1; r; 97963; 1088; 470; 28; 97962; 13
1; r; 101805; 1088; 787; 41; 101804; 4
1; r; 103726; 1088; 1045; 53; 103725; 4
1; r; 105647; 1088; 118; 3; 105646; 9
1; r; 113970; 1088; 402; 24; 113969; 17
1; r; 117172; 1088; 365; 20; 117171; 14
1; r; 118453; 1088; 49; 1; 118452; 17
1; r; 121015; 1088; 398; 23; 121014; 14
1; r; 125497; 1088; 1033; 51; 125496; 12
1; r; 128058; 1088; 407; 26; 128057; 7
1; r; 135742; 1088; 930; 47; 135741; 8
1; r; 136383; 1088; 605; 35; 136382; 9
1; r; 138304; 1088; 200; 8; 138303; 9
1; r; 142786; 1088; 520; 31; 142785; 5
1; r; 147908; 1088; 355; 17; 147907; 19
1; r; 171600; 1088; 0; 0; 171599; 18
1; r; 175442; 1088; 269; 11; 175441; 16
1; r; 178004; 1088; 931; 48; 178003; 24
1; r; 181846; 1088; 117; 2; 181845; 16
1; r; 187611; 1088; 392; 22; 187610; 16
1; r; 188892; 1088; 408; 27; 188891; 17
1; r; 193375; 1088; 271; 12; 193374; 16
1; r; 195937; 1088; 996; 49; 195936; 14
1; r; 201061; 1088; 554; 32; 201060; 9
1; r; 202983; 1088; 139; 5; 202982; 13
1; r; 206185; 1088; 294; 14; 206184; 15
1; r; 210030; 1088; 768; 40; 210029; 19
1; r; 210671; 1088; 406; 25; 210670; 19
1; r; 215157; 1088; 390; 21; 215156; 25
1; r; 218361; 1088; 126; 4; 218360; 16
1; r; 227972; 1088; 1009; 50; 227971; 19
1; r; 234380; 1088; 1075; 55; 234379; 23
1; r; 239507; 1088; 1042; 52; 239506; 21
1; r; 256185; 1088; 596; 34; 256184; 17
1; r; 403842; 1088; 921; 93; 3841; 1
1; r; 408964; 1088; 283; 68; 8963; 9
1; r; 416006; 1088; 442; 71; 16005; 7
1; r; 421127; 1088; 481; 72; 21126; 5
1; r; 424328; 1088; 46; 56; 24327; 14
1; r; 429450; 1088; 879; 92; 29449; 4
1; r; 435212; 1088; 484; 73; 35211; 5
1; r; 439054; 1088; 787; 86; 39053; 2
1; r; 445456; 1088; 833; 88; 45455; 9
1; r; 451218; 1088; 1017; 100; 51217; 1
1; r; 452498; 1088; 857; 90; 52497; 3
1; r; 464023; 1088; 206; 62; 64022; 16
1; r; 473627; 1088; 758; 85; 73626; 4
1; r; 480670; 1088; 596; 76; 80669; 12
1; r; 484512; 1088; 1031; 102; 84511; 11
1; r; 488354; 1088; 752; 84; 88353; 8
1; r; 491555; 1088; 1024; 101; 91554; 7
1; r; 499239; 1088; 942; 95; 99238; 8
1; r; 506282; 1088; 714; 82; 106281; 5
1; r; 508203; 1088; 282; 67; 108202; 8
1; r; 519087; 1088; 724; 83; 119086; 4
1; r; 521008; 1088; 621; 78; 121007; 4
1; r; 522289; 1088; 865; 91; 122288; 12
1; r; 525491; 1088; 559; 75; 125490; 8
1; r; 531893; 1088; 940; 94; 131892; 7
1; r; 535094; 1088; 684; 81; 135093; 4
1; r; 537015; 1088; 597; 77; 137014; 7
1; r; 540217; 1088; 230; 65; 140216; 12
1; r; 547260; 1088; 229; 64; 147259; 12
1; r; 552383; 1088; 88; 57; 152382; 13
1; r; 556866; 1088; 279; 66; 156865; 17
1; r; 560068; 1088; 958; 96; 160067; 11
1; r; 566472; 1088; 391; 70; 166471; 9
1; r; 569034; 1088; 825; 87; 169033; 14
1; r; 570315; 1088; 969; 97; 170314; 14
1; r; 579921; 1088; 225; 63; 179920; 16
1; r; 581202; 1088; 978; 98; 181201; 10
1; r; 584404; 1088; 633; 79; 184403; 22
1; r; 585685; 1088; 982; 99; 185684; 7
1; r; 586966; 1088; 188; 61; 186965; 12
1; r; 589529; 1088; 145; 58; 189528; 14
1; r; 592092; 1088; 666; 80; 192091; 15
1; r; 601703; 1088; 316; 69; 201702; 10
1; r; 602344; 1088; 174; 59; 202343; 23
1; r; 805122; 1088; 493; 124; 5121; 5
1; r; 812164; 1088; 768; 136; 12163; 6
1; r; 820487; 1088; 512; 126; 20486; 6
1; r; 832012; 1088; 710; 133; 32011; 6
1; r; 835213; 1088; 557; 128; 35212; 4
1; r; 836494; 1088; 213; 113; 36493; 12
1; r; 843537; 1088; 785; 137; 43536; 2
1; r; 854421; 1088; 70; 105; 54420; 14
1; r; 861464; 1088; 739; 135; 61463; 10
1; r; 863385; 1088; 192; 111; 63384; 12
1; r; 865306; 1088; 307; 118; 65305; 12
1; r; 872349; 1088; 614; 132; 72348; 6
1; r; 876190; 1088; 606; 130; 76189; 8
1; r; 881953; 1088; 860; 140; 81952; 9
1; r; 888996; 1088; 539; 127; 88995; 8
1; r; 893478; 1088; 598; 129; 93477; 10
1; r; 895399; 1088; 915; 141; 95398; 5
1; r; 897960; 1088; 607; 131; 97959; 9
1; r; 899240; 1088; 332; 119; 99239; 12
1; r; 904363; 1088; 802; 138; 104362; 9
1; r; 905644; 1088; 69; 104; 105643; 13
1; r; 906284; 1088; 366; 122; 106283; 15
1; r; 913328; 1088; 990; 144; 113327; 10
1; r; 919090; 1088; 264; 116; 119089; 11
1; r; 921651; 1088; 258; 115; 121650; 10
1; r; 923572; 1088; 291; 117; 123571; 5
1; r; 926133; 1088; 350; 120; 126132; 12
1; r; 926773; 1088; 1076; 147; 126772; 5
1; r; 929975; 1088; 1036; 146; 129974; 13
1; r; 937019; 1088; 474; 123; 137018; 12
1; r; 938939; 1088; 191; 110; 138938; 11
1; r; 951748; 1088; 209; 112; 151747; 11
1; r; 952388; 1088; 146; 107; 152387; 14
1; r; 963274; 1088; 4; 103; 163273; 20
1; r; 965196; 1088; 165; 108; 165195; 18
1; r; 967758; 1088; 365; 121; 167757; 12
1; r; 975445; 1088; 495; 125; 175444; 16
1; r; 976726; 1088; 225; 114; 176725; 21
1; r; 988260; 1088; 737; 134; 188259; 19
1; r; 990183; 1088; 851; 139; 190182; 7
2; r; 4483; 1088; 420; 21; 4482; 5
2; r; 15367; 1088; 651; 31; 15366; 5
2; r; 22409; 1088; 906; 44; 22408; 4
2; r; 23049; 1088; 851; 42; 23048; 2
2; r; 25610; 1088; 717; 34; 25609; 5
2; r; 26250; 1088; 173; 12; 26249; 9
2; r; 30092; 1088; 550; 26; 30091; 4
2; r; 35213; 1088; 936; 47; 35212; 7
2; r; 36494; 1088; 780; 36; 36493; 12
2; r; 44818; 1088; 1053; 52; 44817; 1
2; r; 51220; 1088; 786; 37; 51219; 3
2; r; 58263; 1088; 714; 33; 58262; 9
2; r; 58903; 1088; 473; 24; 58902; 12
2; r; 73630; 1088; 1087; 54; 73629; 2
2; r; 77472; 1088; 790; 39; 77471; 2
2; r; 83874; 1088; 33; 1; 83873; 15
2; r; 86435; 1088; 512; 25; 86434; 8
2; r; 87716; 1088; 789; 38; 87715; 9
2; r; 105003; 1088; 925; 46; 105002; 10
2; r; 108204; 1088; 1070; 53; 108203; 5
2; r; 109485; 1088; 226; 14; 109484; 7
2; r; 116528; 1088; 458; 23; 116527; 6
2; r; 121010; 1088; 611; 28; 121009; 4
2; r; 131895; 1088; 169; 11; 131894; 12
2; r; 135737; 1088; 45; 3; 135736; 18
2; r; 138938; 1088; 1; 0; 138937; 13
2; r; 140219; 1088; 1037; 51; 140218; 9
2; r; 144701; 1088; 964; 50; 144700; 8
2; r; 145341; 1088; 794; 40; 145340; 12
2; r; 154946; 1088; 962; 49; 154945; 10
2; r; 157507; 1088; 399; 20; 157506; 17
2; r; 160708; 1088; 308; 17; 160707; 17
2; r; 161989; 1088; 368; 19; 161988; 15
2; r; 163910; 1088; 903; 43; 163909; 7
2; r; 166471; 1088; 237; 15; 166470; 13
2; r; 169033; 1088; 82; 7; 169032; 16
2; r; 177999; 1088; 245; 16; 177998; 21
2; r; 181841; 1088; 908; 45; 181840; 18
2; r; 183122; 1088; 694; 32; 183121; 14
2; r; 185043; 1088; 316; 18; 185042; 16
2; r; 188244; 1088; 176; 13; 188243; 17
2; r; 190806; 1088; 645; 30; 190805; 14
2; r; 195290; 1088; 123; 9; 195289; 21
2; r; 196571; 1088; 37; 2; 196570; 16
2; r; 203617; 1088; 425; 22; 203616; 13
2; r; 207460; 1088; 73; 6; 207459; 16
2; r; 222188; 1088; 62; 5; 222187; 11
2; r; 229876; 1088; 108; 8; 229875; 14
2; r; 235004; 1088; 577; 27; 235003; 14
2; r; 243336; 1088; 51; 4; 243335; 19
2; r; 406403; 1088; 611; 73; 6402; 6
2; r; 413447; 1088; 865; 83; 13446; 8
2; r; 417287; 1088; 596; 72; 17286; 8
2; r; 417928; 1088; 872; 84; 17927; 4
2; r; 419848; 1088; 1069; 88; 19847; 4
2; r; 428171; 1088; 754; 80; 28170; 3
2; r; 433934; 1088; 884; 85; 33933; 3
2; r; 440336; 1088; 692; 77; 40335; 2
2; r; 441616; 1088; 831; 82; 41615; 7
2; r; 445458; 1088; 140; 60; 45457; 10
2; r; 449939; 1088; 473; 68; 49938; 11
2; r; 454421; 1088; 193; 61; 54420; 6
2; r; 463384; 1088; 369; 64; 63383; 10
2; r; 468506; 1088; 84; 57; 68505; 10
2; r; 471067; 1088; 1041; 87; 71066; 4
2; r; 477470; 1088; 750; 79; 77469; 4
2; r; 483233; 1088; 743; 78; 83232; 6
2; r; 485154; 1088; 443; 66; 85153; 7
2; r; 488355; 1088; 978; 86; 88354; 5
2; r; 493477; 1088; 764; 81; 93476; 8
2; r; 497959; 1088; 1071; 89; 97958; 4
2; r; 501800; 1088; 478; 69; 101799; 8
2; r; 505643; 1088; 636; 75; 105642; 9
2; r; 513326; 1088; 131; 59; 113325; 13
2; r; 515887; 1088; 498; 71; 115886; 9
2; r; 520369; 1088; 446; 67; 120368; 9
2; r; 524852; 1088; 624; 74; 124851; 6
2; r; 527413; 1088; 128; 58; 127412; 11
2; r; 541502; 1088; 242; 63; 141501; 14
2; r; 546627; 1088; 229; 62; 146626; 18
2; r; 802562; 1088; 952; 127; 2561; 1
2; r; 812165; 1088; 273; 100; 12164; 11
2; r; 826889; 1088; 551; 117; 26888; 5
2; r; 830731; 1088; 514; 112; 30730; 5
2; r; 832652; 1088; 317; 103; 32651; 6
2; r; 835213; 1088; 268; 99; 35212; 12
2; r; 838414; 1088; 608; 118; 38413; 7
2; r; 840335; 1088; 292; 101; 40334; 8
2; r; 850579; 1088; 497; 110; 50578; 15
2; r; 853780; 1088; 64; 94; 53779; 11
2; r; 855701; 1088; 455; 107; 55700; 4
2; r; 858903; 1088; 922; 126; 58902; 4
2; r; 867867; 1088; 302; 102; 67866; 9
2; r; 868508; 1088; 539; 116; 68507; 8
2; r; 870429; 1088; 737; 123; 70428; 7
2; r; 871069; 1088; 498; 111; 71068; 9
2; r; 874910; 1088; 628; 119; 74909; 10
2; r; 888357; 1088; 392; 105; 88356; 8
2; r; 890918; 1088; 221; 97; 90917; 11
2; r; 897320; 1088; 34; 91; 97319; 14
2; r; 898601; 1088; 1068; 130; 98600; 5
2; r; 906284; 1088; 56; 92; 106283; 12
2; r; 910125; 1088; 479; 109; 110124; 10
2; r; 911405; 1088; 465; 108; 111404; 14
2; r; 915888; 1088; 992; 128; 115887; 14
2; r; 926773; 1088; 1062; 129; 126772; 17
2; r; 929974; 1088; 452; 106; 129973; 6
2; r; 937658; 1088; 28; 90; 137657; 10
2; r; 944062; 1088; 630; 120; 144061; 14
2; r; 947264; 1088; 95; 95; 147263; 15
2; r; 949185; 1088; 196; 96; 149184; 11
2; r; 955590; 1088; 231; 98; 155589; 15
2; r; 967761; 1088; 829; 124; 167760; 18
2; r; 970323; 1088; 706; 122; 170322; 10
2; r; 974808; 1088; 358; 104; 174807; 12
2; r; 976089; 1088; 532; 115; 176088; 19
2; r; 981215; 1088; 839; 125; 181214; 12
3; r; 7043; 1088; 1013; 47; 7042; 3
3; r; 12164; 1088; 656; 36; 12163; 3
3; r; 17925; 1088; 876; 44; 17924; 4
3; r; 21126; 1088; 784; 41; 21125; 3
3; r; 22406; 1088; 840; 43; 22405; 6
3; r; 36492; 1088; 788; 42; 36491; 4
3; r; 38412; 1088; 621; 33; 38411; 5
3; r; 42894; 1088; 113; 3; 42893; 11
3; r; 45455; 1088; 941; 46; 45454; 6
3; r; 49297; 1088; 215; 7; 49296; 15
3; r; 55058; 1088; 732; 39; 55057; 9
3; r; 58260; 1088; 650; 35; 58259; 7
3; r; 58900; 1088; 322; 15; 58899; 7
3; r; 62742; 1088; 84; 1; 62741; 17
3; r; 68504; 1088; 413; 18; 68503; 10
3; r; 74267; 1088; 595; 32; 74266; 10
3; r; 81950; 1088; 540; 29; 81949; 8
3; r; 87073; 1088; 585; 31; 87072; 6
3; r; 88994; 1088; 499; 27; 88993; 16
3; r; 92195; 1088; 433; 21; 92194; 13
3; r; 93476; 1088; 400; 17; 93475; 13
3; r; 99879; 1088; 730; 38; 99878; 12
3; r; 101799; 1088; 420; 20; 101798; 6
3; r; 104361; 1088; 244; 10; 104360; 11
3; r; 105001; 1088; 414; 19; 105000; 8
3; r; 105641; 1088; 163; 4; 105640; 10
3; r; 108203; 1088; 648; 34; 108202; 5
3; r; 109484; 1088; 444; 23; 109483; 8
3; r; 117168; 1088; 351; 16; 117167; 8
3; r; 119729; 1088; 456; 25; 119728; 8
3; r; 123570; 1088; 733; 40; 123569; 16
3; r; 131894; 1088; 236; 9; 131893; 10
3; r; 137657; 1088; 318; 14; 137656; 7
3; r; 139578; 1088; 219; 8; 139577; 14
3; r; 144700; 1088; 693; 37; 144699; 13
3; r; 149183; 1088; 933; 45; 149182; 14
3; r; 151104; 1088; 18; 0; 151103; 15
3; r; 153025; 1088; 249; 12; 153024; 17
3; r; 154306; 1088; 174; 5; 154305; 11
3; r; 158148; 1088; 441; 22; 158147; 14
3; r; 163272; 1088; 483; 26; 163271; 15
3; r; 165833; 1088; 111; 2; 165832; 12
3; r; 168394; 1088; 207; 6; 168393; 18
3; r; 169674; 1088; 553; 30; 169673; 18
3; r; 174158; 1088; 246; 11; 174157; 16
3; r; 185689; 1088; 512; 28; 185688; 19
3; r; 194018; 1088; 299; 13; 194017; 23
3; r; 414083; 1088; 1055; 105; 14082; 1
3; r; 417284; 1088; 496; 79; 17283; 12
3; r; 426886; 1088; 560; 83; 26885; 5
3; r; 432008; 1088; 481; 78; 32007; 5
3; r; 434568; 1088; 607; 85; 34567; 7
3; r; 435209; 1088; 85; 51; 35208; 10
3; r; 440970; 1088; 105; 55; 40969; 12
3; r; 442891; 1088; 224; 65; 42890; 10
3; r; 449935; 1088; 843; 95; 49934; 6
3; r; 451215; 1088; 944; 97; 51214; 9
3; r; 466582; 1088; 999; 100; 66581; 6
3; r; 467862; 1088; 1046; 104; 67861; 4
3; r; 469143; 1088; 1018; 102; 69142; 3
3; r; 473625; 1088; 410; 73; 73624; 12
3; r; 475546; 1088; 785; 92; 75545; 3
3; r; 478107; 1088; 793; 93; 78106; 12
3; r; 483229; 1088; 416; 74; 83228; 7
3; r; 492194; 1088; 952; 98; 92193; 6
3; r; 494755; 1088; 1001; 101; 94754; 10
3; r; 497957; 1088; 557; 82; 97956; 4
3; r; 499878; 1088; 973; 99; 99877; 5
3; r; 501159; 1088; 808; 94; 101158; 4
3; r; 506281; 1088; 192; 62; 106280; 9
3; r; 510123; 1088; 237; 66; 110122; 17
3; r; 512684; 1088; 1037; 103; 112683; 6
3; r; 529333; 1088; 610; 86; 129332; 6
3; r; 536376; 1088; 422; 75; 136375; 8
3; r; 538937; 1088; 90; 52; 138936; 8
3; r; 541499; 1088; 165; 60; 141498; 12
3; r; 547902; 1088; 180; 61; 147901; 10
3; r; 555585; 1088; 639; 87; 155584; 13
3; r; 557506; 1088; 663; 90; 157505; 14
3; r; 560067; 1088; 1061; 106; 160066; 21
3; r; 560707; 1088; 121; 57; 160706; 10
3; r; 563268; 1088; 428; 76; 163267; 13
3; r; 576073; 1088; 215; 64; 176072; 9
3; r; 580555; 1088; 163; 58; 180554; 16
3; r; 583757; 1088; 1075; 107; 183756; 11
3; r; 584397; 1088; 80; 50; 184396; 13
3; r; 586959; 1088; 647; 88; 186958; 9
3; r; 587599; 1088; 729; 91; 187598; 18
3; r; 590160; 1088; 164; 59; 190159; 14
3; r; 602967; 1088; 546; 81; 202966; 16
3; r; 603607; 1088; 199; 63; 203606; 17
3; r; 608090; 1088; 114; 56; 208089; 12
3; r; 612573; 1088; 335; 71; 212572; 19
3; r; 613214; 1088; 93; 53; 213213; 13
3; r; 614495; 1088; 244; 67; 214494; 14
3; r; 629866; 1088; 246; 68; 229865; 14
3; r; 630506; 1088; 19; 49; 230505; 19
3; r; 807043; 1088; 550; 133; 7042; 5
3; r; 822407; 1088; 1069; 158; 22406; 4
3; r; 824328; 1088; 1071; 159; 24327; 7
3; r; 827529; 1088; 565; 134; 27528; 7
3; r; 831370; 1088; 1050; 156; 31369; 1
3; r; 835212; 1088; 975; 154; 35211; 3
3; r; 840334; 1088; 750; 141; 40333; 3
3; r; 840975; 1088; 115; 111; 40974; 10
3; r; 849299; 1088; 757; 142; 49298; 3
3; r; 854421; 1088; 932; 152; 54420; 6
3; r; 862104; 1088; 511; 130; 62103; 6
3; r; 864025; 1088; 256; 119; 64024; 10
3; r; 867867; 1088; 404; 124; 67866; 9
3; r; 868507; 1088; 681; 138; 68506; 6
3; r; 869788; 1088; 780; 144; 69787; 3
3; r; 874270; 1088; 987; 155; 74269; 1
3; r; 876191; 1088; 226; 117; 76190; 8
3; r; 878112; 1088; 434; 126; 78111; 13
3; r; 883874; 1088; 517; 131; 83873; 7
3; r; 886435; 1088; 949; 153; 86434; 5
3; r; 888996; 1088; 847; 146; 88995; 5
3; r; 896679; 1088; 663; 137; 96678; 12
3; r; 900521; 1088; 261; 120; 100520; 16
3; r; 903722; 1088; 124; 112; 103721; 10
3; r; 910126; 1088; 886; 149; 110125; 2
3; r; 912047; 1088; 135; 113; 112046; 14
3; r; 917168; 1088; 737; 139; 117167; 13
3; r; 921650; 1088; 225; 116; 121649; 12
3; r; 924211; 1088; 418; 125; 124210; 9
3; r; 926132; 1088; 486; 129; 126131; 5
3; r; 927413; 1088; 1063; 157; 127412; 15
3; r; 931255; 1088; 13; 109; 131254; 15
3; r; 935097; 1088; 255; 118; 135096; 5
3; r; 946623; 1088; 201; 115; 146622; 15
3; r; 951105; 1088; 742; 140; 151104; 11
3; r; 954306; 1088; 567; 135; 154305; 11
3; r; 954946; 1088; 773; 143; 154945; 15
3; r; 960069; 1088; 365; 123; 160068; 14
3; r; 966473; 1088; 449; 127; 166472; 9
3; r; 972235; 1088; 607; 136; 172234; 15
3; r; 974157; 1088; 792; 145; 174156; 19
3; r; 976719; 1088; 906; 151; 176718; 9
3; r; 983763; 1088; 876; 148; 183762; 9
3; r; 984404; 1088; 524; 132; 184403; 10
3; r; 990808; 1088; 272; 121; 190807; 17
3; r; 1003622; 1088; 469; 128; 203621; 17
3; r; 1011953; 1088; 4; 108; 211952; 13
4; r; 5122; 1088; 972; 43; 5121; 4
4; r; 8963; 1088; 788; 33; 8962; 3
4; r; 19846; 1088; 453; 20; 19845; 6
4; r; 26888; 1088; 447; 19; 26887; 6
4; r; 41612; 1088; 899; 40; 41611; 7
4; r; 46094; 1088; 615; 29; 46093; 5
4; r; 51216; 1088; 916; 41; 51215; 4
4; r; 55698; 1088; 849; 36; 55697; 4
4; r; 56338; 1088; 119; 8; 56337; 12
4; r; 76828; 1088; 789; 34; 76827; 5
4; r; 77468; 1088; 541; 25; 77467; 9
4; r; 80029; 1088; 578; 26; 80028; 6
4; r; 86431; 1088; 1044; 46; 86430; 7
4; r; 93474; 1088; 206; 12; 93473; 9
4; r; 94754; 1088; 66; 5; 94753; 12
4; r; 95395; 1088; 746; 31; 95394; 6
4; r; 96035; 1088; 426; 17; 96034; 6
4; r; 99876; 1088; 460; 22; 99875; 6
4; r; 102437; 1088; 650; 30; 102436; 4
4; r; 103718; 1088; 1059; 47; 103717; 7
4; r; 105639; 1088; 31; 3; 105638; 13
4; r; 112042; 1088; 487; 24; 112041; 10
4; r; 119086; 1088; 606; 27; 119085; 11
4; r; 128689; 1088; 165; 10; 128688; 12
4; r; 129970; 1088; 87; 7; 129969; 7
4; r; 131891; 1088; 318; 14; 131890; 8
4; r; 134452; 1088; 608; 28; 134451; 11
4; r; 140215; 1088; 263; 13; 140214; 13
4; r; 142776; 1088; 151; 9; 142775; 10
4; r; 145337; 1088; 37; 4; 145336; 13
4; r; 147258; 1088; 895; 39; 147257; 10
4; r; 149179; 1088; 863; 37; 149178; 13
4; r; 154302; 1088; 28; 1; 154301; 13
4; r; 166470; 1088; 937; 42; 166469; 10
4; r; 167751; 1088; 20; 0; 167750; 15
4; r; 169032; 1088; 29; 2; 169031; 12
4; r; 176077; 1088; 433; 18; 176076; 19
4; r; 186326; 1088; 1004; 44; 186325; 17
4; r; 192734; 1088; 1024; 45; 192733; 12
4; r; 400641; 1088; 1015; 93; 640; 2
4; r; 418565; 1088; 772; 75; 18564; 7
4; r; 421766; 1088; 1049; 95; 21765; 1
4; r; 426888; 1088; 623; 69; 26887; 5
4; r; 430089; 1088; 938; 86; 30088; 7
4; r; 435851; 1088; 291; 59; 35850; 5
4; r; 437131; 1088; 829; 78; 37130; 8
4; r; 448655; 1088; 349; 62; 48654; 8
4; r; 451857; 1088; 152; 57; 51856; 10
4; r; 452497; 1088; 786; 76; 52496; 2
4; r; 455058; 1088; 396; 65; 55057; 11
4; r; 461461; 1088; 643; 70; 61460; 11
4; r; 471706; 1088; 839; 79; 71705; 6
4; r; 472346; 1088; 1012; 92; 72345; 4
4; r; 475548; 1088; 941; 87; 75547; 6
4; r; 480670; 1088; 127; 55; 80669; 7
4; r; 488353; 1088; 691; 73; 88352; 12
4; r; 489634; 1088; 979; 90; 89633; 2
4; r; 492835; 1088; 450; 67; 92834; 6
4; r; 501160; 1088; 961; 88; 101159; 9
4; r; 503081; 1088; 1039; 94; 103080; 5
4; r; 508843; 1088; 411; 66; 108842; 9
4; r; 509483; 1088; 59; 52; 109482; 11
4; r; 517807; 1088; 137; 56; 117806; 15
4; r; 523569; 1088; 976; 89; 123568; 3
4; r; 528051; 1088; 750; 74; 128050; 3
4; r; 533173; 1088; 809; 77; 133172; 15
4; r; 533813; 1088; 1; 48; 133812; 18
4; r; 538296; 1088; 389; 64; 138295; 11
4; r; 540857; 1088; 308; 60; 140856; 13
4; r; 546620; 1088; 13; 49; 146619; 18
4; r; 549181; 1088; 928; 85; 149180; 12
4; r; 553664; 1088; 891; 81; 153663; 11
4; r; 554304; 1088; 108; 53; 154303; 20
4; r; 558146; 1088; 52; 51; 158145; 16
4; r; 561348; 1088; 596; 68; 161347; 19
4; r; 563269; 1088; 126; 54; 163268; 12
4; r; 572237; 1088; 25; 50; 172236; 12
4; r; 574799; 1088; 898; 83; 174798; 12
4; r; 581207; 1088; 895; 82; 181206; 12
4; r; 591458; 1088; 1008; 91; 191457; 8
4; r; 806403; 1088; 275; 107; 6402; 9
4; r; 810884; 1088; 839; 131; 10883; 5
4; r; 823688; 1088; 852; 132; 23687; 2
4; r; 828169; 1088; 500; 117; 28168; 9
4; r; 831370; 1088; 507; 118; 31369; 12
4; r; 840334; 1088; 491; 115; 40333; 13
4; r; 840974; 1088; 62; 99; 40973; 13
4; r; 851858; 1088; 967; 138; 51857; 9
4; r; 853779; 1088; 980; 139; 53778; 3
4; r; 856340; 1088; 814; 129; 56339; 10
4; r; 861463; 1088; 820; 130; 61462; 3
4; r; 866585; 1088; 1079; 144; 66584; 3
4; r; 872347; 1088; 544; 122; 72346; 11
4; r; 882591; 1088; 665; 127; 82590; 12
4; r; 886432; 1088; 595; 125; 86431; 12
4; r; 895395; 1088; 1008; 141; 95394; 3
4; r; 904358; 1088; 874; 133; 104357; 7
4; r; 912681; 1088; 550; 123; 112680; 6
4; r; 916523; 1088; 270; 106; 116522; 14
4; r; 920365; 1088; 664; 126; 120364; 10
4; r; 922286; 1088; 1006; 140; 122285; 5
4; r; 924847; 1088; 494; 116; 124846; 6
4; r; 928048; 1088; 518; 119; 128047; 5
4; r; 929969; 1088; 442; 112; 129968; 7
4; r; 931250; 1088; 290; 108; 131249; 11
4; r; 933812; 1088; 88; 100; 133811; 12
4; r; 940215; 1088; 878; 134; 140214; 8
4; r; 944057; 1088; 566; 124; 144056; 16
4; r; 951100; 1088; 535; 121; 151099; 9
4; r; 958784; 1088; 124; 101; 158783; 11
4; r; 963266; 1088; 398; 111; 163265; 16
4; r; 967748; 1088; 6; 96; 167747; 13
4; r; 975432; 1088; 485; 114; 175431; 5
4; r; 990164; 1088; 1071; 143; 190163; 11
4; r; 990805; 1088; 128; 102; 190804; 18
4; r; 994008; 1088; 258; 105; 194007; 18
4; r; 995289; 1088; 933; 136; 195288; 13
4; r; 999132; 1088; 526; 120; 199131; 11
4; r; 1000413; 1088; 730; 128; 200412; 17
4; r; 1002335; 1088; 208; 103; 202334; 18
4; r; 1004898; 1088; 29; 98; 204897; 13
4; r; 1006820; 1088; 330; 109; 206819; 23
4; r; 1013227; 1088; 354; 110; 213226; 12
4; r; 1019636; 1088; 947; 137; 219635; 7
4; r; 1027967; 1088; 1012; 142; 227966; 13
5; r; 6404; 1088; 725; 34; 6403; 3
5; r; 17287; 1088; 709; 33; 17286; 4
5; r; 21128; 1088; 686; 32; 21127; 5
5; r; 33292; 1088; 456; 19; 33291; 5
5; r; 34573; 1088; 937; 38; 34572; 7
5; r; 35213; 1088; 997; 42; 35212; 7
5; r; 44176; 1088; 412; 14; 44175; 9
5; r; 50578; 1088; 955; 39; 50577; 3
5; r; 51219; 1088; 851; 37; 51218; 2
5; r; 56982; 1088; 586; 28; 56981; 6
5; r; 60183; 1088; 494; 22; 60182; 4
5; r; 67866; 1088; 574; 26; 67865; 6
5; r; 72348; 1088; 141; 6; 72347; 14
5; r; 83232; 1088; 582; 27; 83231; 10
5; r; 86433; 1088; 665; 31; 86432; 9
5; r; 92836; 1088; 181; 8; 92835; 9
5; r; 98598; 1088; 362; 12; 98597; 9
5; r; 102440; 1088; 452; 17; 102439; 6
5; r; 110764; 1088; 380; 13; 110763; 8
5; r; 116526; 1088; 455; 18; 116525; 9
5; r; 117807; 1088; 1048; 44; 117806; 4
5; r; 122289; 1088; 267; 9; 122288; 15
5; r; 122929; 1088; 120; 5; 122928; 12
5; r; 126131; 1088; 166; 7; 126130; 14
5; r; 128052; 1088; 568; 25; 128051; 13
5; r; 133175; 1088; 478; 21; 133174; 12
5; r; 145981; 1088; 89; 2; 145980; 10
5; r; 147902; 1088; 995; 41; 147901; 15
5; r; 149823; 1088; 444; 15; 149822; 18
5; r; 151743; 1088; 534; 24; 151742; 12
5; r; 154305; 1088; 104; 4; 154304; 17
5; r; 159427; 1088; 342; 11; 159426; 15
5; r; 161348; 1088; 964; 40; 161347; 8
5; r; 164549; 1088; 1004; 43; 164548; 10
5; r; 169672; 1088; 43; 0; 169671; 16
5; r; 172873; 1088; 797; 35; 172872; 13
5; r; 176715; 1088; 58; 1; 176714; 17
5; r; 177996; 1088; 462; 20; 177995; 13
5; r; 186321; 1088; 272; 10; 186320; 15
5; r; 186962; 1088; 445; 16; 186961; 10
5; r; 195930; 1088; 95; 3; 195929; 14
5; r; 197852; 1088; 594; 29; 197851; 20
5; r; 408323; 1088; 707; 78; 8322; 5
5; r; 418566; 1088; 559; 68; 18565; 3
5; r; 428810; 1088; 476; 62; 28809; 7
5; r; 430090; 1088; 575; 69; 30089; 10
5; r; 437773; 1088; 845; 89; 37772; 5
5; r; 442255; 1088; 1021; 93; 42254; 1
5; r; 442895; 1088; 443; 59; 42894; 10
5; r; 444817; 1088; 672; 74; 44816; 5
5; r; 448018; 1088; 863; 90; 48017; 7
5; r; 460182; 1088; 949; 92; 60181; 4
5; r; 475549; 1088; 687; 75; 75548; 4
5; r; 476189; 1088; 283; 55; 76188; 11
5; r; 488354; 1088; 1045; 99; 88353; 4
5; r; 492195; 1088; 842; 88; 92194; 6
5; r; 501800; 1088; 1043; 98; 101799; 7
5; r; 503081; 1088; 789; 86; 103080; 7
5; r; 512046; 1088; 146; 50; 112045; 13
5; r; 529335; 1088; 1039; 97; 129334; 5
5; r; 530616; 1088; 149; 51; 130615; 8
5; r; 532537; 1088; 736; 81; 132536; 12
5; r; 533177; 1088; 335; 56; 133176; 12
5; r; 537659; 1088; 256; 54; 137658; 8
5; r; 546624; 1088; 739; 82; 146623; 9
5; r; 555588; 1088; 14; 47; 155587; 15
5; r; 558150; 1088; 770; 85; 158149; 8
5; r; 561992; 1088; 724; 79; 161991; 7
5; r; 565193; 1088; 397; 58; 165192; 22
5; r; 566474; 1088; 865; 91; 166473; 8
5; r; 569035; 1088; 0; 45; 169034; 14
5; r; 570316; 1088; 515; 66; 170315; 10
5; r; 573518; 1088; 499; 63; 173517; 16
5; r; 574158; 1088; 1067; 100; 174157; 7
5; r; 575439; 1088; 111; 49; 175438; 13
5; r; 578641; 1088; 504; 64; 178640; 16
5; r; 580562; 1088; 1029; 95; 180561; 15
5; r; 583764; 1088; 609; 72; 183763; 13
5; r; 585045; 1088; 464; 61; 185044; 14
5; r; 599135; 1088; 1035; 96; 199134; 13
5; r; 624760; 1088; 10; 46; 224759; 20
5; r; 631809; 1088; 702; 77; 231808; 16
5; r; 816006; 1088; 956; 146; 16005; 2
5; r; 818567; 1088; 1057; 154; 18566; 14
5; r; 824329; 1088; 743; 136; 24328; 5
5; r; 826250; 1088; 262; 111; 26249; 8
5; r; 829451; 1088; 1051; 153; 29450; 1
5; r; 839055; 1088; 265; 112; 39054; 13
5; r; 849940; 1088; 897; 144; 49939; 7
5; r; 855703; 1088; 523; 126; 55702; 4
5; r; 860826; 1088; 453; 119; 60825; 7
5; r; 864027; 1088; 595; 129; 64026; 12
5; r; 880673; 1088; 56; 103; 80672; 9
5; r; 881954; 1088; 607; 130; 81953; 9
5; r; 883875; 1088; 803; 140; 83874; 8
5; r; 890918; 1088; 721; 135; 90917; 4
5; r; 896680; 1088; 1017; 151; 96679; 5
5; r; 900522; 1088; 88; 104; 100521; 8
5; r; 901162; 1088; 190; 110; 101161; 11
5; r; 902443; 1088; 1066; 155; 102442; 4
5; r; 903723; 1088; 378; 115; 103722; 7
5; r; 905004; 1088; 276; 113; 105003; 12
5; r; 916529; 1088; 394; 116; 116528; 11
5; r; 919090; 1088; 966; 148; 119089; 9
5; r; 924853; 1088; 632; 131; 124852; 13
5; r; 927414; 1088; 143; 107; 127413; 16
5; r; 929975; 1088; 516; 125; 129974; 12
5; r; 935738; 1088; 487; 124; 135737; 7
5; r; 936378; 1088; 972; 149; 136377; 6
5; r; 944701; 1088; 55; 102; 144700; 15
5; r; 949184; 1088; 538; 128; 149183; 12
5; r; 953665; 1088; 469; 121; 153664; 13
5; r; 954306; 1088; 802; 139; 154305; 17
5; r; 961990; 1088; 464; 120; 161989; 16
5; r; 967113; 1088; 1023; 152; 167112; 14
5; r; 970955; 1088; 964; 147; 170954; 15
5; r; 971595; 1088; 175; 109; 171594; 10
5; r; 972876; 1088; 431; 117; 172875; 13
5; r; 974797; 1088; 138; 106; 174796; 15
5; r; 975437; 1088; 680; 133; 175436; 11
5; r; 984400; 1088; 537; 127; 184399; 12
5; r; 985681; 1088; 672; 132; 185680; 19
5; r; 990805; 1088; 483; 122; 190804; 9
5; r; 992086; 1088; 870; 142; 192085; 25
5; r; 997210; 1088; 436; 118; 197209; 13
5; r; 997850; 1088; 871; 143; 197849; 13
5; r; 998491; 1088; 484; 123; 198490; 16
5; r; 1045265; 1088; 845; 141; 245264; 14
6; r; 1281; 1088; 625; 43; 1280; 3
6; r; 12165; 1088; 946; 61; 12164; 3
6; r; 24968; 1088; 32; 1; 24967; 11
6; r; 27529; 1088; 678; 45; 27528; 12
6; r; 30730; 1088; 520; 36; 30729; 5
6; r; 31370; 1088; 242; 14; 31369; 10
6; r; 35212; 1088; 615; 42; 35211; 8
6; r; 40975; 1088; 424; 28; 40974; 6
6; r; 50579; 1088; 741; 49; 50578; 6
6; r; 52499; 1088; 590; 40; 52498; 3
6; r; 53140; 1088; 1077; 69; 53139; 4
6; r; 62744; 1088; 1076; 68; 62743; 7
6; r; 67226; 1088; 1019; 64; 67225; 1
6; r; 69787; 1088; 310; 19; 69786; 8
6; r; 70427; 1088; 1032; 65; 70426; 6
6; r; 71068; 1088; 192; 10; 71067; 8
6; r; 72989; 1088; 456; 31; 72988; 9
6; r; 76831; 1088; 807; 54; 76830; 6
6; r; 78112; 1088; 264; 16; 78111; 18
6; r; 91559; 1088; 263; 15; 91558; 6
6; r; 92840; 1088; 364; 23; 92839; 12
6; r; 97322; 1088; 709; 46; 97321; 9
6; r; 99243; 1088; 737; 48; 99242; 7
6; r; 103085; 1088; 546; 37; 103084; 9
6; r; 104366; 1088; 652; 44; 104365; 7
6; r; 111409; 1088; 442; 30; 111408; 10
6; r; 119094; 1088; 997; 63; 119093; 9
6; r; 124217; 1088; 123; 6; 124216; 12
6; r; 126138; 1088; 554; 38; 126137; 5
6; r; 131901; 1088; 808; 55; 131900; 8
6; r; 139585; 1088; 139; 7; 139584; 12
6; r; 147269; 1088; 798; 52; 147268; 12
6; r; 151751; 1088; 585; 39; 151750; 5
6; r; 158154; 1088; 480; 32; 158153; 9
6; r; 165838; 1088; 1040; 66; 165837; 7
6; r; 169680; 1088; 402; 25; 169679; 13
6; r; 175443; 1088; 834; 57; 175442; 11
6; r; 179925; 1088; 760; 51; 179924; 22
6; r; 183126; 1088; 805; 53; 183125; 10
6; r; 185047; 1088; 363; 22; 185046; 17
6; r; 192091; 1088; 343; 20; 192090; 18
6; r; 193372; 1088; 108; 5; 193371; 20
6; r; 196573; 1088; 900; 59; 196572; 18
6; r; 198494; 1088; 504; 34; 198493; 17
6; r; 200415; 1088; 1062; 67; 200414; 17
6; r; 208099; 1088; 904; 60; 208098; 21
6; r; 213223; 1088; 210; 12; 213222; 19
6; r; 216426; 1088; 14; 0; 216425; 16
6; r; 226673; 1088; 759; 50; 226672; 12
6; r; 227954; 1088; 294; 17; 227953; 14
6; r; 233078; 1088; 157; 8; 233077; 20
6; r; 235640; 1088; 87; 4; 235639; 14
6; r; 240764; 1088; 85; 3; 240763; 21
6; r; 242045; 1088; 410; 26; 242044; 18
6; r; 247169; 1088; 377; 24; 247168; 18
6; r; 250371; 1088; 300; 18; 250370; 9
6; r; 268952; 1088; 827; 56; 268951; 26
6; r; 282411; 1088; 516; 35; 282410; 28
6; r; 292026; 1088; 199; 11; 292025; 15
6; r; 421128; 1088; 226; 80; 21127; 11
6; r; 428170; 1088; 199; 77; 28169; 16
6; r; 428810; 1088; 782; 105; 28809; 3
6; r; 438414; 1088; 937; 115; 38413; 8
6; r; 442255; 1088; 859; 112; 42254; 8
6; r; 444176; 1088; 827; 108; 44175; 13
6; r; 449298; 1088; 710; 102; 49297; 5
6; r; 456340; 1088; 477; 93; 56339; 6
6; r; 458901; 1088; 99; 72; 58900; 14
6; r; 462742; 1088; 853; 111; 62741; 2
6; r; 472985; 1088; 769; 104; 72984; 8
6; r; 476827; 1088; 1018; 121; 76826; 1
6; r; 479388; 1088; 179; 75; 79387; 9
6; r; 480029; 1088; 553; 95; 80028; 4
6; r; 490273; 1088; 943; 116; 90272; 7
6; r; 497957; 1088; 987; 119; 97956; 2
6; r; 499878; 1088; 405; 89; 99877; 10
6; r; 508202; 1088; 501; 94; 108201; 8
6; r; 510123; 1088; 585; 98; 110122; 10
6; r; 519728; 1088; 51; 70; 119727; 10
6; r; 521650; 1088; 810; 107; 121649; 4
6; r; 527413; 1088; 294; 83; 127412; 7
6; r; 535738; 1088; 306; 84; 135737; 15
6; r; 541501; 1088; 923; 114; 141500; 11
6; r; 544703; 1088; 900; 113; 144702; 9
6; r; 546623; 1088; 558; 96; 146622; 12
6; r; 549185; 1088; 204; 78; 149184; 13
6; r; 551106; 1088; 378; 87; 151105; 11
6; r; 551746; 1088; 762; 103; 151745; 12
6; r; 552387; 1088; 583; 97; 152386; 9
6; r; 556869; 1088; 995; 120; 156868; 14
6; r; 564553; 1088; 197; 76; 164552; 13
6; r; 565834; 1088; 700; 101; 165833; 11
6; r; 569035; 1088; 794; 106; 169034; 12
6; r; 570956; 1088; 354; 86; 170955; 9
6; r; 572878; 1088; 430; 90; 172877; 15
6; r; 576080; 1088; 112; 74; 176079; 15
6; r; 580561; 1088; 205; 79; 180560; 22
6; r; 583123; 1088; 605; 99; 183122; 13
6; r; 584404; 1088; 830; 109; 184403; 14
6; r; 587606; 1088; 251; 81; 187605; 9
6; r; 588887; 1088; 290; 82; 188886; 19
6; r; 599775; 1088; 328; 85; 199774; 23
6; r; 608102; 1088; 390; 88; 208101; 17
6; r; 611305; 1088; 431; 91; 211304; 15
6; r; 627322; 1088; 433; 92; 227321; 18
6; r; 813444; 1088; 220; 135; 13443; 7
6; r; 815365; 1088; 885; 169; 15364; 2
6; r; 816646; 1088; 974; 172; 16645; 3
6; r; 820487; 1088; 757; 163; 20486; 5
6; r; 835213; 1088; 999; 175; 35212; 7
6; r; 839055; 1088; 1058; 178; 39054; 13
6; r; 840335; 1088; 201; 134; 40334; 11
6; r; 840976; 1088; 288; 138; 40975; 9
6; r; 850580; 1088; 468; 146; 50579; 10
6; r; 853141; 1088; 1052; 177; 53140; 1
6; r; 862105; 1088; 590; 156; 62104; 5
6; r; 874911; 1088; 889; 170; 74910; 1
6; r; 880033; 1088; 814; 165; 80032; 4
6; r; 894117; 1088; 419; 145; 94116; 10
6; r; 906922; 1088; 501; 151; 106921; 14
6; r; 909483; 1088; 571; 154; 109482; 11
6; r; 911404; 1088; 150; 131; 111403; 12
6; r; 917167; 1088; 906; 171; 117166; 15
6; r; 923570; 1088; 21; 122; 123569; 10
6; r; 924851; 1088; 489; 150; 124850; 13
6; r; 934455; 1088; 388; 143; 134454; 8
6; r; 940859; 1088; 149; 130; 140858; 14
6; r; 948542; 1088; 733; 161; 148541; 11
6; r; 950463; 1088; 519; 153; 150462; 8
6; r; 951103; 1088; 815; 166; 151102; 6
6; r; 953024; 1088; 471; 147; 153023; 8
6; r; 957506; 1088; 311; 139; 157505; 13
6; r; 965190; 1088; 261; 136; 165189; 15
6; r; 970313; 1088; 472; 148; 170312; 11
6; r; 977356; 1088; 368; 141; 177355; 13
6; r; 991443; 1088; 80; 128; 191442; 14
6; r; 993364; 1088; 285; 137; 193363; 17
6; r; 997846; 1088; 977; 173; 197845; 16
6; r; 1001689; 1088; 336; 140; 201688; 17
6; r; 1002970; 1088; 802; 164; 202969; 21
6; r; 1005531; 1088; 740; 162; 205530; 17
6; r; 1006812; 1088; 621; 157; 206811; 15
6; r; 1012578; 1088; 167; 132; 212577; 22
6; r; 1014499; 1088; 576; 155; 214498; 21
6; r; 1017061; 1088; 132; 129; 217060; 20
6; r; 1018342; 1088; 719; 160; 218341; 12
6; r; 1020264; 1088; 825; 167; 220263; 12
6; r; 1022186; 1088; 995; 174; 222185; 19
6; r; 1029873; 1088; 71; 127; 229872; 19
6; r; 1036919; 1088; 55; 125; 236918; 16
6; r; 1037560; 1088; 860; 168; 237559; 19
6; r; 1038201; 1088; 651; 159; 238200; 16
6; r; 1038842; 1088; 637; 158; 238841; 15
6; r; 1067682; 1088; 369; 142; 267681; 28
7; r; 10883; 1088; 482; 28; 10882; 5
7; r; 17285; 1088; 448; 26; 17284; 7
7; r; 18566; 1088; 887; 53; 18565; 2
7; r; 23047; 1088; 508; 33; 23046; 7
7; r; 32650; 1088; 593; 35; 32649; 10
7; r; 38413; 1088; 506; 32; 38412; 11
7; r; 49297; 1088; 1073; 60; 49296; 7
7; r; 51218; 1088; 296; 20; 51217; 9
7; r; 58261; 1088; 716; 43; 58260; 3
7; r; 64664; 1088; 840; 51; 64663; 5
7; r; 66585; 1088; 491; 30; 66584; 9
7; r; 76190; 1088; 468; 27; 76189; 12
7; r; 76830; 1088; 775; 50; 76829; 10
7; r; 92838; 1088; 43; 1; 92837; 16
7; r; 97321; 1088; 485; 29; 97320; 11
7; r; 102443; 1088; 714; 42; 102442; 9
7; r; 104364; 1088; 288; 18; 104363; 11
7; r; 106925; 1088; 266; 17; 106924; 10
7; r; 110766; 1088; 162; 11; 110765; 7
7; r; 115248; 1088; 668; 38; 115247; 10
7; r; 119090; 1088; 176; 12; 119089; 13
7; r; 119730; 1088; 665; 37; 119729; 6
7; r; 122932; 1088; 293; 19; 122931; 8
7; r; 126774; 1088; 689; 39; 126773; 19
7; r; 131897; 1088; 309; 21; 131896; 12
7; r; 132537; 1088; 107; 5; 132536; 11
7; r; 133818; 1088; 738; 45; 133817; 7
7; r; 141502; 1088; 328; 24; 141501; 9
7; r; 146624; 1088; 1003; 58; 146623; 12
7; r; 147905; 1088; 929; 54; 147904; 11
7; r; 154949; 1088; 141; 8; 154948; 12
7; r; 156870; 1088; 120; 6; 156869; 15
7; r; 157510; 1088; 960; 56; 157509; 11
7; r; 161352; 1088; 444; 25; 161351; 15
7; r; 167116; 1088; 135; 7; 167115; 14
7; r; 168397; 1088; 699; 40; 168396; 14
7; r; 173519; 1088; 595; 36; 173518; 9
7; r; 174159; 1088; 86; 3; 174158; 13
7; r; 176080; 1088; 1062; 59; 176079; 16
7; r; 177361; 1088; 843; 52; 177360; 8
7; r; 187606; 1088; 209; 14; 187605; 17
7; r; 193369; 1088; 232; 15; 193368; 15
7; r; 194009; 1088; 160; 10; 194008; 15
7; r; 195290; 1088; 762; 47; 195289; 12
7; r; 201694; 1088; 767; 49; 201693; 22
7; r; 203615; 1088; 766; 48; 203614; 13
7; r; 209379; 1088; 144; 9; 209378; 15
7; r; 214502; 1088; 735; 44; 214501; 12
7; r; 215783; 1088; 310; 22; 215782; 11
7; r; 217064; 1088; 939; 55; 217063; 14
7; r; 224111; 1088; 244; 16; 224110; 14
7; r; 235003; 1088; 556; 34; 235002; 14
7; r; 247175; 1088; 995; 57; 247174; 16
7; r; 403842; 1088; 987; 107; 3841; 1
7; r; 414725; 1088; 441; 81; 14724; 9
7; r; 424328; 1088; 955; 104; 24327; 1
7; r; 430090; 1088; 1056; 113; 30089; 13
7; r; 434571; 1088; 508; 85; 34570; 6
7; r; 446736; 1088; 862; 100; 46735; 12
7; r; 447376; 1088; 939; 103; 47375; 7
7; r; 448657; 1088; 275; 77; 48656; 8
7; r; 451858; 1088; 781; 96; 51857; 5
7; r; 456980; 1088; 818; 97; 56979; 2
7; r; 460182; 1088; 968; 105; 60181; 7
7; r; 464023; 1088; 903; 101; 64022; 8
7; r; 478750; 1088; 710; 93; 78749; 5
7; r; 483232; 1088; 1064; 114; 83231; 8
7; r; 490915; 1088; 32; 62; 90914; 12
7; r; 493476; 1088; 617; 89; 93475; 4
7; r; 497319; 1088; 214; 74; 97318; 8
7; r; 500521; 1088; 314; 78; 100520; 13
7; r; 501161; 1088; 1023; 110; 101160; 12
7; r; 507564; 1088; 539; 86; 107563; 13
7; r; 508845; 1088; 8; 61; 108844; 18
7; r; 512047; 1088; 999; 109; 112046; 10
7; r; 514608; 1088; 844; 99; 114607; 8
7; r; 522932; 1088; 102; 65; 122931; 13
7; r; 528054; 1088; 447; 83; 128053; 8
7; r; 529335; 1088; 495; 84; 129334; 16
7; r; 540860; 1088; 207; 73; 140859; 14
7; r; 544703; 1088; 590; 88; 144702; 16
7; r; 548544; 1088; 222; 75; 148543; 12
7; r; 556868; 1088; 171; 70; 156867; 18
7; r; 561351; 1088; 180; 71; 161350; 17
7; r; 566474; 1088; 996; 108; 166473; 16
7; r; 568396; 1088; 1029; 111; 168395; 10
7; r; 570317; 1088; 446; 82; 170316; 12
7; r; 582485; 1088; 113; 66; 182484; 17
7; r; 584406; 1088; 121; 67; 184405; 18
7; r; 586328; 1088; 833; 98; 186327; 15
7; r; 588250; 1088; 640; 91; 188249; 16
7; r; 589531; 1088; 548; 87; 189530; 16
7; r; 590812; 1088; 190; 72; 190811; 12
7; r; 608749; 1088; 756; 94; 208748; 23
7; r; 803842; 1088; 1059; 170; 3841; 7
7; r; 814725; 1088; 1043; 169; 14724; 10
7; r; 815366; 1088; 550; 144; 15365; 6
7; r; 817286; 1088; 21; 119; 17285; 12
7; r; 823688; 1088; 672; 153; 23687; 9
7; r; 824328; 1088; 1079; 172; 24327; 2
7; r; 832651; 1088; 287; 134; 32650; 10
7; r; 839694; 1088; 850; 164; 39693; 2
7; r; 840974; 1088; 748; 158; 40973; 6
7; r; 843535; 1088; 779; 159; 43534; 4
7; r; 844176; 1088; 490; 141; 44175; 6
7; r; 849938; 1088; 1082; 173; 49937; 1
7; r; 854420; 1088; 193; 126; 54419; 6
7; r; 856341; 1088; 734; 156; 56340; 9
7; r; 862104; 1088; 842; 163; 62103; 14
7; r; 864025; 1088; 232; 130; 64024; 12
7; r; 865945; 1088; 653; 152; 65944; 5
7; r; 867226; 1088; 747; 157; 67225; 8
7; r; 874269; 1088; 878; 165; 74268; 5
7; r; 875550; 1088; 1072; 171; 75549; 7
7; r; 883232; 1088; 807; 160; 83231; 5
7; r; 884513; 1088; 426; 137; 84512; 10
7; r; 888355; 1088; 814; 161; 88354; 4
7; r; 896679; 1088; 899; 166; 96678; 8
7; r; 903722; 1088; 593; 147; 103721; 5
7; r; 905003; 1088; 499; 142; 105002; 7
7; r; 906924; 1088; 841; 162; 106923; 13
7; r; 915248; 1088; 10; 117; 115247; 13
7; r; 921010; 1088; 203; 128; 121009; 11
7; r; 924212; 1088; 619; 150; 124211; 7
7; r; 927413; 1088; 706; 154; 127412; 6
7; r; 929975; 1088; 537; 143; 129974; 9
7; r; 936378; 1088; 290; 135; 136377; 16
7; r; 937018; 1088; 472; 139; 137017; 10
7; r; 937658; 1088; 631; 151; 137657; 10
7; r; 938299; 1088; 35; 121; 138298; 12
7; r; 942141; 1088; 134; 125; 142140; 15
7; r; 945983; 1088; 589; 146; 145982; 8
7; r; 952386; 1088; 567; 145; 152385; 9
7; r; 954307; 1088; 595; 148; 154306; 13
7; r; 962632; 1088; 8; 115; 162631; 12
7; r; 963272; 1088; 77; 122; 163271; 13
7; r; 964553; 1088; 924; 167; 164552; 9
7; r; 976078; 1088; 481; 140; 176077; 16
7; r; 979920; 1088; 32; 120; 179919; 12
7; r; 988885; 1088; 731; 155; 188884; 16
7; r; 992087; 1088; 126; 123; 192086; 12
7; r; 992727; 1088; 433; 138; 192726; 19
7; r; 1001053; 1088; 132; 124; 201052; 14
7; r; 1001693; 1088; 279; 133; 201692; 12
7; r; 1004255; 1088; 9; 116; 204254; 19
7; r; 1006817; 1088; 199; 127; 206816; 17
7; r; 1015143; 1088; 303; 136; 215142; 16
7; r; 1019627; 1088; 238; 131; 219626; 16
7; r; 1028595; 1088; 272; 132; 228594; 20
7; r; 1032439; 1088; 1025; 168; 232438; 15
7; r; 1043973; 1088; 211; 129; 243972; 20
8; r; 8965; 1088; 33; 3; 8964; 11
8; r; 16007; 1088; 769; 45; 16006; 5
8; r; 17287; 1088; 1080; 64; 17286; 3
8; r; 19848; 1088; 741; 44; 19847; 4
8; r; 24970; 1088; 592; 37; 24969; 7
8; r; 40335; 1088; 508; 32; 40334; 6
8; r; 42256; 1088; 900; 55; 42255; 7
8; r; 48659; 1088; 989; 59; 48658; 1
8; r; 56983; 1088; 129; 12; 56982; 12
8; r; 60184; 1088; 589; 36; 60183; 9
8; r; 61465; 1088; 1051; 61; 61464; 4
8; r; 62745; 1088; 355; 22; 62744; 14
8; r; 64026; 1088; 884; 54; 64025; 2
8; r; 67227; 1088; 481; 30; 67226; 6
8; r; 73629; 1088; 427; 26; 73628; 11
8; r; 75550; 1088; 981; 58; 75549; 2
8; r; 78111; 1088; 1013; 60; 78110; 2
8; r; 88995; 1088; 41; 4; 88994; 14
8; r; 92196; 1088; 1057; 62; 92195; 10
8; r; 101800; 1088; 482; 31; 101799; 7
8; r; 103722; 1088; 883; 53; 103721; 6
8; r; 105003; 1088; 646; 39; 105002; 6
8; r; 106284; 1088; 538; 34; 106283; 8
8; r; 113328; 1088; 311; 18; 113327; 12
8; r; 115249; 1088; 974; 57; 115248; 6
8; r; 117170; 1088; 856; 50; 117169; 3
8; r; 121012; 1088; 454; 28; 121011; 6
8; r; 121653; 1088; 54; 8; 121652; 13
8; r; 122934; 1088; 671; 41; 122933; 7
8; r; 126775; 1088; 31; 2; 126774; 12
8; r; 130617; 1088; 285; 15; 130616; 10
8; r; 138300; 1088; 446; 27; 138299; 10
8; r; 138940; 1088; 901; 56; 138939; 12
8; r; 139581; 1088; 674; 42; 139580; 8
8; r; 140221; 1088; 137; 13; 140220; 18
8; r; 142142; 1088; 795; 47; 142141; 13
8; r; 154949; 1088; 69; 11; 154948; 11
8; r; 161352; 1088; 404; 24; 161351; 19
8; r; 189527; 1088; 462; 29; 189526; 9
8; r; 195930; 1088; 702; 43; 195929; 14
8; r; 199772; 1088; 601; 38; 199771; 14
8; r; 203614; 1088; 400; 23; 203613; 16
8; r; 205535; 1088; 870; 51; 205534; 12
8; r; 208097; 1088; 11; 0; 208096; 19
8; r; 208737; 1088; 60; 10; 208736; 14
8; r; 210018; 1088; 306; 17; 210017; 15
8; r; 211299; 1088; 562; 35; 211298; 15
8; r; 212580; 1088; 840; 49; 212579; 9
8; r; 213861; 1088; 53; 7; 213860; 15
8; r; 225389; 1088; 530; 33; 225388; 11
8; r; 227951; 1088; 423; 25; 227950; 19
8; r; 229232; 1088; 321; 19; 229231; 21
8; r; 235636; 1088; 57; 9; 235635; 15
8; r; 243322; 1088; 51; 6; 243321; 17
8; r; 252288; 1088; 667; 40; 252287; 16
8; r; 259335; 1088; 299; 16; 259334; 18
8; r; 284328; 1088; 797; 48; 284327; 19
8; r; 405121; 1088; 435; 80; 5120; 9
8; r; 412803; 1088; 413; 79; 12802; 6
8; r; 414084; 1088; 954; 103; 14083; 1
8; r; 422408; 1088; 45; 67; 22407; 11
8; r; 423048; 1088; 899; 101; 23047; 6
8; r; 432011; 1088; 169; 72; 32010; 10
8; r; 433932; 1088; 182; 73; 33931; 8
8; r; 435853; 1088; 483; 87; 35852; 5
8; r; 439054; 1088; 458; 85; 39053; 5
8; r; 444817; 1088; 731; 95; 44816; 7
8; r; 449299; 1088; 1061; 106; 49298; 9
8; r; 451860; 1088; 481; 86; 51859; 7
8; r; 454421; 1088; 888; 98; 54420; 1
8; r; 459543; 1088; 112; 70; 59542; 9
8; r; 468506; 1088; 1046; 105; 68505; 3
8; r; 476830; 1088; 630; 93; 76829; 10
8; r; 479391; 1088; 540; 91; 79390; 8
8; r; 493478; 1088; 1014; 104; 93477; 5
8; r; 495399; 1088; 711; 94; 95398; 5
8; r; 499240; 1088; 741; 96; 99239; 7
8; r; 501802; 1088; 508; 89; 101801; 8
8; r; 503723; 1088; 895; 100; 103722; 6
8; r; 506924; 1088; 446; 82; 106923; 11
8; r; 509485; 1088; 452; 83; 109484; 8
8; r; 510766; 1088; 386; 78; 110765; 10
8; r; 512047; 1088; 1065; 107; 112046; 13
8; r; 514608; 1088; 49; 68; 114607; 12
8; r; 519090; 1088; 1075; 109; 119089; 5
8; r; 521652; 1088; 535; 90; 121651; 8
8; r; 522292; 1088; 160; 71; 122291; 10
8; r; 529975; 1088; 929; 102; 129974; 11
8; r; 530616; 1088; 110; 69; 130615; 10
8; r; 533177; 1088; 442; 81; 133176; 8
8; r; 538300; 1088; 26; 65; 138299; 14
8; r; 540221; 1088; 320; 77; 140220; 11
8; r; 551106; 1088; 620; 92; 151105; 10
8; r; 560713; 1088; 40; 66; 160712; 19
8; r; 564556; 1088; 453; 84; 164555; 11
8; r; 569039; 1088; 263; 75; 169038; 19
8; r; 572241; 1088; 261; 74; 172240; 12
8; r; 581851; 1088; 894; 99; 181850; 12
8; r; 583132; 1088; 291; 76; 183131; 20
8; r; 597871; 1088; 486; 88; 197870; 16
8; r; 812164; 1088; 590; 144; 12163; 4
8; r; 818566; 1088; 466; 138; 18565; 11
8; r; 825610; 1088; 151; 117; 25609; 10
8; r; 827531; 1088; 889; 155; 27530; 4
8; r; 836495; 1088; 758; 154; 36494; 3
8; r; 839056; 1088; 675; 149; 39055; 9
8; r; 853141; 1088; 444; 136; 53140; 8
8; r; 855062; 1088; 324; 126; 55061; 5
8; r; 858903; 1088; 1044; 161; 58902; 2
8; r; 874269; 1088; 647; 147; 74268; 7
8; r; 876830; 1088; 547; 142; 76829; 9
8; r; 878751; 1088; 437; 135; 78750; 9
8; r; 879392; 1088; 527; 141; 79391; 6
8; r; 885155; 1088; 465; 137; 85154; 15
8; r; 890277; 1088; 963; 159; 90276; 11
8; r; 894759; 1088; 284; 121; 94758; 13
8; r; 903083; 1088; 749; 153; 103082; 6
8; r; 910126; 1088; 730; 151; 110125; 13
8; r; 915888; 1088; 613; 145; 115887; 7
8; r; 917169; 1088; 70; 113; 117168; 16
8; r; 921011; 1088; 191; 119; 121010; 9
8; r; 923572; 1088; 427; 134; 123571; 6
8; r; 925493; 1088; 426; 133; 125492; 6
8; r; 929975; 1088; 323; 125; 129974; 12
8; r; 930615; 1088; 319; 124; 130614; 10
8; r; 936377; 1088; 357; 128; 136376; 15
8; r; 940219; 1088; 128; 116; 140218; 24
8; r; 944061; 1088; 59; 111; 144060; 10
8; r; 962631; 1088; 153; 118; 162630; 15
8; r; 967754; 1088; 415; 131; 167753; 17
8; r; 969675; 1088; 314; 123; 169674; 13
8; r; 970316; 1088; 88; 114; 170315; 16
8; r; 972877; 1088; 372; 129; 172876; 17
8; r; 974158; 1088; 561; 143; 174157; 16
8; r; 974798; 1088; 44; 110; 174797; 16
8; r; 976079; 1088; 402; 130; 176078; 15
8; r; 992731; 1088; 113; 115; 192730; 18
8; r; 993371; 1088; 242; 120; 193370; 12
8; r; 999137; 1088; 340; 127; 199136; 16
8; r; 1005543; 1088; 520; 140; 205542; 13
8; r; 1008105; 1088; 706; 150; 208104; 11
8; r; 1017073; 1088; 614; 146; 217072; 18
8; r; 1024122; 1088; 419; 132; 224121; 15
9; r; 3202; 1088; 986; 46; 3201; 1
9; r; 16645; 1088; 1053; 47; 16644; 1
9; r; 22407; 1088; 214; 10; 22406; 11
9; r; 35852; 1088; 938; 44; 35851; 4
9; r; 36492; 1088; 320; 16; 36491; 6
9; r; 37132; 1088; 504; 22; 37131; 12
9; r; 38413; 1088; 390; 19; 38412; 7
9; r; 42895; 1088; 1057; 48; 42894; 11
9; r; 45456; 1088; 525; 26; 45455; 4
9; r; 47377; 1088; 1087; 50; 47376; 1
9; r; 55700; 1088; 888; 41; 55699; 1
9; r; 58901; 1088; 578; 30; 58900; 7
9; r; 62743; 1088; 927; 43; 62742; 10
9; r; 66584; 1088; 548; 28; 66583; 6
9; r; 71066; 1088; 922; 42; 71065; 1
9; r; 90914; 1088; 371; 18; 90913; 9
9; r; 99238; 1088; 216; 12; 99237; 9
9; r; 121648; 1088; 778; 37; 121647; 11
9; r; 122929; 1088; 757; 35; 122928; 7
9; r; 126770; 1088; 23; 1; 126769; 15
9; r; 129331; 1088; 695; 33; 129330; 15
9; r; 137015; 1088; 418; 20; 137014; 11
9; r; 138936; 1088; 509; 23; 138935; 9
9; r; 144058; 1088; 531; 27; 144057; 12
9; r; 148540; 1088; 475; 21; 148539; 10
9; r; 154304; 1088; 1062; 49; 154303; 11
9; r; 156865; 1088; 281; 15; 156864; 17
9; r; 158787; 1088; 679; 32; 158786; 10
9; r; 160708; 1088; 701; 34; 160707; 14
9; r; 162629; 1088; 215; 11; 162628; 14
9; r; 165190; 1088; 236; 13; 165189; 12
9; r; 169031; 1088; 670; 31; 169030; 12
9; r; 170952; 1088; 120; 5; 170951; 18
9; r; 174794; 1088; 174; 8; 174793; 14
9; r; 177995; 1088; 90; 4; 177994; 18
9; r; 178636; 1088; 573; 29; 178635; 11
9; r; 185681; 1088; 64; 3; 185680; 10
9; r; 187603; 1088; 168; 7; 187602; 17
9; r; 192087; 1088; 773; 36; 192086; 14
9; r; 198492; 1088; 60; 2; 198491; 19
9; r; 203616; 1088; 363; 17; 203615; 16
9; r; 204897; 1088; 198; 9; 204896; 23
9; r; 217071; 1088; 5; 0; 217070; 21
9; r; 218994; 1088; 270; 14; 218993; 16
9; r; 226044; 1088; 978; 45; 226043; 7
9; r; 412804; 1088; 1052; 109; 12803; 1
9; r; 418566; 1088; 847; 96; 18565; 2
9; r; 430090; 1088; 326; 64; 30089; 7
9; r; 436492; 1088; 924; 100; 36491; 7
9; r; 440334; 1088; 885; 98; 40333; 7
9; r; 440974; 1088; 1080; 112; 40973; 3
9; r; 443535; 1088; 475; 73; 43534; 7
9; r; 445456; 1088; 804; 90; 45455; 10
9; r; 455701; 1088; 1006; 106; 55700; 3
9; r; 456982; 1088; 839; 93; 56981; 6
9; r; 459543; 1088; 166; 58; 59542; 13
9; r; 464665; 1088; 394; 66; 64664; 7
9; r; 467226; 1088; 791; 89; 67225; 3
9; r; 476831; 1088; 700; 85; 76830; 8
9; r; 484515; 1088; 391; 65; 84514; 7
9; r; 490278; 1088; 1015; 107; 90277; 2
9; r; 491559; 1088; 841; 94; 91558; 5
9; r; 492840; 1088; 962; 104; 92839; 16
9; r; 493480; 1088; 271; 63; 93479; 13
9; r; 498602; 1088; 486; 75; 98601; 9
9; r; 500523; 1088; 786; 88; 100522; 3
9; r; 505005; 1088; 933; 103; 105004; 10
9; r; 506926; 1088; 682; 84; 106925; 4
9; r; 511407; 1088; 539; 78; 111406; 11
9; r; 516530; 1088; 19; 51; 116529; 12
9; r; 519732; 1088; 534; 77; 119731; 8
9; r; 521653; 1088; 851; 97; 121652; 5
9; r; 529977; 1088; 751; 86; 129976; 11
9; r; 531258; 1088; 1048; 108; 131257; 7
9; r; 534460; 1088; 481; 74; 134459; 6
9; r; 544065; 1088; 62; 54; 144064; 10
9; r; 545346; 1088; 407; 68; 145345; 9
9; r; 549188; 1088; 576; 81; 149187; 6
9; r; 558794; 1088; 93; 55; 158793; 17
9; r; 560715; 1088; 759; 87; 160714; 11
9; r; 567759; 1088; 600; 83; 167758; 12
9; r; 581206; 1088; 255; 62; 181205; 14
9; r; 583127; 1088; 399; 67; 183126; 13
9; r; 585688; 1088; 198; 60; 185687; 16
9; r; 588890; 1088; 846; 95; 188889; 11
9; r; 595294; 1088; 929; 101; 195293; 11
9; r; 597215; 1088; 497; 76; 197214; 13
9; r; 598496; 1088; 174; 59; 198495; 16
9; r; 602339; 1088; 468; 72; 202338; 19
9; r; 606182; 1088; 236; 61; 206181; 19
9; r; 606823; 1088; 1064; 110; 206822; 16
9; r; 608104; 1088; 429; 69; 208103; 15
9; r; 609386; 1088; 810; 91; 209385; 8
9; r; 614510; 1088; 900; 99; 214509; 18
9; r; 617713; 1088; 931; 102; 217712; 12
9; r; 630525; 1088; 543; 80; 230524; 11
9; r; 634368; 1088; 541; 79; 234367; 14
9; r; 646544; 1088; 101; 56; 246543; 18
9; r; 650390; 1088; 21; 52; 250389; 15
9; r; 821768; 1088; 605; 142; 21767; 9
9; r; 827530; 1088; 606; 143; 27529; 6
9; r; 830091; 1088; 111; 117; 30090; 10
9; r; 834573; 1088; 784; 152; 34572; 2
9; r; 835213; 1088; 315; 124; 35212; 8
9; r; 837774; 1088; 679; 147; 37773; 5
9; r; 839695; 1088; 583; 140; 39694; 3
9; r; 846738; 1088; 692; 150; 46737; 11
9; r; 849939; 1088; 690; 149; 49938; 3
9; r; 856342; 1088; 339; 125; 56341; 8
9; r; 859543; 1088; 674; 146; 59542; 7
9; r; 865946; 1088; 885; 153; 65945; 2
9; r; 868507; 1088; 491; 134; 68506; 5
9; r; 871709; 1088; 211; 121; 71708; 14
9; r; 874270; 1088; 245; 123; 74269; 11
9; r; 880032; 1088; 532; 137; 80031; 16
9; r; 890276; 1088; 241; 122; 90275; 11
9; r; 890917; 1088; 75; 115; 90916; 14
9; r; 897320; 1088; 640; 144; 97319; 7
9; r; 908844; 1088; 681; 148; 108843; 9
9; r; 915887; 1088; 452; 133; 115886; 11
9; r; 919729; 1088; 573; 139; 119728; 10
9; r; 920369; 1088; 351; 127; 120368; 9
9; r; 922290; 1088; 169; 119; 122289; 11
9; r; 924211; 1088; 664; 145; 124210; 12
9; r; 925492; 1088; 197; 120; 125491; 13
9; r; 927413; 1088; 1044; 159; 127412; 5
9; r; 930615; 1088; 761; 151; 130614; 9
9; r; 931255; 1088; 108; 116; 131254; 11
9; r; 938297; 1088; 442; 131; 138296; 10
9; r; 940859; 1088; 998; 155; 140858; 8
9; r; 947262; 1088; 7; 113; 147261; 15
9; r; 953665; 1088; 348; 126; 153664; 12
9; r; 956867; 1088; 512; 136; 156866; 8
9; r; 958148; 1088; 120; 118; 158147; 14
9; r; 960069; 1088; 353; 128; 160068; 17
9; r; 972237; 1088; 59; 114; 172236; 17
9; r; 973518; 1088; 446; 132; 173517; 17
9; r; 982487; 1088; 1031; 157; 182486; 20
9; r; 983768; 1088; 1029; 156; 183767; 14
9; r; 985050; 1088; 540; 138; 185049; 20
9; r; 987613; 1088; 369; 129; 187612; 14
9; r; 998506; 1088; 584; 141; 198505; 12
