iter; type; time slot; d_nodes; s_nodes; pid; nslot; nhop
0; r; 33548; 1088; 342; 0; 33480; 13
0; r; 41877; 1088; 327; 17; 31613; 6
0; r; 47002; 1088; 806; 24; 32269; 5
0; r; 54052; 1088; 353; 16; 44160; 13
0; r; 54693; 1088; 985; 49; 24412; 1
0; r; 70073; 1088; 824; 12; 61600; 3
0; r; 71995; 1088; 698; 4; 68974; 8
0; r; 84171; 1088; 78; 27; 67954; 11
0; r; 109165; 1088; 187; 47; 82238; 8
0; r; 113010; 1088; 808; 15; 103171; 4
0; r; 129032; 1088; 414; 22; 114687; 7
0; r; 134799; 1088; 686; 23; 120148; 4
0; r; 142489; 1088; 856; 28; 126228; 2
0; r; 154666; 1088; 490; 1; 153999; 6
0; r; 162355; 1088; 863; 36; 141730; 8
0; r; 173250; 1088; 952; 19; 161168; 1
0; r; 173891; 1088; 39; 10; 165770; 13
0; r; 174532; 1088; 237; 21; 161197; 9
0; r; 184787; 1088; 229; 38; 162473; 6
0; r; 188633; 1088; 120; 29; 171829; 8
0; r; 199528; 1088; 1003; 18; 188960; 6
0; r; 205296; 1088; 404; 13; 195771; 9
0; r; 209142; 1088; 29; 5; 205739; 8
0; r; 215552; 1088; 792; 48; 187071; 8
0; r; 217475; 1088; 556; 3; 215474; 3
0; r; 218115; 1088; 517; 41; 194378; 6
0; r; 221319; 1088; 392; 14; 211583; 4
0; r; 223241; 1088; 451; 42; 199145; 4
0; r; 223881; 1088; 628; 39; 200816; 7
0; r; 225803; 1088; 343; 11; 217379; 10
0; r; 237340; 1088; 1041; 35; 218852; 4
0; r; 241827; 1088; 964; 30; 224637; 8
0; r; 252722; 1088; 615; 50; 221545; 6
0; r; 270026; 1088; 73; 20; 257633; 9
0; r; 273230; 1088; 335; 52; 240845; 10
0; r; 277076; 1088; 53; 7; 270724; 10
0; r; 278358; 1088; 787; 46; 251449; 3
0; r; 279640; 1088; 867; 6; 275135; 8
0; r; 282844; 1088; 718; 9; 276241; 4
0; r; 287972; 1088; 524; 32; 270468; 6
0; r; 314891; 1088; 771; 8; 308413; 6
0; r; 317455; 1088; 990; 2; 315518; 8
0; r; 336681; 1088; 159; 37; 314775; 9
0; r; 339246; 1088; 60; 51; 306898; 10
0; r; 346294; 1088; 463; 25; 330695; 11
0; r; 357833; 1088; 283; 31; 340396; 7
0; r; 362961; 1088; 62; 33; 345218; 11
0; r; 367448; 1088; 93; 26; 351474; 11
0; r; 368730; 1088; 296; 40; 345014; 13
0; r; 397590; 1088; 110; 44; 371243; 15
0; r; 433514; 1088; 74; 34; 415127; 11
0; r; 455945; 1088; 333; 53; 55764; 9
0; r; 456586; 1088; 553; 73; 44653; 5
0; r; 467483; 1088; 979; 66; 61649; 3
0; r; 474534; 1088; 735; 77; 60281; 9
0; r; 484147; 1088; 693; 72; 73194; 9
0; r; 491838; 1088; 1062; 88; 71267; 7
0; r; 502733; 1088; 749; 68; 95122; 4
0; r; 505297; 1088; 283; 81; 87860; 6
0; r; 516192; 1088; 121; 60; 113127; 6
0; r; 517473; 1088; 381; 93; 92328; 8
0; r; 522600; 1088; 638; 85; 103605; 5
0; r; 538620; 1088; 262; 43; 513434; 14
0; r; 544388; 1088; 267; 79; 127426; 10
0; r; 552720; 1088; 615; 97; 121543; 4
0; r; 559130; 1088; 526; 84; 140861; 4
0; r; 564258; 1088; 77; 96; 133107; 11
0; r; 567462; 1088; 415; 75; 154702; 6
0; r; 569384; 1088; 412; 71; 158895; 6
0; r; 572589; 1088; 242; 65; 166785; 9
0; r; 583484; 1088; 1020; 76; 169857; 3
0; r; 593096; 1088; 679; 69; 185219; 4
0; r; 596300; 1088; 20; 64; 190874; 8
0; r; 621934; 1088; 264; 70; 213874; 10
0; r; 624498; 1088; 137; 91; 200890; 11
0; r; 627061; 1088; 31; 45; 600235; 13
0; r; 651419; 1088; 1038; 62; 246688; 6
0; r; 652701; 1088; 831; 56; 250961; 6
0; r; 658469; 1088; 495; 86; 238599; 10
0; r; 666801; 1088; 878; 74; 254062; 4
0; r; 667442; 1088; 308; 80; 250344; 8
0; r; 674490; 1088; 561; 67; 267841; 10
0; r; 680257; 1088; 776; 95; 250899; 4
0; r; 693076; 1088; 468; 63; 287950; 8
0; r; 700766; 1088; 303; 94; 272374; 10
0; r; 708457; 1088; 1066; 87; 287955; 6
0; r; 714226; 1088; 862; 82; 296666; 7
0; r; 714867; 1088; 59; 92; 291166; 9
0; r; 715508; 1088; 797; 78; 300988; 8
0; r; 720638; 1088; 224; 58; 318415; 8
0; r; 721278; 1088; 537; 90; 297992; 6
0; r; 729615; 1088; 306; 61; 326368; 8
0; r; 744363; 1088; 670; 98; 312142; 7
0; r; 746288; 1088; 156; 54; 346059; 8
0; r; 746929; 1088; 213; 59; 344346; 8
0; r; 761674; 1088; 7; 83; 343451; 11
0; r; 773218; 1088; 892; 89; 349942; 9
0; r; 791826; 1088; 210; 57; 389744; 13
0; r; 822636; 1088; 686; 124; 7985; 3
0; r; 836094; 1088; 894; 113; 26983; 9
0; r; 857243; 1088; 680; 99; 56786; 5
0; r; 882234; 1088; 529; 122; 67744; 9
0; r; 893769; 1088; 213; 104; 91186; 9
0; r; 894410; 1088; 938; 150; 67959; 5
0; r; 897615; 1088; 1053; 103; 95298; 1
0; r; 898256; 1088; 162; 115; 88645; 7
0; r; 919405; 1088; 747; 101; 117165; 4
0; r; 922610; 1088; 1020; 119; 108983; 1
0; r; 925814; 1088; 203; 139; 104884; 10
0; r; 926455; 1088; 514; 108; 121307; 8
0; r; 942474; 1088; 229; 143; 120160; 7
0; r; 943755; 1088; 17; 138; 123277; 8
0; r; 946957; 1088; 451; 147; 122861; 5
0; r; 961059; 1088; 733; 130; 144595; 6
0; r; 966826; 1088; 890; 152; 140289; 1
0; r; 970030; 1088; 101; 142; 147796; 11
0; r; 996308; 1088; 1085; 157; 164248; 1
0; r; 998872; 1088; 608; 144; 175492; 4
0; r; 1027712; 1088; 949; 136; 208403; 2
0; r; 1036044; 1088; 963; 117; 223963; 9
0; r; 1036685; 1088; 831; 100; 234945; 7
0; r; 1043095; 1088; 816; 126; 227916; 3
0; r; 1047581; 1088; 559; 149; 221302; 4
0; r; 1051426; 1088; 425; 146; 227568; 4
0; r; 1064888; 1088; 289; 123; 250318; 10
0; r; 1066811; 1088; 639; 107; 261986; 6
0; r; 1067452; 1088; 418; 155; 238201; 6
0; r; 1068734; 1088; 623; 129; 252733; 4
0; r; 1072580; 1088; 641; 116; 261631; 7
0; r; 1075144; 1088; 258; 106; 270919; 6
0; r; 1078347; 1088; 834; 102; 276081; 6
0; r; 1091806; 1088; 521; 140; 270613; 8
0; r; 1093728; 1088; 238; 127; 278266; 10
0; r; 1103341; 1088; 463; 128; 287742; 11
0; r; 1103982; 1088; 517; 145; 280245; 8
0; r; 1130896; 1088; 79; 135; 311859; 10
0; r; 1138587; 1088; 414; 121; 324242; 9
0; r; 1144353; 1088; 637; 153; 315317; 6
0; r; 1160377; 1088; 510; 110; 353336; 6
0; r; 1161018; 1088; 567; 111; 352289; 7
0; r; 1165505; 1088; 234; 118; 352222; 10
0; r; 1167428; 1088; 694; 114; 357885; 8
0; r; 1172555; 1088; 673; 148; 348286; 10
0; r; 1177684; 1088; 38; 137; 357859; 10
0; r; 1182172; 1088; 534; 134; 363261; 8
0; r; 1187942; 1088; 164; 141; 366678; 8
0; r; 1189224; 1088; 6; 154; 360084; 13
0; r; 1196276; 1088; 957; 131; 379059; 7
0; r; 1202044; 1088; 440; 125; 387316; 12
0; r; 1206533; 1088; 7; 132; 388310; 11
0; r; 1207174; 1088; 61; 156; 376409; 9
0; r; 1212304; 1088; 587; 109; 407005; 9
0; r; 1222565; 1088; 924; 105; 418461; 9
0; r; 1238590; 1088; 191; 133; 420245; 12
0; r; 1266168; 1088; 1; 151; 439661; 12
0; r; 1296990; 1088; 706; 158; 464678; 6
1; r; 16028; 1088; 638; 34; 16027; 8
1; r; 25001; 1088; 779; 43; 25000; 3
1; r; 30769; 1088; 515; 26; 30768; 5
1; r; 55123; 1088; 475; 24; 55122; 8
1; r; 62172; 1088; 909; 49; 62171; 5
1; r; 66657; 1088; 375; 16; 66656; 8
1; r; 67939; 1088; 188; 5; 67938; 7
1; r; 69221; 1088; 737; 39; 69220; 5
1; r; 78834; 1088; 588; 31; 78833; 3
1; r; 89088; 1088; 565; 30; 89087; 7
1; r; 101261; 1088; 112; 2; 101260; 9
1; r; 110875; 1088; 28; 0; 110874; 8
1; r; 114079; 1088; 422; 19; 114078; 5
1; r; 116643; 1088; 775; 42; 116642; 5
1; r; 123051; 1088; 340; 14; 123050; 7
1; r; 126255; 1088; 455; 21; 126254; 4
1; r; 135227; 1088; 760; 40; 135226; 10
1; r; 160860; 1088; 321; 11; 160859; 6
1; r; 164706; 1088; 284; 9; 164705; 7
1; r; 167270; 1088; 823; 45; 167269; 2
1; r; 168552; 1088; 893; 48; 168551; 9
1; r; 173679; 1088; 595; 32; 173678; 9
1; r; 197392; 1088; 674; 36; 197391; 7
1; r; 199315; 1088; 202; 7; 199314; 12
1; r; 203161; 1088; 803; 44; 203160; 5
1; r; 205084; 1088; 948; 50; 205083; 3
1; r; 223027; 1088; 850; 47; 223026; 4
1; r; 227513; 1088; 554; 29; 227512; 4
1; r; 233281; 1088; 675; 37; 233280; 7
1; r; 246099; 1088; 367; 15; 246098; 9
1; r; 252507; 1088; 391; 17; 252506; 6
1; r; 262762; 1088; 847; 46; 262761; 5
1; r; 271094; 1088; 474; 23; 271093; 7
1; r; 271735; 1088; 998; 52; 271734; 8
1; r; 283913; 1088; 614; 33; 283912; 5
1; r; 294169; 1088; 521; 27; 294168; 5
1; r; 298015; 1088; 393; 18; 298014; 6
1; r; 299297; 1088; 494; 25; 299296; 6
1; r; 301861; 1088; 61; 1; 301860; 7
1; r; 305707; 1088; 331; 13; 305706; 8
1; r; 311475; 1088; 195; 6; 311474; 8
1; r; 321089; 1088; 663; 35; 321088; 10
1; r; 336479; 1088; 312; 10; 336478; 9
1; r; 342890; 1088; 322; 12; 342889; 6
1; r; 346096; 1088; 553; 28; 346095; 4
1; r; 348019; 1088; 462; 22; 348018; 8
1; r; 350584; 1088; 991; 51; 350583; 9
1; r; 351225; 1088; 1065; 54; 351224; 9
1; r; 357636; 1088; 729; 38; 357635; 8
1; r; 364048; 1088; 182; 4; 364047; 8
1; r; 415976; 1088; 816; 95; 15975; 2
1; r; 428793; 1088; 174; 3; 428792; 9
1; r; 452505; 1088; 650; 87; 52504; 4
1; r; 453787; 1088; 584; 80; 53786; 4
1; r; 465966; 1088; 656; 88; 65965; 3
1; r; 467248; 1088; 615; 84; 67247; 7
1; r; 469811; 1088; 586; 81; 69810; 4
1; r; 470452; 1088; 631; 86; 70451; 8
1; r; 499290; 1088; 741; 91; 99289; 7
1; r; 514032; 1088; 1045; 106; 114031; 3
1; r; 515313; 1088; 355; 67; 115312; 5
1; r; 527488; 1088; 227; 63; 127487; 9
1; r; 538382; 1088; 988; 104; 138381; 1
1; r; 540303; 1088; 558; 77; 140302; 4
1; r; 541585; 1088; 862; 99; 141584; 8
1; r; 542866; 1088; 589; 82; 142865; 5
1; r; 543507; 1088; 570; 78; 143506; 6
1; r; 544148; 1088; 820; 96; 144147; 2
1; r; 551196; 1088; 813; 94; 151195; 3
1; r; 551837; 1088; 896; 100; 151836; 9
1; r; 555683; 1088; 623; 85; 155682; 5
1; r; 558246; 1088; 433; 20; 558245; 10
1; r; 563375; 1088; 1022; 105; 163374; 1
1; r; 569144; 1088; 526; 74; 169143; 5
1; r; 574911; 1088; 721; 90; 174910; 3
1; r; 579398; 1088; 1085; 109; 179397; 1
1; r; 584526; 1088; 155; 59; 184525; 8
1; r; 630669; 1088; 845; 97; 230668; 4
1; r; 636437; 1088; 208; 62; 236436; 9
1; r; 639641; 1088; 408; 70; 239640; 7
1; r; 646690; 1088; 963; 102; 246689; 8
1; r; 648613; 1088; 139; 58; 248612; 12
1; r; 651177; 1088; 812; 93; 251176; 4
1; r; 667202; 1088; 803; 92; 267201; 5
1; r; 669766; 1088; 1062; 108; 269765; 11
1; r; 676175; 1088; 612; 83; 276174; 4
1; r; 680662; 1088; 183; 61; 280661; 8
1; r; 688995; 1088; 445; 71; 288994; 14
1; r; 692841; 1088; 581; 79; 292840; 6
1; r; 695405; 1088; 346; 66; 295404; 7
1; r; 698610; 1088; 539; 75; 298609; 9
1; r; 701815; 1088; 941; 101; 301814; 4
1; r; 731937; 1088; 980; 103; 331936; 3
1; r; 746040; 1088; 407; 69; 346039; 9
1; r; 747963; 1088; 258; 64; 347962; 6
1; r; 766554; 1088; 325; 65; 366553; 6
1; r; 769761; 1088; 67; 56; 369760; 11
1; r; 778738; 1088; 547; 76; 378737; 7
1; r; 796048; 1088; 25; 55; 396047; 10
1; r; 805667; 1088; 484; 72; 405666; 6
1; r; 808873; 1088; 396; 68; 408872; 10
1; r; 842200; 1088; 173; 60; 442199; 13
1; r; 848608; 1088; 129; 57; 448607; 8
1; r; 850531; 1088; 855; 98; 450530; 7
1; r; 854374; 1088; 518; 73; 454373; 6
1; r; 862705; 1088; 1060; 107; 462704; 12
1; r; 886418; 1088; 252; 121; 86417; 7
1; r; 890265; 1088; 175; 117; 90264; 9
1; r; 892827; 1088; 857; 144; 92826; 2
1; r; 894109; 1088; 1074; 150; 94108; 3
1; r; 901158; 1088; 435; 130; 101157; 9
1; r; 903721; 1088; 1048; 148; 103720; 2
1; r; 930637; 1088; 741; 137; 130636; 5
1; r; 933842; 1088; 789; 140; 133841; 3
1; r; 940249; 1088; 1049; 149; 140248; 1
1; r; 944095; 1088; 562; 135; 144094; 10
1; r; 961400; 1088; 158; 115; 161399; 8
1; r; 966527; 1088; 393; 128; 166526; 9
1; r; 971012; 1088; 374; 126; 171011; 7
1; r; 974217; 1088; 447; 131; 174216; 6
1; r; 978064; 1088; 555; 134; 178063; 5
1; r; 981909; 1088; 554; 133; 181908; 4
1; r; 990881; 1088; 847; 143; 190880; 4
1; r; 994727; 1088; 186; 119; 194726; 7
1; r; 1006262; 1088; 38; 111; 206261; 12
1; r; 1006903; 1088; 380; 127; 206902; 7
1; r; 1008825; 1088; 177; 118; 208824; 8
1; r; 1010746; 1088; 603; 136; 210745; 6
1; r; 1017156; 1088; 321; 125; 217155; 8
1; r; 1031255; 1088; 102; 113; 231254; 10
1; r; 1037666; 1088; 269; 123; 237665; 9
1; r; 1047916; 1088; 833; 142; 247915; 10
1; r; 1057531; 1088; 766; 139; 257530; 7
1; r; 1070993; 1088; 257; 122; 270992; 6
1; r; 1076120; 1088; 432; 129; 276119; 12
1; r; 1085733; 1088; 494; 132; 285732; 7
1; r; 1089580; 1088; 222; 120; 289579; 6
1; r; 1097271; 1088; 893; 145; 297270; 11
1; r; 1106885; 1088; 291; 124; 306884; 9
1; r; 1113936; 1088; 800; 141; 313935; 8
1; r; 1124197; 1088; 159; 116; 324196; 10
1; r; 1127401; 1088; 105; 114; 327400; 11
1; r; 1137659; 1088; 894; 146; 337658; 15
1; r; 1139583; 1088; 759; 138; 339582; 12
1; r; 1149200; 1088; 62; 112; 349199; 8
1; r; 1154334; 1088; 966; 147; 354333; 10
1; r; 1178710; 1088; 21; 110; 378709; 10
2; r; 8340; 1088; 919; 32; 8339; 1
2; r; 28205; 1088; 616; 18; 28204; 5
2; r; 33975; 1088; 597; 16; 33974; 9
2; r; 45511; 1088; 787; 21; 45510; 3
2; r; 65376; 1088; 830; 25; 65375; 6
2; r; 74991; 1088; 825; 24; 74990; 14
2; r; 87804; 1088; 331; 8; 87803; 11
2; r; 100624; 1088; 917; 31; 100623; 2
2; r; 116001; 1088; 850; 27; 116000; 2
2; r; 118565; 1088; 871; 29; 118564; 4
2; r; 124975; 1088; 160; 6; 124974; 9
2; r; 137152; 1088; 416; 11; 137151; 5
2; r; 137794; 1088; 848; 26; 137793; 3
2; r; 154458; 1088; 980; 36; 154457; 5
2; r; 159586; 1088; 753; 20; 159585; 4
2; r; 180096; 1088; 41; 1; 180095; 14
2; r; 184582; 1088; 448; 12; 184581; 5
2; r; 187145; 1088; 605; 17; 187144; 8
2; r; 190350; 1088; 903; 30; 190349; 5
2; r; 191632; 1088; 751; 19; 191631; 3
2; r; 196759; 1088; 938; 34; 196758; 4
2; r; 211501; 1088; 452; 13; 211500; 6
2; r; 224320; 1088; 91; 3; 224319; 10
2; r; 246110; 1088; 123; 5; 246109; 9
2; r; 265337; 1088; 301; 7; 265336; 14
2; r; 265977; 1088; 398; 9; 265976; 10
2; r; 280081; 1088; 89; 2; 280080; 10
2; r; 286492; 1088; 490; 15; 286491; 6
2; r; 305095; 1088; 819; 23; 305094; 4
2; r; 307659; 1088; 410; 10; 307658; 7
2; r; 309582; 1088; 867; 28; 309581; 7
2; r; 310223; 1088; 934; 33; 310222; 10
2; r; 313431; 1088; 811; 22; 313430; 6
2; r; 315997; 1088; 15; 0; 315996; 13
2; r; 326264; 1088; 111; 4; 326263; 13
2; r; 375797; 1088; 489; 14; 375796; 7
2; r; 400004; 1088; 1055; 86; 3; 1
2; r; 416033; 1088; 550; 67; 16032; 5
2; r; 438463; 1088; 851; 74; 38462; 2
2; r; 451280; 1088; 698; 70; 51279; 9
2; r; 454483; 1088; 542; 66; 54482; 6
2; r; 460892; 1088; 526; 65; 60891; 4
2; r; 465378; 1088; 601; 68; 65377; 7
2; r; 474351; 1088; 1052; 85; 74350; 1
2; r; 490372; 1088; 1002; 83; 90371; 7
2; r; 491013; 1088; 121; 45; 91012; 10
2; r; 498062; 1088; 976; 81; 98061; 3
2; r; 504470; 1088; 430; 59; 104469; 11
2; r; 505111; 1088; 1049; 84; 105110; 1
2; r; 508957; 1088; 949; 80; 108956; 6
2; r; 526259; 1088; 200; 49; 126258; 9
2; r; 537154; 1088; 1084; 87; 137153; 7
2; r; 540359; 1088; 807; 71; 140358; 5
2; r; 569201; 1088; 219; 50; 169200; 6
2; r; 573046; 1088; 635; 69; 173045; 8
2; r; 581378; 1088; 482; 62; 181377; 6
2; r; 584583; 1088; 483; 63; 184582; 5
2; r; 605093; 1088; 433; 60; 205092; 9
2; r; 616628; 1088; 367; 57; 216627; 10
2; r; 628164; 1088; 26; 39; 228163; 9
2; r; 628804; 1088; 928; 79; 228803; 7
2; r; 637137; 1088; 21; 38; 237136; 11
2; r; 641623; 1088; 267; 52; 241622; 13
2; r; 644827; 1088; 124; 46; 244826; 8
2; r; 653158; 1088; 918; 78; 253157; 2
2; r; 658286; 1088; 30; 40; 258285; 8
2; r; 659568; 1088; 846; 73; 259567; 5
2; r; 660209; 1088; 363; 56; 260208; 9
2; r; 671745; 1088; 105; 44; 271744; 12
2; r; 680717; 1088; 448; 61; 280716; 7
2; r; 690971; 1088; 996; 82; 290970; 7
2; r; 699942; 1088; 495; 64; 299941; 12
2; r; 701865; 1088; 826; 72; 301864; 9
2; r; 703147; 1088; 297; 54; 303146; 12
2; r; 717251; 1088; 320; 55; 317250; 7
2; r; 731354; 1088; 237; 51; 331353; 12
2; r; 751229; 1088; 50; 42; 351228; 10
2; r; 753155; 1088; 897; 76; 353154; 7
2; r; 758927; 1088; 269; 53; 358926; 9
2; r; 760851; 1088; 4; 37; 360850; 11
2; r; 764059; 1088; 143; 48; 364058; 10
2; r; 765342; 1088; 136; 47; 365341; 11
2; r; 780735; 1088; 429; 58; 380734; 11
2; r; 781376; 1088; 66; 43; 381375; 13
2; r; 784582; 1088; 860; 75; 384581; 8
2; r; 796770; 1088; 36; 41; 396769; 13
2; r; 806386; 1088; 888; 134; 6385; 1
2; r; 811512; 1088; 706; 116; 11511; 6
2; r; 821125; 1088; 519; 107; 21124; 5
2; r; 841632; 1088; 820; 127; 41631; 3
2; r; 842273; 1088; 635; 115; 42272; 10
2; r; 846760; 1088; 850; 132; 46759; 2
2; r; 869188; 1088; 1014; 140; 69187; 2
2; r; 882645; 1088; 228; 95; 82644; 6
2; r; 905076; 1088; 969; 138; 105075; 5
2; r; 910846; 1088; 411; 100; 110845; 6
2; r; 911487; 1088; 1010; 139; 111486; 4
2; r; 925585; 1088; 875; 133; 125584; 3
2; r; 944809; 1088; 13; 89; 144808; 11
2; r; 948014; 1088; 580; 111; 148013; 5
2; r; 949296; 1088; 895; 135; 149295; 10
2; r; 951218; 1088; 899; 77; 551217; 8
2; r; 969802; 1088; 835; 130; 169801; 7
2; r; 980056; 1088; 507; 106; 180055; 7
2; r; 987105; 1088; 828; 129; 187104; 9
2; r; 1001846; 1088; 812; 124; 201845; 5
2; r; 1003769; 1088; 821; 128; 203768; 2
2; r; 1005051; 1088; 816; 126; 205050; 3
2; r; 1007615; 1088; 839; 131; 207614; 5
2; r; 1014025; 1088; 797; 122; 214024; 7
2; r; 1016589; 1088; 590; 112; 216588; 4
2; r; 1019794; 1088; 538; 108; 219793; 7
2; r; 1035176; 1088; 815; 125; 235175; 2
2; r; 1037099; 1088; 608; 113; 237098; 5
2; r; 1064017; 1088; 712; 117; 264016; 7
2; r; 1065940; 1088; 454; 102; 265939; 6
2; r; 1069785; 1088; 771; 121; 269784; 7
2; r; 1072990; 1088; 808; 123; 272989; 5
2; r; 1080040; 1088; 484; 103; 280039; 7
2; r; 1086449; 1088; 751; 119; 286448; 5
2; r; 1090936; 1088; 333; 97; 290935; 10
2; r; 1108883; 1088; 757; 120; 308882; 5
2; r; 1113371; 1088; 1062; 142; 313370; 7
2; r; 1122985; 1088; 928; 136; 322984; 10
2; r; 1124267; 1088; 575; 110; 324266; 7
2; r; 1135165; 1088; 380; 99; 335164; 8
2; r; 1151828; 1088; 738; 118; 351827; 7
2; r; 1160161; 1088; 612; 114; 360160; 5
2; r; 1160801; 1088; 966; 137; 360800; 7
2; r; 1168495; 1088; 42; 90; 368494; 13
2; r; 1174267; 1088; 442; 101; 374266; 6
2; r; 1176832; 1088; 100; 91; 376831; 10
2; r; 1187095; 1088; 501; 105; 387094; 8
2; r; 1200564; 1088; 150; 93; 400563; 10
2; r; 1218523; 1088; 174; 94; 418522; 12
2; r; 1219164; 1088; 243; 96; 419163; 10
2; r; 1231990; 1088; 552; 109; 431989; 4
2; r; 1235841; 1088; 0; 88; 435840; 12
2; r; 1250589; 1088; 1044; 141; 450588; 5
2; r; 1254443; 1088; 351; 98; 454442; 8
2; r; 1258294; 1088; 499; 104; 458293; 10
3; r; 18601; 1088; 813; 47; 18600; 3
3; r; 32700; 1088; 893; 52; 32699; 11
3; r; 35905; 1088; 983; 57; 35904; 2
3; r; 42315; 1088; 887; 51; 42314; 2
3; r; 50008; 1088; 823; 48; 50007; 3
3; r; 69875; 1088; 785; 45; 69874; 6
3; r; 76283; 1088; 780; 43; 76282; 5
3; r; 82693; 1088; 338; 22; 82692; 9
3; r; 95510; 1088; 937; 53; 95509; 5
3; r; 105765; 1088; 777; 42; 105764; 5
3; r; 113452; 1088; 154; 8; 113451; 7
3; r; 114733; 1088; 241; 15; 114732; 9
3; r; 115374; 1088; 752; 40; 115373; 3
3; r; 116656; 1088; 884; 50; 116655; 3
3; r; 123066; 1088; 782; 44; 123065; 3
3; r; 135240; 1088; 393; 25; 135239; 5
3; r; 136522; 1088; 457; 27; 136521; 6
3; r; 141009; 1088; 297; 18; 141008; 13
3; r; 144213; 1088; 1054; 60; 144212; 1
3; r; 147418; 1088; 303; 19; 147417; 11
3; r; 154467; 1088; 320; 20; 154466; 7
3; r; 159594; 1088; 956; 56; 159593; 1
3; r; 172413; 1088; 579; 33; 172412; 8
3; r; 188438; 1088; 107; 3; 188437; 10
3; r; 200616; 1088; 949; 55; 200615; 2
3; r; 201898; 1088; 230; 13; 201897; 9
3; r; 209588; 1088; 624; 34; 209587; 5
3; r; 212151; 1088; 520; 30; 212150; 4
3; r; 215355; 1088; 210; 11; 215354; 10
3; r; 221765; 1088; 44; 1; 221764; 10
3; r; 223688; 1088; 682; 38; 223687; 4
3; r; 251887; 1088; 522; 31; 251886; 4
3; r; 256373; 1088; 283; 17; 256372; 7
3; r; 262142; 1088; 490; 29; 262141; 4
3; r; 263424; 1088; 322; 21; 263423; 7
3; r; 269193; 1088; 410; 26; 269192; 10
3; r; 271757; 1088; 732; 39; 271756; 9
3; r; 273680; 1088; 1035; 59; 273679; 7
3; r; 276885; 1088; 939; 54; 276884; 6
3; r; 278167; 1088; 352; 23; 278166; 5
3; r; 282013; 1088; 120; 5; 282012; 6
3; r; 296112; 1088; 797; 46; 296111; 7
3; r; 296753; 1088; 628; 35; 296752; 8
3; r; 316621; 1088; 202; 10; 316620; 10
3; r; 335207; 1088; 235; 14; 335206; 10
3; r; 340976; 1088; 564; 32; 340975; 10
3; r; 341617; 1088; 825; 49; 341616; 9
3; r; 344181; 1088; 211; 12; 344180; 10
3; r; 352515; 1088; 355; 24; 352514; 5
3; r; 355720; 1088; 1028; 58; 355719; 8
3; r; 357002; 1088; 117; 4; 357001; 9
3; r; 360845; 1088; 99; 2; 360844; 14
3; r; 366614; 1088; 475; 28; 366613; 8
3; r; 374947; 1088; 634; 37; 374946; 7
3; r; 398671; 1088; 131; 6; 398670; 12
3; r; 414701; 1088; 272; 16; 414700; 9
3; r; 421108; 1088; 629; 36; 421107; 9
3; r; 421749; 1088; 194; 9; 421748; 10
3; r; 424955; 1088; 147; 62; 24954; 9
3; r; 430082; 1088; 39; 0; 430081; 12
3; r; 434565; 1088; 571; 82; 34564; 7
3; r; 448662; 1088; 886; 98; 48661; 2
3; r; 458274; 1088; 720; 89; 58273; 2
3; r; 462120; 1088; 921; 102; 62119; 3
3; r; 481985; 1088; 195; 66; 81984; 8
3; r; 496084; 1088; 945; 104; 96083; 3
3; r; 505056; 1088; 468; 78; 105055; 8
3; r; 506338; 1088; 877; 97; 106337; 4
3; r; 518513; 1088; 160; 64; 118512; 8
3; r; 521076; 1088; 746; 92; 121075; 4
3; r; 536458; 1088; 909; 101; 136457; 4
3; r; 541585; 1088; 215; 68; 141584; 9
3; r; 542867; 1088; 778; 94; 142866; 4
3; r; 555046; 1088; 375; 75; 155045; 8
3; r; 566584; 1088; 291; 72; 166583; 6
3; r; 567866; 1088; 153; 63; 167865; 13
3; r; 578762; 1088; 671; 87; 178761; 13
3; r; 587735; 1088; 650; 86; 187734; 4
3; r; 591580; 1088; 591; 84; 191579; 7
3; r; 596708; 1088; 542; 81; 196707; 7
3; r; 597349; 1088; 1062; 106; 197348; 7
3; r; 603117; 1088; 279; 70; 203116; 8
3; r; 610166; 1088; 605; 85; 210165; 6
3; r; 611448; 1088; 896; 99; 211447; 7
3; r; 619139; 1088; 412; 76; 219138; 7
3; r; 631956; 1088; 1063; 107; 231955; 6
3; r; 637082; 1088; 713; 88; 237081; 5
3; r; 646055; 1088; 227; 69; 246054; 6
3; r; 659516; 1088; 494; 79; 259515; 5
3; r; 674258; 1088; 577; 83; 274257; 5
3; r; 685152; 1088; 725; 90; 285151; 5
3; r; 699891; 1088; 1028; 105; 299890; 10
3; r; 712070; 1088; 732; 91; 312069; 9
3; r; 743483; 1088; 206; 67; 343482; 8
3; r; 751818; 1088; 758; 93; 351817; 2
3; r; 752459; 1088; 192; 65; 352458; 9
3; r; 762075; 1088; 289; 71; 362074; 8
3; r; 767849; 1088; 796; 96; 367848; 7
3; r; 769131; 1088; 301; 73; 369130; 12
3; r; 769772; 1088; 87; 61; 369771; 10
3; r; 780031; 1088; 897; 100; 380030; 7
3; r; 788371; 1088; 791; 95; 388370; 4
3; r; 789012; 1088; 924; 103; 389011; 8
3; r; 833901; 1088; 150; 7; 833900; 12
3; r; 836465; 1088; 842; 140; 36464; 3
3; r; 840311; 1088; 333; 74; 440310; 11
3; r; 846078; 1088; 433; 77; 446077; 10
3; r; 849924; 1088; 359; 121; 49923; 5
3; r; 869145; 1088; 1016; 146; 69144; 1
3; r; 876834; 1088; 236; 118; 76833; 10
3; r; 878756; 1088; 522; 127; 78755; 4
3; r; 894135; 1088; 944; 142; 94134; 3
3; r; 902466; 1088; 518; 126; 102465; 5
3; r; 903107; 1088; 755; 137; 103106; 3
3; r; 913361; 1088; 715; 134; 113360; 4
3; r; 916565; 1088; 716; 135; 116564; 3
3; r; 945404; 1088; 817; 139; 145403; 3
3; r; 951812; 1088; 215; 115; 151811; 7
3; r; 952453; 1088; 79; 110; 152452; 14
3; r; 969115; 1088; 479; 125; 169114; 5
3; r; 970396; 1088; 543; 129; 170395; 7
3; r; 985137; 1088; 119; 112; 185136; 9
3; r; 989624; 1088; 978; 145; 189623; 3
3; r; 991546; 1088; 714; 133; 191545; 5
3; r; 996034; 1088; 783; 138; 196033; 3
3; r; 1011414; 1088; 660; 132; 211413; 11
3; r; 1013978; 1088; 358; 120; 213977; 5
3; r; 1015260; 1088; 191; 113; 215259; 12
3; r; 1019106; 1088; 223; 116; 219105; 7
3; r; 1028079; 1088; 967; 144; 228078; 7
3; r; 1031924; 1088; 938; 141; 231923; 8
3; r; 1033206; 1088; 528; 128; 233205; 9
3; r; 1033847; 1088; 426; 123; 233846; 5
3; r; 1052432; 1088; 303; 119; 252431; 11
3; r; 1053714; 1088; 428; 124; 253713; 5
3; r; 1065249; 1088; 205; 114; 265248; 8
3; r; 1067812; 1088; 25; 108; 267811; 9
3; r; 1080631; 1088; 70; 109; 280630; 10
3; r; 1092810; 1088; 652; 131; 292809; 5
3; r; 1093451; 1088; 632; 130; 293450; 9
3; r; 1101143; 1088; 1040; 148; 301142; 11
3; r; 1101784; 1088; 235; 117; 301783; 10
3; r; 1105631; 1088; 957; 143; 305630; 11
3; r; 1112041; 1088; 723; 136; 312040; 5
3; r; 1186456; 1088; 117; 111; 386455; 9
3; r; 1196082; 1088; 1023; 147; 396081; 8
3; r; 1237365; 1088; 424; 122; 437364; 6
4; r; 17963; 1088; 1067; 45; 17962; 5
4; r; 42318; 1088; 1043; 44; 42317; 4
4; r; 42959; 1088; 451; 22; 42958; 6
4; r; 49367; 1088; 819; 38; 49366; 2
4; r; 71155; 1088; 365; 18; 71154; 11
4; r; 91023; 1088; 146; 2; 91022; 8
4; r; 92305; 1088; 336; 15; 92304; 9
4; r; 100635; 1088; 815; 37; 100634; 3
4; r; 114731; 1088; 538; 27; 114730; 13
4; r; 126906; 1088; 712; 33; 126905; 3
4; r; 134598; 1088; 465; 23; 134597; 9
4; r; 141007; 1088; 813; 36; 141006; 3
4; r; 143570; 1088; 789; 35; 143569; 3
4; r; 149338; 1088; 501; 26; 149337; 9
4; r; 155106; 1088; 649; 32; 155105; 7
4; r; 155747; 1088; 878; 39; 155746; 3
4; r; 167281; 1088; 413; 20; 167280; 5
4; r; 167922; 1088; 1034; 42; 167921; 9
4; r; 178817; 1088; 435; 21; 178816; 11
4; r; 180098; 1088; 563; 30; 180097; 12
4; r; 185865; 1088; 278; 12; 185864; 9
4; r; 192916; 1088; 208; 9; 192915; 8
4; r; 203169; 1088; 646; 31; 203168; 4
4; r; 206374; 1088; 472; 24; 206373; 7
4; r; 219832; 1088; 492; 25; 219831; 5
4; r; 223678; 1088; 246; 11; 223677; 9
4; r; 233933; 1088; 197; 8; 233932; 6
4; r; 235215; 1088; 903; 40; 235214; 4
4; r; 241623; 1088; 544; 28; 241622; 7
4; r; 244827; 1088; 1040; 43; 244826; 7
4; r; 275594; 1088; 299; 13; 275593; 11
4; r; 278799; 1088; 554; 29; 278798; 5
4; r; 279439; 1088; 84; 1; 279438; 13
4; r; 297392; 1088; 174; 6; 297391; 10
4; r; 300597; 1088; 3; 0; 300596; 10
4; r; 301238; 1088; 156; 4; 301237; 8
4; r; 302520; 1088; 355; 16; 302519; 9
4; r; 307012; 1088; 759; 34; 307011; 9
4; r; 328173; 1088; 180; 7; 328172; 10
4; r; 330096; 1088; 223; 10; 330095; 6
4; r; 333303; 1088; 170; 5; 333302; 11
4; r; 339719; 1088; 969; 41; 339718; 8
4; r; 400792; 1088; 922; 92; 791; 1
4; r; 412971; 1088; 976; 98; 12970; 3
4; r; 419379; 1088; 1087; 102; 19378; 1
4; r; 437966; 1088; 541; 77; 37965; 7
4; r; 451420; 1088; 531; 76; 51419; 9
4; r; 459110; 1088; 1024; 100; 59109; 7
4; r; 479619; 1088; 818; 86; 79618; 3
4; r; 490515; 1088; 1053; 101; 90514; 1
4; r; 493079; 1088; 954; 95; 93078; 1
4; r; 495001; 1088; 959; 96; 95000; 8
4; r; 505256; 1088; 545; 78; 105255; 5
4; r; 506538; 1088; 878; 90; 106537; 3
4; r; 517433; 1088; 916; 91; 117432; 2
4; r; 524482; 1088; 222; 59; 124481; 6
4; r; 529609; 1088; 136; 52; 129608; 9
4; r; 530250; 1088; 791; 85; 130249; 2
4; r; 534737; 1088; 194; 57; 134736; 6
4; r; 541145; 1088; 369; 67; 141144; 11
4; r; 541786; 1088; 611; 80; 141785; 5
4; r; 548196; 1088; 940; 94; 148195; 6
4; r; 566783; 1088; 856; 88; 166782; 3
4; r; 569347; 1088; 308; 63; 169346; 9
4; r; 577679; 1088; 238; 60; 177678; 10
4; r; 580884; 1088; 384; 70; 180883; 5
4; r; 583447; 1088; 555; 79; 183446; 4
4; r; 596907; 1088; 939; 93; 196906; 5
4; r; 611009; 1088; 5; 46; 211008; 10
4; r; 611650; 1088; 219; 58; 211649; 7
4; r; 630878; 1088; 726; 83; 230877; 8
4; r; 634724; 1088; 658; 82; 234723; 3
4; r; 639852; 1088; 291; 61; 239851; 7
4; r; 645619; 1088; 321; 65; 245618; 7
4; r; 646901; 1088; 409; 72; 246900; 5
4; r; 662924; 1088; 114; 51; 262923; 13
4; r; 685353; 1088; 171; 55; 285352; 13
4; r; 689199; 1088; 16; 47; 289198; 8
4; r; 697531; 1088; 820; 87; 297530; 4
4; r; 699454; 1088; 317; 64; 299453; 8
4; r; 700095; 1088; 373; 68; 300094; 6
4; r; 706505; 1088; 390; 71; 306504; 5
4; r; 730864; 1088; 497; 75; 330863; 11
4; r; 745609; 1088; 374; 69; 345608; 8
4; r; 749456; 1088; 188; 56; 349455; 7
4; r; 769970; 1088; 445; 73; 369969; 5
4; r; 770611; 1088; 985; 99; 370610; 3
4; r; 774461; 1088; 739; 84; 374460; 8
4; r; 784721; 1088; 84; 49; 384720; 11
4; r; 785362; 1088; 85; 50; 385361; 14
4; r; 809085; 1088; 862; 89; 409084; 9
4; r; 814213; 1088; 55; 105; 14212; 8
4; r; 816136; 1088; 167; 54; 416135; 11
4; r; 826390; 1088; 606; 133; 26389; 6
4; r; 841772; 1088; 49; 104; 41771; 9
4; r; 845617; 1088; 366; 66; 445616; 9
4; r; 852026; 1088; 161; 53; 452025; 9
4; r; 861639; 1088; 913; 150; 61638; 2
4; r; 877021; 1088; 242; 115; 77020; 9
4; r; 880226; 1088; 471; 74; 480225; 10
4; r; 884072; 1088; 914; 151; 84071; 2
4; r; 888559; 1088; 819; 144; 88558; 7
4; r; 893047; 1088; 573; 131; 93046; 8
4; r; 901378; 1088; 743; 142; 101377; 4
4; r; 903941; 1088; 801; 143; 103940; 6
4; r; 912274; 1088; 406; 122; 112273; 7
4; r; 926375; 1088; 400; 119; 126374; 8
4; r; 934063; 1088; 849; 147; 134062; 3
4; r; 947522; 1088; 83; 48; 547521; 10
4; r; 950727; 1088; 636; 135; 150726; 8
4; r; 954573; 1088; 980; 154; 154572; 3
4; r; 975082; 1088; 558; 129; 175081; 4
4; r; 977005; 1088; 686; 139; 177004; 3
4; r; 996233; 1088; 108; 107; 196232; 10
4; r; 1012257; 1088; 449; 125; 212256; 9
4; r; 1018025; 1088; 973; 153; 218024; 5
4; r; 1022510; 1088; 672; 138; 222509; 6
4; r; 1028920; 1088; 853; 148; 228919; 2
4; r; 1042379; 1088; 403; 120; 242378; 8
4; r; 1055839; 1088; 703; 141; 255838; 6
4; r; 1057762; 1088; 404; 121; 257761; 8
4; r; 1058403; 1088; 556; 128; 258402; 5
4; r; 1061607; 1088; 176; 111; 261606; 9
4; r; 1062248; 1088; 646; 136; 262247; 5
4; r; 1078909; 1088; 831; 146; 278908; 7
4; r; 1084677; 1088; 822; 145; 284676; 3
4; r; 1114798; 1088; 896; 149; 314797; 9
4; r; 1121848; 1088; 993; 155; 321847; 8
4; r; 1122489; 1088; 626; 134; 322488; 5
4; r; 1128899; 1088; 926; 152; 328898; 7
4; r; 1135309; 1088; 438; 123; 335308; 7
4; r; 1135950; 1088; 227; 113; 335949; 9
4; r; 1142359; 1088; 505; 126; 342358; 11
4; r; 1148130; 1088; 439; 124; 348129; 9
4; r; 1160951; 1088; 61; 106; 360950; 7
4; r; 1162875; 1088; 303; 118; 362874; 9
4; r; 1170568; 1088; 142; 110; 370567; 9
4; r; 1176337; 1088; 1002; 156; 376336; 11
4; r; 1177619; 1088; 29; 103; 377618; 12
4; r; 1185953; 1088; 246; 116; 385952; 7
4; r; 1194286; 1088; 240; 114; 394285; 8
4; r; 1199418; 1088; 566; 130; 399417; 13
4; r; 1201344; 1088; 1057; 159; 401343; 9
4; r; 1201985; 1088; 1025; 158; 401984; 9
4; r; 1203908; 1088; 291; 117; 403907; 8
4; r; 1205834; 1088; 1068; 160; 405833; 5
4; r; 1212246; 1088; 660; 137; 412245; 11
4; r; 1224429; 1088; 132; 109; 424428; 13
4; r; 1230204; 1088; 603; 132; 430203; 10
4; r; 1244325; 1088; 112; 108; 444324; 11
4; r; 1244966; 1088; 542; 127; 444965; 7
4; r; 1246249; 1088; 1024; 157; 446248; 13
4; r; 1246890; 1088; 696; 140; 446889; 11
4; r; 1283492; 1088; 198; 112; 483491; 10
5; r; 32061; 1088; 407; 18; 32060; 10
5; r; 33343; 1088; 945; 49; 33342; 3
5; r; 39111; 1088; 1010; 53; 39110; 4
5; r; 42956; 1088; 305; 10; 42955; 9
5; r; 53850; 1088; 90; 2; 53849; 7
5; r; 63463; 1088; 357; 13; 63462; 5
5; r; 71794; 1088; 668; 34; 71793; 7
5; r; 80765; 1088; 790; 40; 80764; 2
5; r; 85891; 1088; 299; 9; 85890; 13
5; r; 86532; 1088; 218; 8; 86531; 9
5; r; 111527; 1088; 952; 50; 111526; 1
5; r; 115373; 1088; 625; 30; 115372; 6
5; r; 135879; 1088; 747; 37; 135878; 4
5; r; 148697; 1088; 510; 22; 148696; 7
5; r; 185226; 1088; 807; 41; 185225; 4
5; r; 187148; 1088; 524; 25; 187147; 5
5; r; 189071; 1088; 533; 26; 189070; 10
5; r; 190353; 1088; 833; 43; 190352; 5
5; r; 190994; 1088; 655; 33; 190993; 5
5; r; 199965; 1088; 354; 12; 199964; 5
5; r; 200605; 1088; 1069; 55; 200604; 7
5; r; 207014; 1088; 715; 35; 207013; 3
5; r; 208296; 1088; 600; 29; 208295; 10
5; r; 212783; 1088; 377; 15; 212782; 7
5; r; 218550; 1088; 772; 39; 218549; 5
5; r; 219832; 1088; 762; 38; 219831; 9
5; r; 239700; 1088; 862; 45; 239699; 8
5; r; 246110; 1088; 434; 20; 246109; 8
5; r; 250596; 1088; 808; 42; 250595; 5
5; r; 256364; 1088; 463; 21; 256363; 10
5; r; 276872; 1088; 522; 24; 276871; 6
5; r; 277513; 1088; 516; 23; 277512; 7
5; r; 282000; 1088; 942; 48; 281999; 5
5; r; 298664; 1088; 427; 19; 298663; 4
5; r; 299304; 1088; 209; 7; 299303; 8
5; r; 313405; 1088; 402; 17; 313404; 11
5; r; 314046; 1088; 835; 44; 314045; 7
5; r; 316609; 1088; 895; 46; 316608; 6
5; r; 324301; 1088; 639; 31; 324300; 6
5; r; 348659; 1088; 732; 36; 348658; 7
5; r; 362762; 1088; 643; 32; 362761; 7
5; r; 366608; 1088; 928; 47; 366607; 7
5; r; 381996; 1088; 1057; 54; 381995; 10
5; r; 383279; 1088; 346; 11; 383278; 8
5; r; 387768; 1088; 45; 1; 387767; 9
5; r; 390332; 1088; 564; 28; 390331; 8
5; r; 392897; 1088; 1004; 52; 392896; 6
5; r; 395463; 1088; 972; 51; 395462; 6
5; r; 403160; 1088; 108; 3; 403159; 10
5; r; 421747; 1088; 401; 16; 421746; 10
5; r; 429437; 1088; 403; 80; 29436; 8
5; r; 433923; 1088; 473; 84; 33922; 6
5; r; 436487; 1088; 195; 6; 436486; 6
5; r; 445455; 1088; 483; 85; 45454; 6
5; r; 448018; 1088; 142; 4; 448017; 10
5; r; 480702; 1088; 340; 75; 80701; 9
5; r; 487752; 1088; 582; 90; 87751; 5
5; r; 505696; 1088; 541; 87; 105695; 8
5; r; 507618; 1088; 838; 97; 107617; 5
5; r; 532612; 1088; 290; 68; 132611; 6
5; r; 535174; 1088; 825; 96; 135173; 11
5; r; 537738; 1088; 364; 14; 537737; 13
5; r; 548633; 1088; 335; 74; 148632; 9
5; r; 553119; 1088; 363; 77; 153118; 9
5; r; 573629; 1088; 456; 82; 173628; 6
5; r; 578757; 1088; 886; 99; 178756; 2
5; r; 580039; 1088; 651; 92; 180038; 6
5; r; 590292; 1088; 313; 73; 190291; 8
5; r; 592215; 1088; 199; 64; 192214; 12
5; r; 599906; 1088; 989; 103; 199905; 1
5; r; 603110; 1088; 977; 102; 203109; 3
5; r; 606315; 1088; 1030; 104; 206314; 5
5; r; 607597; 1088; 628; 91; 207596; 10
5; r; 610161; 1088; 365; 78; 210160; 13
5; r; 614006; 1088; 446; 81; 214005; 5
5; r; 630667; 1088; 305; 71; 230666; 9
5; r; 638998; 1088; 296; 69; 238997; 6
5; r; 656943; 1088; 205; 65; 256942; 12
5; r; 663994; 1088; 671; 93; 263993; 9
5; r; 672966; 1088; 307; 72; 272965; 8
5; r; 687066; 1088; 361; 76; 287065; 5
5; r; 688348; 1088; 275; 67; 288347; 8
5; r; 688989; 1088; 178; 63; 288988; 12
5; r; 699885; 1088; 529; 86; 299884; 12
5; r; 714628; 1088; 468; 83; 314627; 8
5; r; 719115; 1088; 970; 101; 319114; 8
5; r; 724884; 1088; 936; 100; 324883; 10
5; r; 726806; 1088; 22; 56; 326805; 9
5; r; 733216; 1088; 150; 62; 333215; 9
5; r; 738344; 1088; 210; 66; 338343; 9
5; r; 740266; 1088; 102; 60; 340265; 11
5; r; 748600; 1088; 542; 88; 348599; 9
5; r; 754369; 1088; 572; 89; 354368; 7
5; r; 760138; 1088; 145; 61; 360137; 7
5; r; 771036; 1088; 67; 58; 371035; 10
5; r; 776810; 1088; 299; 70; 376809; 9
5; r; 801185; 1088; 369; 79; 401184; 8
5; r; 808235; 1088; 87; 59; 408234; 13
5; r; 808876; 1088; 731; 94; 408875; 10
5; r; 812723; 1088; 555; 131; 12722; 4
5; r; 817211; 1088; 783; 140; 17210; 3
5; r; 819134; 1088; 782; 95; 419133; 6
5; r; 822338; 1088; 806; 143; 22337; 5
5; r; 835155; 1088; 756; 139; 35154; 2
5; r; 843487; 1088; 34; 57; 443486; 12
5; r; 869122; 1088; 785; 141; 69121; 2
5; r; 870404; 1088; 420; 124; 70403; 5
5; r; 878736; 1088; 790; 142; 78735; 4
5; r; 881299; 1088; 525; 128; 81298; 4
5; r; 882581; 1088; 359; 120; 82580; 6
5; r; 887068; 1088; 1063; 105; 487067; 9
5; r; 896040; 1088; 517; 127; 96039; 7
5; r; 901168; 1088; 514; 125; 101167; 5
5; r; 913347; 1088; 609; 134; 113346; 7
5; r; 921677; 1088; 1043; 154; 121676; 4
5; r; 925522; 1088; 589; 132; 125521; 4
5; r; 940903; 1088; 694; 137; 140902; 9
5; r; 947312; 1088; 76; 109; 147311; 11
5; r; 949235; 1088; 999; 147; 149234; 6
5; r; 951157; 1088; 1077; 156; 151156; 3
5; r; 966537; 1088; 1028; 152; 166536; 8
5; r; 971023; 1088; 156; 113; 171022; 10
5; r; 972946; 1088; 344; 119; 172945; 9
5; r; 978715; 1088; 1007; 148; 178714; 7
5; r; 991532; 1088; 978; 146; 191531; 5
5; r; 996659; 1088; 1026; 150; 196658; 9
5; r; 999223; 1088; 1054; 155; 199222; 1
5; r; 1015887; 1088; 685; 136; 215886; 5
5; r; 1022937; 1088; 196; 117; 222936; 10
5; r; 1027423; 1088; 753; 138; 227422; 3
5; r; 1030627; 1088; 102; 110; 230626; 9
5; r; 1067159; 1088; 516; 126; 267158; 5
5; r; 1083826; 1088; 537; 130; 283825; 6
5; r; 1110104; 1088; 1030; 153; 310103; 8
5; r; 1115233; 1088; 246; 118; 315232; 10
5; r; 1126767; 1088; 106; 111; 326766; 11
5; r; 1129971; 1088; 1027; 151; 329970; 9
5; r; 1130612; 1088; 190; 115; 330611; 7
5; r; 1133176; 1088; 195; 116; 333175; 9
5; r; 1133816; 1088; 148; 112; 333815; 8
5; r; 1138944; 1088; 531; 129; 338943; 10
5; r; 1143432; 1088; 399; 123; 343431; 9
5; r; 1151767; 1088; 824; 144; 351766; 5
5; r; 1153049; 1088; 965; 145; 353048; 9
5; r; 1161383; 1088; 164; 114; 361382; 10
5; r; 1170360; 1088; 29; 107; 370359; 11
5; r; 1199871; 1088; 595; 133; 399870; 11
5; r; 1215921; 1088; 23; 106; 415920; 13
5; r; 1218487; 1088; 394; 122; 418486; 6
5; r; 1221055; 1088; 1025; 149; 421054; 10
5; r; 1238396; 1088; 43; 108; 438395; 9
5; r; 1256447; 1088; 386; 121; 456446; 7
6; r; 6415; 1088; 1054; 52; 6414; 1
6; r; 7697; 1088; 716; 32; 7696; 3
6; r; 32692; 1088; 990; 49; 32691; 7
6; r; 38460; 1088; 907; 44; 38459; 5
6; r; 48074; 1088; 967; 47; 48073; 7
6; r; 51277; 1088; 781; 38; 51276; 3
6; r; 61533; 1088; 46; 3; 61532; 10
6; r; 64737; 1088; 1009; 50; 64736; 3
6; r; 76274; 1088; 479; 24; 76273; 5
6; r; 83966; 1088; 1079; 54; 83965; 2
6; r; 84607; 1088; 806; 39; 84606; 5
6; r; 86529; 1088; 209; 10; 86528; 8
6; r; 100630; 1088; 1068; 53; 100629; 5
6; r; 103834; 1088; 883; 43; 103833; 3
6; r; 117293; 1088; 351; 20; 117292; 5
6; r; 117933; 1088; 192; 9; 117932; 10
6; r; 120497; 1088; 767; 37; 120496; 10
6; r; 125624; 1088; 731; 33; 125623; 8
6; r; 133314; 1088; 629; 30; 133313; 9
6; r; 148050; 1088; 327; 18; 148049; 6
6; r; 161508; 1088; 660; 31; 161507; 10
6; r; 164071; 1088; 189; 8; 164070; 7
6; r; 165994; 1088; 762; 36; 165993; 8
6; r; 169199; 1088; 537; 27; 169198; 7
6; r; 169840; 1088; 408; 23; 169839; 8
6; r; 171763; 1088; 41; 2; 171762; 12
6; r; 176249; 1088; 508; 26; 176248; 8
6; r; 187785; 1088; 829; 41; 187784; 10
6; r; 188426; 1088; 277; 15; 188425; 8
6; r; 190990; 1088; 617; 29; 190989; 3
6; r; 194835; 1088; 1039; 51; 194834; 4
6; r; 196117; 1088; 115; 5; 196116; 8
6; r; 216630; 1088; 742; 35; 216629; 5
6; r; 237141; 1088; 927; 45; 237140; 10
6; r; 251240; 1088; 815; 40; 251239; 4
6; r; 262135; 1088; 228; 12; 262134; 7
6; r; 263416; 1088; 739; 34; 263415; 5
6; r; 280719; 1088; 971; 48; 280718; 5
6; r; 294181; 1088; 226; 11; 294180; 7
6; r; 306998; 1088; 241; 13; 306997; 9
6; r; 317253; 1088; 281; 16; 317252; 8
6; r; 319817; 1088; 13; 0; 319816; 9
6; r; 324945; 1088; 249; 14; 324944; 6
6; r; 329431; 1088; 538; 28; 329430; 6
6; r; 335843; 1088; 170; 7; 335842; 10
6; r; 355073; 1088; 339; 19; 355072; 7
6; r; 367258; 1088; 145; 6; 367257; 8
6; r; 402525; 1088; 18; 1; 402524; 9
6; r; 403166; 1088; 832; 42; 403165; 7
6; r; 407652; 1088; 297; 17; 407651; 11
6; r; 421755; 1088; 849; 90; 21754; 2
6; r; 422396; 1088; 481; 25; 422395; 6
6; r; 437776; 1088; 966; 95; 37775; 7
6; r; 441621; 1088; 906; 94; 41620; 4
6; r; 454438; 1088; 84; 4; 454437; 9
6; r; 474947; 1088; 220; 66; 74946; 7
6; r; 483275; 1088; 443; 77; 83274; 6
6; r; 492887; 1088; 422; 75; 92886; 6
6; r; 501859; 1088; 387; 21; 501858; 6
6; r; 504423; 1088; 877; 92; 104422; 4
6; r; 514036; 1088; 45; 57; 114035; 10
6; r; 517882; 1088; 699; 86; 117881; 9
6; r; 524292; 1088; 725; 87; 124291; 5
6; r; 526214; 1088; 1008; 96; 126213; 3
6; r; 531342; 1088; 928; 46; 531341; 7
6; r; 550568; 1088; 594; 84; 150567; 10
6; r; 552490; 1088; 366; 73; 152489; 9
6; r; 562105; 1088; 889; 93; 162104; 1
6; r; 566592; 1088; 277; 71; 166591; 8
6; r; 583895; 1088; 547; 81; 183894; 6
6; r; 584535; 1088; 510; 78; 184534; 7
6; r; 594790; 1088; 536; 79; 194789; 7
6; r; 606329; 1088; 663; 85; 206328; 11
6; r; 608252; 1088; 76; 59; 208251; 9
6; r; 612737; 1088; 830; 89; 212736; 10
6; r; 613377; 1088; 222; 67; 213376; 9
6; r; 614018; 1088; 866; 91; 214017; 9
6; r; 615941; 1088; 102; 60; 215940; 11
6; r; 618505; 1088; 150; 61; 218504; 7
6; r; 621069; 1088; 403; 22; 621068; 10
6; r; 633887; 1088; 790; 88; 233886; 3
6; r; 649266; 1088; 235; 68; 249265; 9
6; r; 650548; 1088; 592; 83; 250547; 4
6; r; 670414; 1088; 241; 69; 270413; 8
6; r; 671696; 1088; 537; 80; 271695; 9
6; r; 679390; 1088; 203; 64; 279389; 10
6; r; 710151; 1088; 1023; 97; 310150; 13
6; r; 712074; 1088; 11; 55; 312073; 10
6; r; 725535; 1088; 173; 62; 325534; 11
6; r; 746691; 1088; 214; 65; 346690; 8
6; r; 750536; 1088; 271; 70; 350535; 10
6; r; 760151; 1088; 1062; 98; 360150; 9
6; r; 768485; 1088; 67; 58; 368484; 12
6; r; 769767; 1088; 34; 56; 369766; 11
6; r; 770408; 1088; 429; 76; 370407; 10
6; r; 807615; 1088; 820; 141; 7614; 3
6; r; 812102; 1088; 751; 137; 12101; 2
6; r; 823640; 1088; 858; 143; 23639; 8
6; r; 853115; 1088; 363; 72; 453114; 10
6; r; 859523; 1088; 677; 131; 59522; 7
6; r; 863368; 1088; 691; 133; 63367; 4
6; r; 871700; 1088; 374; 120; 71699; 7
6; r; 884519; 1088; 738; 136; 84518; 6
6; r; 889007; 1088; 920; 146; 89006; 1
6; r; 893493; 1088; 435; 123; 93492; 11
6; r; 908874; 1088; 509; 126; 108873; 7
6; r; 910156; 1088; 139; 108; 110155; 7
6; r; 946046; 1088; 57; 103; 146045; 7
6; r; 964633; 1088; 122; 107; 164632; 9
6; r; 973606; 1088; 721; 135; 173605; 5
6; r; 978093; 1088; 1010; 150; 178092; 3
6; r; 985784; 1088; 624; 128; 185783; 5
6; r; 990270; 1088; 54; 102; 190269; 8
6; r; 990911; 1088; 712; 134; 190910; 5
6; r; 997317; 1088; 826; 142; 197316; 8
6; r; 1004367; 1088; 335; 116; 204366; 10
6; r; 1028082; 1088; 863; 144; 228081; 10
6; r; 1030005; 1088; 776; 138; 230004; 4
6; r; 1031928; 1088; 561; 127; 231927; 10
6; r; 1032569; 1088; 449; 124; 232568; 6
6; r; 1033851; 1088; 973; 148; 233850; 7
6; r; 1040901; 1088; 49; 101; 240900; 9
6; r; 1049234; 1088; 796; 139; 249233; 7
6; r; 1051157; 1088; 866; 145; 251156; 9
6; r; 1058847; 1088; 678; 132; 258846; 5
6; r; 1068460; 1088; 276; 113; 268459; 9
6; r; 1069742; 1088; 226; 111; 269741; 7
6; r; 1071024; 1088; 508; 125; 271023; 6
6; r; 1080638; 1088; 965; 147; 280637; 8
6; r; 1081920; 1088; 271; 112; 281919; 9
6; r; 1109483; 1088; 667; 130; 309482; 10
6; r; 1112047; 1088; 407; 122; 312046; 8
6; r; 1122302; 1088; 359; 117; 322301; 6
6; r; 1145375; 1088; 94; 106; 345374; 9
6; r; 1149222; 1088; 291; 114; 349221; 7
6; r; 1153710; 1088; 76; 105; 353709; 13
6; r; 1154351; 1088; 1037; 151; 354350; 6
6; r; 1158838; 1088; 9; 99; 358837; 12
6; r; 1162684; 1088; 997; 149; 362683; 8
6; r; 1184483; 1088; 204; 110; 384482; 10
6; r; 1198594; 1088; 143; 109; 398593; 11
6; r; 1201801; 1088; 393; 121; 401800; 8
6; r; 1203724; 1088; 24; 100; 403723; 9
6; r; 1220413; 1088; 316; 115; 420412; 7
6; r; 1236457; 1088; 67; 104; 436456; 12
6; r; 1248657; 1088; 364; 119; 448656; 12
7; r; 18594; 1088; 941; 49; 18593; 4
7; r; 32052; 1088; 687; 36; 32051; 3
7; r; 37180; 1088; 446; 27; 37179; 6
7; r; 40383; 1088; 823; 45; 40382; 2
7; r; 41024; 1088; 1019; 52; 41023; 1
7; r; 48715; 1088; 811; 44; 48714; 5
7; r; 49997; 1088; 380; 22; 49996; 6
7; r; 57049; 1088; 848; 46; 57048; 2
7; r; 71787; 1088; 750; 40; 71786; 4
7; r; 74991; 1088; 217; 16; 74990; 8
7; r; 84605; 1088; 1000; 50; 84604; 5
7; r; 97424; 1088; 26; 2; 97423; 8
7; r; 103831; 1088; 514; 32; 103830; 6
7; r; 104472; 1088; 475; 30; 104471; 6
7; r; 124341; 1088; 92; 8; 124340; 10
7; r; 133956; 1088; 126; 12; 133955; 7
7; r; 149337; 1088; 733; 39; 149336; 7
7; r; 155105; 1088; 526; 33; 155104; 5
7; r; 169204; 1088; 121; 11; 169203; 8
7; r; 171767; 1088; 418; 24; 171766; 5
7; r; 177536; 1088; 487; 31; 177535; 6
7; r; 190994; 1088; 280; 20; 190993; 7
7; r; 194199; 1088; 1006; 51; 194198; 3
7; r; 207017; 1088; 603; 34; 207016; 7
7; r; 208299; 1088; 632; 35; 208298; 9
7; r; 219196; 1088; 357; 21; 219195; 6
7; r; 224964; 1088; 60; 5; 224963; 10
7; r; 225605; 1088; 720; 38; 225604; 4
7; r; 228810; 1088; 231; 18; 228809; 11
7; r; 240989; 1088; 390; 23; 240988; 5
7; r; 256370; 1088; 798; 43; 256369; 9
7; r; 261498; 1088; 795; 42; 261497; 10
7; r; 264703; 1088; 1058; 55; 264702; 8
7; r; 277521; 1088; 708; 37; 277520; 5
7; r; 278803; 1088; 78; 6; 278802; 9
7; r; 292262; 1088; 459; 29; 292261; 6
7; r; 295467; 1088; 436; 26; 295466; 9
7; r; 296749; 1088; 1037; 54; 296748; 7
7; r; 297390; 1088; 265; 19; 297389; 9
7; r; 298031; 1088; 27; 3; 298030; 8
7; r; 304441; 1088; 189; 15; 304440; 6
7; r; 315979; 1088; 97; 9; 315978; 8
7; r; 321748; 1088; 58; 4; 321747; 11
7; r; 330081; 1088; 420; 25; 330080; 5
7; r; 333286; 1088; 161; 13; 333285; 9
7; r; 335209; 1088; 851; 47; 335208; 3
7; r; 347390; 1088; 109; 10; 347389; 9
7; r; 396121; 1088; 9; 0; 396120; 10
7; r; 399327; 1088; 173; 14; 399326; 10
7; r; 409584; 1088; 221; 17; 409583; 7
7; r; 440986; 1088; 16; 1; 440985; 9
7; r; 443549; 1088; 886; 102; 43548; 2
7; r; 448677; 1088; 448; 28; 448676; 8
7; r; 449318; 1088; 1023; 53; 449317; 13
7; r; 449959; 1088; 724; 97; 49958; 3
7; r; 462777; 1088; 655; 92; 62776; 4
7; r; 466623; 1088; 489; 82; 66622; 5
7; r; 470468; 1088; 208; 65; 70467; 11
7; r; 479442; 1088; 704; 96; 79441; 6
7; r; 482007; 1088; 982; 106; 82006; 2
7; r; 485211; 1088; 341; 72; 85210; 7
7; r; 487774; 1088; 450; 77; 87773; 7
7; r; 488415; 1088; 552; 88; 88414; 4
7; r; 511487; 1088; 684; 94; 111486; 4
7; r; 517256; 1088; 486; 81; 117255; 9
7; r; 524947; 1088; 230; 68; 124946; 10
7; r; 525588; 1088; 389; 75; 125587; 5
7; r; 530074; 1088; 919; 104; 130073; 1
7; r; 533279; 1088; 681; 93; 133278; 3
7; r; 544173; 1088; 968; 105; 144172; 4
7; r; 551224; 1088; 867; 48; 551223; 7
7; r; 560197; 1088; 856; 101; 160196; 2
7; r; 567889; 1088; 118; 61; 167888; 7
7; r; 571093; 1088; 793; 100; 171092; 10
7; r; 591600; 1088; 373; 73; 191599; 9
7; r; 592241; 1088; 1034; 107; 192240; 8
7; r; 599291; 1088; 687; 95; 199290; 3
7; r; 606983; 1088; 481; 80; 206982; 5
7; r; 622365; 1088; 1082; 109; 222364; 1
7; r; 626851; 1088; 82; 7; 626850; 8
7; r; 645436; 1088; 520; 85; 245435; 5
7; r; 662739; 1088; 1079; 108; 262738; 3
7; r; 669789; 1088; 78; 60; 269788; 10
7; r; 679402; 1088; 575; 89; 279401; 6
7; r; 685812; 1088; 497; 83; 285811; 10
7; r; 690300; 1088; 25; 58; 290299; 9
7; r; 696710; 1088; 902; 103; 296709; 5
7; r; 700555; 1088; 790; 99; 300554; 4
7; r; 705040; 1088; 210; 66; 305039; 9
7; r; 717857; 1088; 279; 69; 317856; 8
7; r; 725548; 1088; 599; 90; 325547; 8
7; r; 733880; 1088; 545; 87; 333879; 6
7; r; 751185; 1088; 467; 78; 351184; 11
7; r; 767853; 1088; 418; 76; 367852; 7
7; r; 770417; 1088; 503; 84; 370416; 9
7; r; 774903; 1088; 379; 74; 374902; 7
7; r; 781956; 1088; 608; 91; 381955; 6
7; r; 787088; 1088; 2; 56; 387087; 11
7; r; 789652; 1088; 282; 70; 389651; 8
7; r; 791576; 1088; 136; 63; 391575; 11
7; r; 792858; 1088; 229; 67; 392857; 7
7; r; 803753; 1088; 478; 79; 403752; 7
7; r; 806316; 1088; 17; 57; 406315; 8
7; r; 808238; 1088; 133; 62; 408237; 10
7; r; 817212; 1088; 196; 64; 417211; 8
7; r; 821058; 1088; 973; 160; 21057; 4
7; r; 838366; 1088; 259; 119; 38365; 7
7; r; 844774; 1088; 75; 110; 44773; 9
7; r; 856949; 1088; 911; 158; 56948; 3
7; r; 871689; 1088; 293; 121; 71688; 6
7; r; 877458; 1088; 77; 59; 477457; 12
7; r; 892199; 1088; 746; 144; 92198; 4
7; r; 893481; 1088; 596; 138; 93480; 9
7; r; 904376; 1088; 622; 139; 104375; 3
7; r; 908221; 1088; 1015; 162; 108220; 2
7; r; 919116; 1088; 315; 124; 119115; 7
7; r; 939627; 1088; 884; 156; 139626; 2
7; r; 945395; 1088; 420; 128; 145394; 5
7; r; 947318; 1088; 829; 151; 147317; 7
7; r; 951804; 1088; 824; 149; 151803; 2
7; r; 952445; 1088; 452; 131; 152444; 5
7; r; 961418; 1088; 838; 153; 161417; 6
7; r; 962700; 1088; 907; 157; 162699; 4
7; r; 971032; 1088; 773; 98; 571031; 6
7; r; 974878; 1088; 827; 150; 174877; 10
7; r; 979364; 1088; 634; 140; 179363; 6
7; r; 983210; 1088; 538; 86; 583209; 9
7; r; 985773; 1088; 383; 126; 185772; 7
7; r; 987696; 1088; 1073; 167; 187695; 4
7; r; 988337; 1088; 563; 135; 188336; 10
7; r; 1000514; 1088; 197; 116; 200513; 8
7; r; 1003719; 1088; 96; 111; 203718; 8
7; r; 1006924; 1088; 248; 118; 206923; 6
7; r; 1013975; 1088; 706; 143; 213974; 7
7; r; 1019742; 1088; 325; 125; 219741; 6
7; r; 1024869; 1088; 299; 122; 224868; 12
7; r; 1027433; 1088; 494; 133; 227432; 7
7; r; 1029997; 1088; 788; 147; 229996; 3
7; r; 1033203; 1088; 747; 145; 233202; 3
7; r; 1060123; 1088; 705; 142; 260122; 6
7; r; 1078067; 1088; 112; 113; 278066; 14
7; r; 1080630; 1088; 800; 148; 280629; 7
7; r; 1094731; 1088; 308; 71; 694730; 10
7; r; 1101780; 1088; 436; 129; 301779; 7
7; r; 1107547; 1088; 413; 127; 307546; 7
7; r; 1113317; 1088; 546; 134; 313316; 6
7; r; 1135108; 1088; 304; 123; 335107; 11
7; r; 1137672; 1088; 967; 159; 337671; 8
7; r; 1151775; 1088; 848; 154; 351774; 4
7; r; 1160749; 1088; 177; 115; 360748; 8
7; r; 1163314; 1088; 576; 137; 363313; 6
7; r; 1165236; 1088; 274; 120; 365235; 10
7; r; 1167801; 1088; 232; 117; 367800; 9
7; r; 1169724; 1088; 447; 130; 369723; 6
7; r; 1183827; 1088; 760; 146; 383826; 7
7; r; 1187034; 1088; 1063; 166; 387033; 6
7; r; 1189598; 1088; 1024; 164; 389597; 10
7; r; 1201134; 1088; 1023; 163; 401133; 9
7; r; 1202417; 1088; 997; 161; 402416; 8
7; r; 1226774; 1088; 861; 155; 426773; 10
7; r; 1235111; 1088; 99; 112; 435110; 11
7; r; 1267191; 1088; 166; 114; 467190; 10
7; r; 1270400; 1088; 662; 141; 470399; 9
7; r; 1289662; 1088; 570; 136; 489661; 10
7; r; 1308312; 1088; 482; 132; 508311; 5
7; r; 1315396; 1088; 1056; 165; 515395; 9
8; r; 19230; 1088; 1075; 41; 19229; 5
8; r; 20511; 1088; 577; 24; 20510; 6
8; r; 38454; 1088; 943; 35; 38453; 4
8; r; 41659; 1088; 940; 34; 41658; 3
8; r; 74983; 1088; 310; 11; 74982; 7
8; r; 76265; 1088; 826; 26; 76264; 9
8; r; 108311; 1088; 282; 10; 108310; 9
8; r; 112797; 1088; 546; 20; 112796; 4
8; r; 119207; 1088; 840; 27; 119206; 4
8; r; 123051; 1088; 912; 31; 123050; 3
8; r; 137149; 1088; 918; 32; 137148; 2
8; r; 137790; 1088; 1050; 40; 137789; 1
8; r; 139713; 1088; 319; 12; 139712; 9
8; r; 141635; 1088; 85; 3; 141634; 11
8; r; 158937; 1088; 281; 9; 158936; 8
8; r; 160860; 1088; 417; 17; 160859; 6
8; r; 162782; 1088; 998; 38; 162781; 12
8; r; 170472; 1088; 945; 36; 170471; 3
8; r; 177521; 1088; 544; 19; 177520; 4
8; r; 181366; 1088; 77; 2; 181365; 10
8; r; 199955; 1088; 91; 4; 199954; 7
8; r; 205723; 1088; 355; 14; 205722; 6
8; r; 209568; 1088; 881; 30; 209567; 3
8; r; 212132; 1088; 334; 13; 212131; 10
8; r; 214695; 1088; 858; 28; 214694; 8
8; r; 224949; 1088; 54; 1; 224948; 8
8; r; 226231; 1088; 938; 33; 226230; 5
8; r; 241612; 1088; 967; 37; 241611; 5
8; r; 246100; 1088; 863; 29; 246099; 8
8; r; 256997; 1088; 703; 25; 256996; 8
8; r; 262765; 1088; 516; 18; 262764; 7
8; r; 274944; 1088; 569; 23; 274943; 9
8; r; 281353; 1088; 395; 16; 281352; 6
8; r; 282635; 1088; 1028; 39; 282634; 8
8; r; 292894; 1088; 38; 0; 292893; 12
8; r; 301230; 1088; 394; 15; 301229; 7
8; r; 346768; 1088; 163; 5; 346767; 14
8; r; 388075; 1088; 217; 8; 388074; 8
8; r; 390719; 1088; 175; 6; 390718; 10
8; r; 405131; 1088; 886; 79; 5130; 2
8; r; 424366; 1088; 504; 66; 24365; 8
8; r; 448075; 1088; 26; 42; 48074; 10
8; r; 455124; 1088; 933; 83; 55123; 6
8; r; 464096; 1088; 952; 86; 64095; 1
8; r; 473067; 1088; 265; 54; 73066; 9
8; r; 475630; 1088; 825; 72; 75629; 10
8; r; 481396; 1088; 433; 61; 81395; 9
8; r; 487804; 1088; 951; 85; 87803; 1
8; r; 494212; 1088; 309; 55; 94211; 8
8; r; 514078; 1088; 910; 80; 114077; 4
8; r; 520487; 1088; 659; 68; 120486; 3
8; r; 532665; 1088; 840; 76; 132664; 4
8; r; 542921; 1088; 921; 82; 142920; 1
8; r; 546126; 1088; 667; 69; 146125; 5
8; r; 553176; 1088; 1006; 89; 153175; 4
8; r; 560867; 1088; 78; 43; 160866; 8
8; r; 562790; 1088; 410; 60; 162789; 10
8; r; 569839; 1088; 120; 48; 169838; 8
8; r; 570480; 1088; 694; 70; 170479; 8
8; r; 586503; 1088; 648; 67; 186502; 6
8; r; 590349; 1088; 118; 47; 190348; 8
8; r; 596758; 1088; 382; 58; 196757; 9
8; r; 598040; 1088; 972; 87; 198039; 4
8; r; 599963; 1088; 916; 81; 199962; 2
8; r; 601245; 1088; 854; 77; 201244; 2
8; r; 623037; 1088; 997; 88; 223036; 7
8; r; 626242; 1088; 452; 62; 226241; 4
8; r; 627524; 1088; 113; 46; 227523; 8
8; r; 634573; 1088; 831; 74; 234572; 8
8; r; 642904; 1088; 166; 49; 242903; 11
8; r; 645467; 1088; 833; 75; 245466; 7
8; r; 646749; 1088; 947; 84; 246748; 2
8; r; 647390; 1088; 876; 78; 247389; 4
8; r; 649313; 1088; 230; 52; 249312; 8
8; r; 658283; 1088; 485; 65; 258282; 5
8; r; 666616; 1088; 350; 57; 266615; 8
8; r; 676231; 1088; 174; 50; 276230; 9
8; r; 677513; 1088; 827; 73; 277512; 7
8; r; 694818; 1088; 92; 44; 294817; 9
8; r; 697383; 1088; 111; 45; 297382; 8
8; r; 718536; 1088; 463; 63; 318535; 10
8; r; 721741; 1088; 473; 64; 321740; 9
8; r; 767276; 1088; 696; 71; 367275; 8
8; r; 771769; 1088; 399; 59; 371768; 14
8; r; 787182; 1088; 340; 56; 387181; 8
8; r; 837198; 1088; 518; 122; 37197; 5
8; r; 841044; 1088; 175; 51; 441043; 12
8; r; 842967; 1088; 919; 142; 42966; 1
8; r; 843608; 1088; 867; 140; 43607; 7
8; r; 848095; 1088; 508; 119; 48094; 7
8; r; 849377; 1088; 848; 139; 49376; 3
8; r; 860914; 1088; 1083; 148; 60913; 1
8; r; 862196; 1088; 288; 103; 62195; 7
8; r; 868603; 1088; 993; 145; 68602; 8
8; r; 875013; 1088; 388; 111; 75012; 5
8; r; 879499; 1088; 1030; 146; 79498; 7
8; r; 901289; 1088; 827; 137; 101288; 8
8; r; 902570; 1088; 684; 132; 102569; 3
8; r; 903210; 1088; 978; 144; 103209; 2
8; r; 910260; 1088; 509; 120; 110259; 7
8; r; 916025; 1088; 248; 101; 116024; 8
8; r; 919871; 1088; 945; 143; 119870; 4
8; r; 926279; 1088; 319; 108; 126278; 12
8; r; 933328; 1088; 1061; 147; 133327; 8
8; r; 936532; 1088; 739; 135; 136531; 4
8; r; 938455; 1088; 418; 115; 138454; 6
8; r; 950633; 1088; 262; 102; 150632; 11
8; r; 951274; 1088; 292; 104; 151273; 8
8; r; 964090; 1088; 870; 141; 164089; 4
8; r; 987800; 1088; 241; 100; 187799; 10
8; r; 989723; 1088; 651; 130; 189722; 4
8; r; 991005; 1088; 497; 117; 191004; 11
8; r; 992287; 1088; 713; 133; 192286; 4
8; r; 1007668; 1088; 332; 109; 207667; 7
8; r; 1019845; 1088; 414; 113; 219844; 6
8; r; 1024973; 1088; 441; 116; 224972; 8
8; r; 1030098; 1088; 759; 136; 230097; 10
8; r; 1044838; 1088; 677; 131; 244837; 5
8; r; 1053810; 1088; 317; 107; 253809; 6
8; r; 1069193; 1088; 228; 99; 269192; 8
8; r; 1071116; 1088; 416; 114; 271115; 5
8; r; 1076244; 1088; 645; 129; 276243; 5
8; r; 1078808; 1088; 627; 128; 278807; 9
8; r; 1084577; 1088; 166; 96; 284576; 11
8; r; 1090985; 1088; 533; 123; 290984; 10
8; r; 1096112; 1088; 515; 121; 296111; 5
8; r; 1110852; 1088; 733; 134; 310851; 6
8; r; 1122389; 1088; 605; 127; 322388; 7
8; r; 1149307; 1088; 122; 94; 349306; 7
8; r; 1153794; 1088; 147; 95; 353793; 7
8; r; 1157640; 1088; 306; 106; 357639; 7
8; r; 1158281; 1088; 538; 124; 358280; 7
8; r; 1162125; 1088; 186; 98; 362124; 7
8; r; 1164689; 1088; 169; 97; 364688; 12
8; r; 1165971; 1088; 305; 105; 365970; 9
8; r; 1176868; 1088; 563; 125; 376867; 9
8; r; 1183278; 1088; 335; 110; 383277; 10
8; r; 1185843; 1088; 27; 90; 385842; 11
8; r; 1203795; 1088; 79; 92; 403794; 9
8; r; 1214057; 1088; 36; 91; 414056; 13
8; r; 1221751; 1088; 603; 126; 421750; 7
8; r; 1262810; 1088; 121; 93; 462809; 9
8; r; 1285313; 1088; 398; 112; 485312; 13
9; r; 21795; 1088; 546; 32; 21794; 7
9; r; 23717; 1088; 578; 36; 23716; 5
9; r; 29484; 1088; 1010; 59; 29483; 3
9; r; 36533; 1088; 887; 53; 36532; 2
9; r; 54476; 1088; 956; 56; 54475; 1
9; r; 55758; 1088; 456; 26; 55757; 7
9; r; 69216; 1088; 774; 48; 69215; 4
9; r; 70498; 1088; 586; 37; 70497; 4
9; r; 71139; 1088; 1085; 64; 71138; 1
9; r; 71780; 1088; 1051; 61; 71779; 1
9; r; 72421; 1088; 1012; 60; 72420; 2
9; r; 91005; 1088; 952; 55; 91004; 1
9; r; 94850; 1088; 603; 39; 94849; 8
9; r; 99977; 1088; 88; 5; 99976; 8
9; r; 110872; 1088; 226; 17; 110871; 9
9; r; 125613; 1088; 373; 21; 125612; 8
9; r; 135868; 1088; 831; 50; 135867; 8
9; r; 147407; 1088; 49; 1; 147406; 9
9; r; 162147; 1088; 823; 49; 162146; 2
9; r; 166633; 1088; 656; 41; 166632; 4
9; r; 167915; 1088; 722; 44; 167914; 4
9; r; 173682; 1088; 494; 29; 173681; 5
9; r; 188423; 1088; 380; 22; 188422; 7
9; r; 191627; 1088; 404; 24; 191626; 9
9; r; 213416; 1088; 720; 43; 213415; 4
9; r; 224950; 1088; 213; 16; 224949; 10
9; r; 231358; 1088; 354; 19; 231357; 6
9; r; 238407; 1088; 544; 31; 238406; 7
9; r; 247381; 1088; 559; 33; 247380; 4
9; r; 252508; 1088; 126; 8; 252507; 8
9; r; 255712; 1088; 730; 46; 255711; 9
9; r; 271734; 1088; 77; 4; 271733; 8
9; r; 280708; 1088; 572; 35; 280707; 5
9; r; 283913; 1088; 880; 52; 283912; 4
9; r; 284554; 1088; 396; 23; 284553; 10
9; r; 286477; 1088; 916; 54; 286476; 4
9; r; 287759; 1088; 1068; 63; 287758; 5
9; r; 296091; 1088; 629; 40; 296090; 9
9; r; 302500; 1088; 32; 0; 302499; 9
9; r; 304422; 1088; 969; 57; 304421; 6
9; r; 308908; 1088; 185; 13; 308907; 8
9; r; 310831; 1088; 564; 34; 310830; 8
9; r; 314035; 1088; 866; 51; 314034; 6
9; r; 318522; 1088; 75; 3; 318521; 9
9; r; 326214; 1088; 177; 12; 326213; 8
9; r; 335828; 1088; 157; 10; 335827; 8
9; r; 341597; 1088; 476; 28; 341596; 7
9; r; 350569; 1088; 174; 11; 350568; 7
9; r; 360181; 1088; 768; 47; 360180; 9
9; r; 364668; 1088; 195; 14; 364667; 8
9; r; 371720; 1088; 726; 45; 371719; 10
9; r; 376206; 1088; 431; 25; 376205; 10
9; r; 383256; 1088; 459; 27; 383255; 7
9; r; 403129; 1088; 208; 15; 403128; 10
9; r; 408897; 1088; 150; 9; 408896; 9
9; r; 422997; 1088; 504; 30; 422996; 7
9; r; 429406; 1088; 103; 7; 429405; 11
9; r; 442866; 1088; 363; 20; 442865; 10
9; r; 451836; 1088; 595; 38; 451835; 9
9; r; 456321; 1088; 882; 110; 56320; 4
9; r; 464655; 1088; 431; 79; 64654; 10
9; r; 472984; 1088; 261; 18; 472983; 7
9; r; 487722; 1088; 829; 105; 87721; 7
9; r; 491568; 1088; 820; 104; 91567; 3
9; r; 498619; 1088; 744; 100; 98618; 5
9; r; 499260; 1088; 65; 2; 499259; 13
9; r; 500542; 1088; 755; 101; 100541; 3
9; r; 501183; 1088; 937; 114; 101182; 5
9; r; 505027; 1088; 478; 81; 105026; 6
9; r; 506309; 1088; 687; 98; 106308; 4
9; r; 511436; 1088; 986; 115; 111435; 1
9; r; 513359; 1088; 911; 112; 113358; 3
9; r; 528740; 1088; 102; 6; 528739; 12
9; r; 531304; 1088; 977; 58; 531303; 6
9; r; 540277; 1088; 556; 89; 140276; 3
9; r; 542840; 1088; 921; 113; 142839; 3
9; r; 545402; 1088; 696; 99; 145401; 10
9; r; 572957; 1088; 619; 93; 172956; 5
9; r; 583852; 1088; 572; 91; 183851; 6
9; r; 589621; 1088; 771; 102; 189620; 4
9; r; 602440; 1088; 543; 87; 202439; 7
9; r; 608849; 1088; 1055; 120; 208848; 1
9; r; 627434; 1088; 1057; 62; 627433; 10
9; r; 633842; 1088; 871; 108; 233841; 5
9; r; 638970; 1088; 435; 80; 238969; 8
9; r; 639611; 1088; 670; 96; 239610; 9
9; r; 657559; 1088; 407; 77; 257558; 10
9; r; 671657; 1088; 203; 71; 271656; 12
9; r; 672298; 1088; 1006; 117; 272297; 5
9; r; 674861; 1088; 533; 85; 274860; 7
9; r; 684477; 1088; 560; 90; 284476; 6
9; r; 694732; 1088; 848; 106; 294731; 8
9; r; 703704; 1088; 779; 103; 303703; 5
9; r; 706909; 1088; 146; 69; 306908; 10
9; r; 708191; 1088; 205; 73; 308190; 9
9; r; 714600; 1088; 864; 107; 314599; 6
9; r; 719728; 1088; 204; 72; 319727; 10
9; r; 728702; 1088; 234; 74; 328701; 10
9; r; 737035; 1088; 482; 82; 337034; 6
9; r; 738958; 1088; 296; 76; 338957; 9
9; r; 743443; 1088; 517; 83; 343442; 6
9; r; 749211; 1088; 677; 97; 349210; 5
9; r; 753057; 1088; 550; 88; 353056; 5
9; r; 769081; 1088; 542; 86; 369080; 7
9; r; 769722; 1088; 876; 109; 369721; 7
9; r; 770363; 1088; 1031; 119; 370362; 9
9; r; 775491; 1088; 429; 78; 375490; 10
9; r; 781260; 1088; 28; 66; 381259; 10
9; r; 782542; 1088; 529; 84; 382541; 10
9; r; 785748; 1088; 668; 95; 385747; 10
9; r; 788314; 1088; 149; 70; 388313; 10
9; r; 796008; 1088; 996; 116; 396007; 9
9; r; 796648; 1088; 1027; 118; 396647; 11
9; r; 803698; 1088; 56; 67; 403697; 11
9; r; 813311; 1088; 889; 162; 13310; 1
9; r; 822924; 1088; 947; 166; 22923; 2
9; r; 836383; 1088; 1080; 121; 436382; 2
9; r; 838947; 1088; 874; 161; 38946; 4
9; r; 844714; 1088; 250; 75; 444713; 14
9; r; 856891; 1088; 610; 148; 56890; 7
9; r; 865221; 1088; 98; 68; 465220; 8
9; r; 882524; 1088; 16; 65; 482523; 11
9; r; 885088; 1088; 624; 151; 85087; 3
9; r; 902393; 1088; 308; 133; 102392; 9
9; r; 926747; 1088; 987; 170; 126746; 1
9; r; 932516; 1088; 677; 154; 132515; 5
9; r; 938284; 1088; 815; 158; 138283; 3
9; r; 943411; 1088; 1000; 172; 143410; 7
9; r; 944052; 1088; 592; 146; 144051; 4
9; r; 947898; 1088; 336; 135; 147897; 9
9; r; 960075; 1088; 891; 111; 560074; 10
9; r; 972894; 1088; 620; 150; 172893; 7
9; r; 975458; 1088; 252; 130; 175457; 6
9; r; 976741; 1088; 20; 123; 176740; 8
9; r; 985713; 1088; 551; 145; 185712; 4
9; r; 989559; 1088; 392; 139; 189558; 9
9; r; 990842; 1088; 803; 155; 190841; 6
9; r; 994687; 1088; 944; 165; 194686; 4
9; r; 1002377; 1088; 399; 140; 202376; 11
9; r; 1022243; 1088; 853; 160; 222242; 3
9; r; 1022883; 1088; 619; 149; 222882; 4
9; r; 1026730; 1088; 956; 168; 226729; 1
9; r; 1027371; 1088; 503; 142; 227370; 7
9; r; 1028012; 1088; 323; 134; 228011; 8
9; r; 1029294; 1088; 830; 159; 229293; 7
9; r; 1037625; 1088; 129; 124; 237624; 7
9; r; 1054290; 1088; 892; 163; 254289; 9
9; r; 1056854; 1088; 668; 153; 256853; 10
9; r; 1057496; 1088; 375; 137; 257495; 6
9; r; 1063905; 1088; 305; 132; 263904; 8
9; r; 1064546; 1088; 809; 157; 264545; 5
9; r; 1091461; 1088; 595; 147; 291460; 8
9; r; 1094025; 1088; 390; 138; 294024; 6
9; r; 1099794; 1088; 364; 136; 299793; 12
9; r; 1107486; 1088; 966; 169; 307485; 6
9; r; 1109409; 1088; 200; 128; 309408; 12
9; r; 1120306; 1088; 285; 131; 320305; 6
9; r; 1140178; 1088; 930; 164; 340177; 9
9; r; 1147229; 1088; 199; 127; 347228; 9
9; r; 1148511; 1088; 990; 171; 348510; 10
9; r; 1149793; 1088; 1064; 174; 349792; 9
9; r; 1156203; 1088; 487; 141; 356202; 5
9; r; 1160690; 1088; 536; 143; 360689; 11
9; r; 1188259; 1088; 1058; 173; 388258; 9
9; r; 1190825; 1088; 950; 167; 390824; 2
9; r; 1192749; 1088; 627; 152; 392748; 8
9; r; 1235724; 1088; 806; 156; 435723; 9
9; r; 1254977; 1088; 539; 144; 454976; 6
9; r; 1256258; 1088; 213; 129; 456257; 12
9; r; 1266520; 1088; 164; 126; 466519; 12
9; r; 1276142; 1088; 1; 122; 476141; 13
