iter; type; time slot; d_nodes; s_nodes; pid; nslot; nhop
0; r; 11584; 1088; 966; 0; 11281; 6
0; r; 40443; 1088; 870; 14; 32189; 5
0; r; 44291; 1088; 248; 23; 30332; 6
0; r; 51342; 1088; 942; 7; 45340; 3
0; r; 80836; 1088; 611; 28; 65010; 5
0; r; 100071; 1088; 156; 15; 91320; 9
0; r; 124438; 1088; 485; 1; 123474; 6
0; r; 134055; 1088; 619; 30; 117532; 4
0; r; 168039; 1088; 286; 36; 146495; 9
0; r; 169321; 1088; 403; 16; 159238; 8
0; r; 171886; 1088; 270; 26; 156791; 11
0; r; 180220; 1088; 919; 39; 156320; 1
0; r; 204581; 1088; 424; 38; 182503; 6
0; r; 206504; 1088; 974; 21; 193973; 7
0; r; 218044; 1088; 1071; 17; 207062; 5
0; r; 235995; 1088; 915; 31; 218840; 2
0; r; 239200; 1088; 412; 33; 219021; 7
0; r; 266130; 1088; 73; 56; 236136; 11
0; r; 270618; 1088; 171; 34; 249693; 8
0; r; 307803; 1088; 166; 59; 276663; 11
0; r; 314854; 1088; 474; 43; 288290; 6
0; r; 325109; 1088; 591; 8; 318775; 4
0; r; 337289; 1088; 1068; 12; 330472; 10
0; r; 341776; 1088; 336; 41; 315870; 10
0; r; 360367; 1088; 438; 47; 332606; 8
0; r; 400111; 1088; 192; 44; 373217; 7
0; r; 402035; 1088; 488; 6; 396405; 4
0; r; 405242; 1088; 315; 2; 404241; 8
0; r; 406524; 1088; 686; 32; 386646; 5
0; r; 415496; 1088; 776; 13; 407634; 4
0; r; 471907; 1088; 1028; 22; 458367; 6
0; r; 479600; 1088; 927; 5; 475510; 8
0; r; 485368; 1088; 251; 52; 455687; 8
0; r; 505240; 1088; 996; 37; 483520; 6
0; r; 522547; 1088; 939; 58; 491645; 5
0; r; 529602; 1088; 986; 68; 121118; 1
0; r; 534735; 1088; 275; 42; 508235; 8
0; r; 546914; 1088; 314; 46; 519291; 8
0; r; 562943; 1088; 632; 54; 533075; 7
0; r; 572559; 1088; 954; 96; 146185; 1
0; r; 573841; 1088; 372; 20; 562129; 9
0; r; 579610; 1088; 28; 29; 563446; 8
0; r; 590510; 1088; 590; 18; 579018; 4
0; r; 620002; 1088; 682; 55; 590037; 5
0; r; 622566; 1088; 812; 51; 593068; 4
0; r; 629620; 1088; 564; 11; 622839; 10
0; r; 674489; 1088; 1020; 79; 258735; 1
0; r; 686030; 1088; 698; 35; 664948; 7
0; r; 701419; 1088; 721; 102; 272770; 3
0; r; 727060; 1088; 821; 97; 299853; 2
0; r; 728983; 1088; 333; 19; 717410; 11
0; r; 736674; 1088; 1062; 76; 322431; 5
0; r; 737956; 1088; 903; 107; 306897; 6
0; r; 742443; 1088; 199; 4; 738974; 10
0; r; 755266; 1088; 370; 48; 726076; 8
0; r; 758471; 1088; 552; 73; 347938; 4
0; r; 766163; 1088; 588; 93; 343985; 3
0; r; 769367; 1088; 318; 40; 744309; 7
0; r; 782191; 1088; 882; 10; 775419; 7
0; r; 783473; 1088; 826; 49; 754117; 9
0; r; 802707; 1088; 925; 24; 788156; 7
0; r; 839889; 1088; 614; 111; 407787; 4
0; r; 855913; 1088; 859; 3; 852484; 8
0; r; 858477; 1088; 814; 106; 427503; 3
0; r; 871941; 1088; 698; 90; 450859; 6
0; r; 885402; 1088; 1022; 89; 464815; 1
0; r; 891810; 1088; 694; 53; 862016; 8
0; r; 900785; 1088; 364; 92; 478719; 9
0; r; 912324; 1088; 122; 50; 882894; 9
0; r; 928991; 1088; 60; 108; 497810; 8
0; r; 930914; 1088; 444; 63; 526632; 7
0; r; 941810; 1088; 834; 104; 512193; 6
0; r; 959758; 1088; 704; 85; 540222; 6
0; r; 968733; 1088; 244; 25; 954096; 9
0; r; 977708; 1088; 1036; 27; 962339; 9
0; r; 985400; 1088; 953; 118; 181571; 1
0; r; 997579; 1088; 798; 77; 583175; 7
0; r; 1002709; 1088; 1004; 95; 576569; 7
0; r; 1018736; 1088; 531; 66; 612462; 8
0; r; 1025788; 1088; 302; 57; 995453; 9
0; r; 1031556; 1088; 342; 65; 626179; 7
0; r; 1045016; 1088; 971; 100; 616974; 5
0; r; 1055278; 1088; 212; 80; 639071; 9
0; r; 1086687; 1088; 27; 64; 681587; 8
0; r; 1106559; 1088; 528; 71; 696476; 9
0; r; 1107200; 1088; 515; 86; 687427; 5
0; r; 1107841; 1088; 287; 94; 683765; 7
0; r; 1109123; 1088; 1049; 134; 293515; 1
0; r; 1123869; 1088; 836; 82; 705220; 5
0; r; 1131566; 1088; 1041; 105; 701102; 5
0; r; 1134130; 1088; 926; 78; 719625; 7
0; r; 1147594; 1088; 951; 156; 321886; 1
0; r; 1159775; 1088; 888; 154; 335021; 1
0; r; 1162340; 1088; 201; 72; 752202; 9
0; r; 1170032; 1088; 907; 87; 750063; 4
0; r; 1182853; 1088; 886; 152; 358829; 2
0; r; 1189263; 1088; 991; 109; 757557; 8
0; r; 1211054; 1088; 657; 61; 810071; 4
0; r; 1216183; 1088; 536; 88; 795977; 6
0; r; 1237338; 1088; 385; 98; 809746; 7
0; r; 1240543; 1088; 736; 60; 839716; 6
0; r; 1252720; 1088; 442; 125; 445331; 7
0; r; 1255284; 1088; 924; 81; 837204; 8
0; r; 1257848; 1088; 668; 83; 839186; 8
0; r; 1263617; 1088; 1068; 67; 856800; 7
0; r; 1279648; 1088; 294; 45; 1252203; 8
0; r; 1283494; 1088; 914; 147; 460325; 2
0; r; 1291188; 1088; 417; 112; 859064; 5
0; r; 1311060; 1088; 67; 101; 882776; 10
0; r; 1320036; 1088; 303; 110; 887943; 9
0; r; 1327729; 1088; 1038; 70; 918925; 7
0; r; 1329011; 1088; 88; 84; 910321; 9
0; r; 1331576; 1088; 1064; 103; 902645; 6
0; r; 1334783; 1088; 392; 115; 534184; 6
0; r; 1371320; 1088; 733; 158; 544439; 7
0; r; 1377730; 1088; 156; 69; 968979; 9
0; r; 1388630; 1088; 784; 133; 573161; 3
0; r; 1395682; 1088; 650; 159; 568226; 5
0; r; 1421966; 1088; 178; 124; 614585; 10
0; r; 1459784; 1088; 416; 132; 646755; 6
0; r; 1480297; 1088; 107; 131; 668966; 9
0; r; 1491195; 1088; 716; 161; 662315; 4
0; r; 1491836; 1088; 600; 165; 662442; 8
0; r; 1499529; 1088; 569; 128; 691738; 7
0; r; 1511067; 1088; 84; 170; 679344; 10
0; r; 1513632; 1088; 765; 135; 697597; 7
0; r; 1526456; 1088; 672; 137; 710295; 6
0; r; 1549539; 1088; 478; 117; 748335; 8
0; r; 1557231; 1088; 337; 150; 733542; 9
0; r; 1567489; 1088; 133; 127; 759966; 10
0; r; 1568130; 1088; 940; 126; 760710; 4
0; r; 1577747; 1088; 264; 91; 1156645; 10
0; r; 1589289; 1088; 439; 114; 789154; 9
0; r; 1606598; 1088; 787; 155; 781442; 3
0; r; 1607880; 1088; 286; 145; 786336; 7
0; r; 1608521; 1088; 19; 113; 1176026; 9
0; r; 1610446; 1088; 482; 129; 801478; 6
0; r; 1613652; 1088; 398; 120; 808583; 9
0; r; 1615577; 1088; 40; 167; 784917; 11
0; r; 1618784; 1088; 928; 169; 787305; 6
0; r; 1619425; 1088; 560; 140; 802485; 6
0; r; 1627762; 1088; 796; 130; 816712; 8
0; r; 1634172; 1088; 281; 116; 833014; 7
0; r; 1637380; 1088; 311; 153; 813240; 8
0; r; 1638020; 1088; 841; 146; 815341; 5
0; r; 1647642; 1088; 208; 136; 831531; 9
0; r; 1653411; 1088; 800; 121; 848221; 9
0; r; 1654053; 1088; 495; 163; 824808; 9
0; r; 1662388; 1088; 419; 144; 840946; 6
0; r; 1677131; 1088; 1079; 157; 851174; 4
0; r; 1686111; 1088; 494; 119; 882009; 7
0; r; 1693167; 1088; 1063; 122; 887571; 9
0; r; 1695091; 1088; 892; 142; 876535; 8
0; r; 1707281; 1088; 331; 168; 875981; 8
0; r; 1709206; 1088; 352; 62; 1305233; 8
0; r; 1716911; 1088; 962; 160; 888451; 8
0; r; 1719480; 1088; 462; 151; 895579; 11
0; r; 1731030; 1088; 36; 99; 1303083; 10
0; r; 1746435; 1088; 259; 123; 939084; 7
0; r; 1756066; 1088; 698; 143; 934984; 8
0; r; 1758632; 1088; 792; 162; 929631; 9
0; r; 1796509; 1088; 993; 139; 980127; 10
0; r; 1799073; 1088; 727; 166; 969292; 9
0; r; 1813847; 1088; 233; 164; 984500; 12
0; r; 1828615; 1088; 393; 141; 1010237; 7
0; r; 1856884; 1088; 109; 138; 1040560; 11
0; r; 1895472; 1088; 23; 74; 1482655; 11
0; r; 1929640; 1088; 958; 149; 1106025; 10
0; r; 1937995; 1088; 0; 148; 1114485; 12
1; r; 7073; 1088; 705; 34; 7072; 7
1; r; 12203; 1088; 883; 41; 12202; 2
1; r; 44913; 1088; 969; 48; 44912; 4
1; r; 59659; 1088; 539; 23; 59658; 10
1; r; 68636; 1088; 956; 45; 68635; 1
1; r; 88508; 1088; 901; 42; 88507; 8
1; r; 96843; 1088; 232; 8; 96842; 11
1; r; 98125; 1088; 742; 37; 98124; 4
1; r; 137232; 1088; 1011; 49; 137231; 2
1; r; 146846; 1088; 486; 20; 146845; 5
1; r; 169931; 1088; 210; 7; 169930; 10
1; r; 176983; 1088; 704; 33; 176982; 6
1; r; 177624; 1088; 693; 31; 177623; 9
1; r; 187239; 1088; 609; 26; 187238; 5
1; r; 187880; 1088; 804; 40; 187879; 9
1; r; 201983; 1088; 526; 22; 201982; 5
1; r; 202624; 1088; 963; 47; 202623; 7
1; r; 203264; 1088; 251; 11; 203263; 8
1; r; 205188; 1088; 658; 27; 205187; 4
1; r; 237242; 1088; 403; 17; 237241; 8
1; r; 239165; 1088; 714; 35; 239164; 3
1; r; 239807; 1088; 580; 24; 239806; 7
1; r; 259044; 1088; 508; 21; 259043; 5
1; r; 260327; 1088; 954; 44; 260326; 1
1; r; 287889; 1088; 347; 15; 287888; 6
1; r; 294939; 1088; 449; 18; 294938; 5
1; r; 305836; 1088; 244; 10; 305835; 8
1; r; 316092; 1088; 22; 1; 316091; 9
1; r; 325069; 1088; 791; 39; 325068; 2
1; r; 339812; 1088; 669; 29; 339811; 7
1; r; 389178; 1088; 737; 36; 389177; 6
1; r; 392383; 1088; 163; 6; 392382; 10
1; r; 403281; 1088; 663; 28; 403280; 10
1; r; 426365; 1088; 959; 46; 426364; 7
1; r; 434059; 1088; 765; 38; 434058; 9
1; r; 469958; 1088; 929; 43; 469957; 8
1; r; 485985; 1088; 674; 30; 485984; 7
1; r; 516752; 1088; 282; 13; 516751; 7
1; r; 521239; 1088; 597; 25; 521238; 8
1; r; 531496; 1088; 1030; 50; 531495; 7
1; r; 550729; 1088; 701; 32; 550728; 6
1; r; 559705; 1088; 237; 9; 559704; 11
1; r; 568681; 1088; 294; 14; 568680; 7
1; r; 569963; 1088; 467; 19; 569962; 8
1; r; 575731; 1088; 778; 91; 175730; 4
1; r; 597528; 1088; 400; 16; 597527; 10
1; r; 609067; 1088; 517; 73; 209066; 5
1; r; 614836; 1088; 942; 97; 214835; 5
1; r; 626377; 1088; 156; 5; 626376; 8
1; r; 627018; 1088; 24; 2; 627017; 9
1; r; 636635; 1088; 1047; 103; 236634; 2
1; r; 650096; 1088; 914; 94; 250095; 2
1; r; 675095; 1088; 17; 0; 675094; 9
1; r; 678300; 1088; 275; 12; 678299; 8
1; r; 683427; 1088; 836; 93; 283426; 7
1; r; 687275; 1088; 639; 82; 287274; 5
1; r; 700738; 1088; 569; 76; 300737; 7
1; r; 703944; 1088; 636; 81; 303943; 7
1; r; 707791; 1088; 108; 52; 307790; 10
1; r; 744337; 1088; 145; 4; 744336; 10
1; r; 777035; 1088; 755; 88; 377034; 5
1; r; 786011; 1088; 1048; 104; 386010; 2
1; r; 794343; 1088; 530; 74; 394342; 8
1; r; 796266; 1088; 971; 99; 396265; 6
1; r; 821906; 1088; 280; 58; 421905; 6
1; r; 832804; 1088; 835; 92; 432803; 6
1; r; 834085; 1088; 748; 87; 434084; 4
1; r; 835367; 1088; 455; 67; 435366; 5
1; r; 877038; 1088; 73; 3; 877037; 12
1; r; 894352; 1088; 1063; 105; 494351; 5
1; r; 896277; 1088; 249; 55; 496276; 8
1; r; 900765; 1088; 645; 83; 500764; 5
1; r; 911022; 1088; 514; 72; 511021; 4
1; r; 916790; 1088; 646; 84; 516789; 4
1; r; 926407; 1088; 696; 85; 526406; 8
1; r; 936662; 1088; 610; 79; 536661; 5
1; r; 953330; 1088; 537; 75; 553329; 8
1; r; 961022; 1088; 416; 64; 561021; 6
1; r; 982816; 1088; 769; 90; 582815; 5
1; r; 983459; 1088; 207; 54; 583458; 9
1; r; 1016153; 1088; 347; 62; 616152; 5
1; r; 1018076; 1088; 478; 69; 618075; 6
1; r; 1020001; 1088; 421; 65; 620000; 6
1; r; 1032180; 1088; 464; 68; 632179; 9
1; r; 1042435; 1088; 940; 96; 642434; 4
1; r; 1066793; 1088; 509; 71; 666792; 7
1; r; 1117437; 1088; 174; 53; 717436; 10
1; r; 1125130; 1088; 94; 51; 725129; 8
1; r; 1125772; 1088; 854; 136; 325771; 2
1; r; 1140518; 1088; 982; 144; 340517; 2
1; r; 1155265; 1088; 931; 95; 755264; 6
1; r; 1175139; 1088; 620; 80; 775138; 6
1; r; 1177703; 1088; 638; 128; 377702; 5
1; r; 1185395; 1088; 600; 78; 785394; 9
1; r; 1187318; 1088; 375; 63; 787317; 6
1; r; 1207832; 1088; 288; 59; 807831; 7
1; r; 1231552; 1088; 633; 127; 431551; 8
1; r; 1248222; 1088; 294; 60; 848221; 7
1; r; 1257842; 1088; 979; 100; 857841; 5
1; r; 1259766; 1088; 740; 133; 459765; 5
1; r; 1266816; 1088; 728; 86; 866815; 10
1; r; 1278354; 1088; 304; 118; 478353; 7
1; r; 1282842; 1088; 968; 98; 882841; 6
1; r; 1284124; 1088; 253; 56; 884123; 7
1; r; 1309766; 1088; 295; 61; 909765; 7
1; r; 1320663; 1088; 347; 119; 520662; 6
1; r; 1355280; 1088; 570; 77; 955279; 7
1; r; 1357204; 1088; 960; 142; 557203; 8
1; r; 1369383; 1088; 268; 57; 969382; 10
1; r; 1371947; 1088; 500; 70; 971946; 9
1; r; 1387332; 1088; 808; 135; 587331; 4
1; r; 1400157; 1088; 25; 106; 600156; 8
1; r; 1403366; 1088; 210; 113; 603365; 10
1; r; 1405289; 1088; 222; 115; 605288; 7
1; r; 1428380; 1088; 360; 121; 628379; 6
1; r; 1443773; 1088; 490; 124; 643772; 5
1; r; 1449548; 1088; 160; 111; 649547; 7
1; r; 1469430; 1088; 675; 132; 669429; 6
1; r; 1478407; 1088; 212; 114; 678406; 8
1; r; 1491234; 1088; 61; 109; 691233; 9
1; r; 1507909; 1088; 974; 143; 707908; 7
1; r; 1514962; 1088; 180; 112; 714961; 9
1; r; 1517533; 1088; 448; 123; 717532; 6
1; r; 1523306; 1088; 796; 134; 723305; 7
1; r; 1540623; 1088; 430; 66; 1140622; 9
1; r; 1541905; 1088; 862; 138; 741904; 8
1; r; 1543830; 1088; 1065; 148; 743829; 6
1; r; 1554103; 1088; 858; 137; 754102; 9
1; r; 1556030; 1088; 658; 130; 756029; 4
1; r; 1580413; 1088; 394; 122; 780412; 11
1; r; 1582984; 1088; 250; 116; 782983; 8
1; r; 1589411; 1088; 1062; 147; 789410; 11
1; r; 1618946; 1088; 646; 129; 818945; 5
1; r; 1627934; 1088; 941; 141; 827933; 4
1; r; 1647204; 1088; 547; 125; 847203; 9
1; r; 1647845; 1088; 1028; 146; 847844; 11
1; r; 1656201; 1088; 44; 108; 856200; 10
1; r; 1658134; 1088; 671; 131; 858133; 8
1; r; 1662642; 1088; 1032; 102; 1262641; 9
1; r; 1675504; 1088; 617; 126; 875503; 6
1; r; 1687731; 1088; 997; 145; 887730; 7
1; r; 1714201; 1088; 280; 117; 914200; 8
1; r; 1720672; 1088; 147; 110; 920671; 10
1; r; 1728430; 1088; 355; 120; 928429; 10
1; r; 1732973; 1088; 31; 107; 932972; 11
2; r; 11576; 1088; 981; 53; 11575; 2
2; r; 14141; 1088; 845; 47; 14140; 4
2; r; 15425; 1088; 623; 34; 15424; 3
2; r; 16067; 1088; 984; 54; 16066; 1
2; r; 38507; 1088; 395; 19; 38506; 6
2; r; 43636; 1088; 886; 48; 43635; 2
2; r; 66079; 1088; 841; 46; 66078; 5
2; r; 68642; 1088; 535; 28; 68641; 7
2; r; 101980; 1088; 259; 12; 101979; 6
2; r; 143655; 1088; 491; 23; 143654; 4
2; r; 144296; 1088; 742; 41; 144295; 6
2; r; 147501; 1088; 411; 20; 147500; 7
2; r; 157118; 1088; 790; 43; 157117; 3
2; r; 189171; 1088; 230; 10; 189170; 9
2; r; 199430; 1088; 997; 55; 199429; 8
2; r; 203276; 1088; 778; 42; 203275; 9
2; r; 212892; 1088; 895; 49; 212891; 6
2; r; 215456; 1088; 606; 32; 215455; 6
2; r; 225714; 1088; 655; 37; 225713; 3
2; r; 246870; 1088; 76; 2; 246869; 9
2; r; 247511; 1088; 338; 17; 247510; 9
2; r; 248793; 1088; 737; 40; 248792; 6
2; r; 255204; 1088; 223; 9; 255203; 10
2; r; 257771; 1088; 260; 13; 257770; 5
2; r; 298802; 1088; 974; 52; 298801; 4
2; r; 301366; 1088; 148; 5; 301365; 8
2; r; 324441; 1088; 718; 39; 324440; 3
2; r; 328928; 1088; 931; 50; 328927; 6
2; r; 330210; 1088; 50; 1; 330209; 9
2; r; 336620; 1088; 591; 30; 336619; 6
2; r; 345593; 1088; 414; 21; 345592; 5
2; r; 350080; 1088; 95; 3; 350079; 7
2; r; 357135; 1088; 675; 38; 357134; 6
2; r; 369313; 1088; 805; 44; 369312; 5
2; r; 399443; 1088; 834; 45; 399442; 6
2; r; 406495; 1088; 622; 33; 406494; 4
2; r; 423165; 1088; 185; 7; 423164; 7
2; r; 429575; 1088; 306; 16; 429574; 8
2; r; 430858; 1088; 355; 18; 430857; 7
2; r; 441115; 1088; 448; 22; 441114; 6
2; r; 463557; 1088; 513; 26; 463556; 5
2; r; 468044; 1088; 290; 15; 468043; 7
2; r; 474455; 1088; 509; 25; 474454; 6
2; r; 478943; 1088; 630; 35; 478942; 8
2; r; 488560; 1088; 1049; 122; 88559; 1
2; r; 497533; 1088; 219; 8; 497532; 9
2; r; 525741; 1088; 533; 27; 525740; 9
2; r; 540482; 1088; 885; 111; 140481; 2
2; r; 553943; 1088; 753; 98; 153942; 2
2; r; 579584; 1088; 277; 14; 579583; 10
2; r; 580225; 1088; 238; 11; 580224; 9
2; r; 610993; 1088; 963; 51; 610992; 9
2; r; 613557; 1088; 564; 29; 613556; 8
2; r; 621251; 1088; 600; 31; 621250; 7
2; r; 623174; 1088; 501; 24; 623173; 9
2; r; 630866; 1088; 409; 75; 230865; 8
2; r; 637275; 1088; 881; 110; 237274; 2
2; r; 643044; 1088; 1029; 57; 643043; 6
2; r; 651378; 1088; 634; 36; 651377; 8
2; r; 655866; 1088; 941; 115; 255865; 5
2; r; 657791; 1088; 160; 6; 657790; 7
2; r; 662278; 1088; 856; 106; 262277; 2
2; r; 676382; 1088; 473; 79; 276381; 6
2; r; 680868; 1088; 1000; 56; 680867; 7
2; r; 687920; 1088; 33; 0; 687919; 10
2; r; 688560; 1088; 1080; 124; 288559; 2
2; r; 705230; 1088; 1018; 119; 305229; 1
2; r; 705871; 1088; 1041; 120; 305870; 3
2; r; 706512; 1088; 252; 70; 306511; 8
2; r; 715486; 1088; 137; 4; 715485; 10
2; r; 734076; 1088; 887; 112; 334075; 2
2; r; 786007; 1088; 673; 92; 386006; 6
2; r; 786648; 1088; 778; 100; 386647; 4
2; r; 828955; 1088; 154; 65; 428954; 10
2; r; 851391; 1088; 466; 78; 451390; 8
2; r; 857160; 1088; 546; 85; 457159; 5
2; r; 873826; 1088; 219; 69; 473825; 9
2; r; 928319; 1088; 446; 77; 528318; 6
2; r; 937294; 1088; 629; 88; 537293; 8
2; r; 937935; 1088; 1045; 121; 537934; 3
2; r; 943704; 1088; 630; 89; 543703; 9
2; r; 947551; 1088; 758; 99; 547550; 3
2; r; 979607; 1088; 786; 101; 579606; 3
2; r; 984095; 1088; 657; 90; 584094; 4
2; r; 1013588; 1088; 88; 62; 613587; 8
2; r; 1017435; 1088; 709; 93; 617434; 4
2; r; 1020000; 1088; 605; 87; 619999; 6
2; r; 1035384; 1088; 807; 102; 635383; 5
2; r; 1042435; 1088; 316; 73; 642434; 9
2; r; 1055897; 1088; 743; 97; 655896; 5
2; r; 1073204; 1088; 871; 109; 673203; 6
2; r; 1080255; 1088; 529; 83; 680254; 9
2; r; 1081537; 1088; 869; 108; 681536; 6
2; r; 1092437; 1088; 821; 104; 692436; 3
2; r; 1100131; 1088; 712; 94; 700130; 4
2; r; 1106540; 1088; 82; 61; 706539; 10
2; r; 1107181; 1088; 496; 80; 707180; 10
2; r; 1128337; 1088; 997; 117; 728336; 6
2; r; 1134747; 1088; 568; 86; 734746; 9
2; r; 1155260; 1088; 936; 114; 755259; 5
2; r; 1159107; 1088; 738; 158; 359106; 5
2; r; 1162316; 1088; 535; 84; 762315; 7
2; r; 1163598; 1088; 739; 96; 763597; 6
2; r; 1171290; 1088; 177; 66; 771289; 9
2; r; 1178984; 1088; 1078; 123; 778983; 3
2; r; 1179625; 1088; 295; 71; 779624; 6
2; r; 1180266; 1088; 713; 156; 380265; 4
2; r; 1185393; 1088; 961; 116; 785392; 7
2; r; 1187316; 1088; 305; 72; 787315; 9
2; r; 1200136; 1088; 431; 76; 800135; 10
2; r; 1226418; 1088; 668; 91; 826417; 7
2; r; 1249497; 1088; 910; 164; 449496; 4
2; r; 1259756; 1088; 412; 145; 459755; 7
2; r; 1266165; 1088; 892; 113; 866164; 10
2; r; 1267447; 1088; 1005; 118; 867446; 4
2; r; 1277704; 1088; 746; 160; 477703; 4
2; r; 1290527; 1088; 385; 74; 890526; 8
2; r; 1314243; 1088; 714; 95; 914242; 5
2; r; 1319372; 1088; 808; 103; 919371; 5
2; r; 1334758; 1088; 7; 59; 934757; 10
2; r; 1349503; 1088; 980; 165; 549502; 2
2; r; 1350784; 1088; 826; 105; 950783; 8
2; r; 1351425; 1088; 154; 131; 551424; 7
2; r; 1360401; 1088; 2; 58; 960400; 9
2; r; 1365529; 1088; 491; 149; 565528; 4
2; r; 1378351; 1088; 478; 148; 578350; 6
2; r; 1381556; 1088; 740; 159; 581555; 7
2; r; 1389245; 1088; 859; 107; 989244; 8
2; r; 1395657; 1088; 127; 64; 995656; 9
2; r; 1409119; 1088; 443; 147; 609118; 7
2; r; 1440534; 1088; 498; 81; 1040533; 9
2; r; 1441175; 1088; 695; 154; 641174; 8
2; r; 1445021; 1088; 441; 146; 645020; 7
2; r; 1449510; 1088; 734; 157; 649509; 7
2; r; 1455281; 1088; 709; 155; 655280; 5
2; r; 1458488; 1088; 378; 142; 658487; 8
2; r; 1470026; 1088; 179; 67; 1070025; 10
2; r; 1478358; 1088; 229; 137; 678357; 7
2; r; 1517460; 1088; 501; 150; 717459; 7
2; r; 1532848; 1088; 236; 138; 732847; 10
2; r; 1539900; 1088; 407; 144; 739899; 7
2; r; 1543106; 1088; 218; 136; 743105; 7
2; r; 1551443; 1088; 1001; 167; 751442; 7
2; r; 1552086; 1088; 155; 132; 752085; 7
2; r; 1559778; 1088; 891; 163; 759777; 10
2; r; 1568115; 1088; 992; 166; 768114; 8
2; r; 1574527; 1088; 58; 128; 774526; 9
2; r; 1587350; 1088; 105; 63; 1187349; 10
2; r; 1591198; 1088; 370; 141; 791197; 9
2; r; 1602741; 1088; 191; 133; 802740; 8
2; r; 1625825; 1088; 760; 161; 825824; 10
2; r; 1627749; 1088; 1067; 170; 827748; 7
2; r; 1665586; 1088; 61; 129; 865585; 12
2; r; 1666226; 1088; 528; 151; 866225; 9
2; r; 1670076; 1088; 147; 130; 870075; 8
2; r; 1672642; 1088; 405; 143; 872641; 10
2; r; 1677132; 1088; 2; 126; 877131; 10
2; r; 1684829; 1088; 595; 152; 884828; 9
2; r; 1690602; 1088; 201; 135; 890601; 11
2; r; 1691884; 1088; 527; 82; 1291883; 7
2; r; 1702144; 1088; 1060; 169; 902143; 11
2; r; 1713693; 1088; 270; 139; 913692; 8
2; r; 1714975; 1088; 678; 153; 914974; 5
2; r; 1752819; 1088; 1023; 168; 952818; 7
2; r; 1763082; 1088; 825; 162; 963081; 9
2; r; 1771427; 1088; 6; 127; 971426; 11
2; r; 1826661; 1088; 339; 140; 1026660; 9
2; r; 1870375; 1088; 0; 125; 1070374; 11
2; r; 1919973; 1088; 192; 134; 1119972; 10
3; r; 26333; 1088; 918; 32; 26332; 2
3; r; 32107; 1088; 303; 9; 32106; 10
3; r; 50068; 1088; 525; 20; 50067; 3
3; r; 77000; 1088; 74; 4; 76999; 12
3; r; 86617; 1088; 761; 28; 86616; 8
3; r; 112903; 1088; 971; 36; 112902; 6
3; r; 114826; 1088; 717; 25; 114825; 3
3; r; 118673; 1088; 446; 16; 118672; 10
3; r; 133418; 1088; 476; 18; 133417; 5
3; r; 160342; 1088; 721; 26; 160341; 3
3; r; 168676; 1088; 995; 39; 168675; 8
3; r; 207781; 1088; 334; 10; 207780; 8
3; r; 208422; 1088; 392; 11; 208421; 6
3; r; 217399; 1088; 932; 34; 217398; 6
3; r; 225734; 1088; 984; 37; 225733; 1
3; r; 246895; 1088; 61; 2; 246894; 9
3; r; 255228; 1088; 66; 3; 255227; 11
3; r; 255869; 1088; 747; 27; 255868; 4
3; r; 278309; 1088; 419; 14; 278308; 6
3; r; 289850; 1088; 35; 0; 289849; 12
3; r; 293055; 1088; 912; 31; 293054; 4
3; r; 296901; 1088; 154; 6; 296900; 9
3; r; 302029; 1088; 621; 23; 302028; 3
3; r; 308439; 1088; 187; 7; 308438; 7
3; r; 313567; 1088; 593; 21; 313566; 5
3; r; 318054; 1088; 415; 13; 318053; 5
3; r; 323182; 1088; 630; 24; 323181; 8
3; r; 350115; 1088; 1043; 41; 350114; 3
3; r; 361017; 1088; 941; 35; 361016; 5
3; r; 378966; 1088; 444; 15; 378965; 6
3; r; 384738; 1088; 454; 17; 384737; 5
3; r; 393713; 1088; 1071; 42; 393712; 9
3; r; 417438; 1088; 406; 12; 417437; 9
3; r; 433475; 1088; 1003; 40; 433474; 8
3; r; 445660; 1088; 755; 84; 45659; 2
3; r; 454001; 1088; 80; 5; 454000; 10
3; r; 461691; 1088; 919; 92; 61690; 1
3; r; 476440; 1088; 597; 22; 476439; 9
3; r; 504648; 1088; 888; 89; 104647; 1
3; r; 528369; 1088; 931; 33; 528368; 9
3; r; 532857; 1088; 243; 8; 532856; 8
3; r; 561064; 1088; 52; 1; 561063; 11
3; r; 575165; 1088; 909; 30; 575164; 5
3; r; 600169; 1088; 862; 29; 600168; 8
3; r; 614914; 1088; 278; 59; 214913; 8
3; r; 623247; 1088; 567; 73; 223246; 8
3; r; 625811; 1088; 992; 38; 625810; 11
3; r; 640555; 1088; 979; 98; 240554; 3
3; r; 655300; 1088; 902; 90; 255299; 7
3; r; 662990; 1088; 922; 93; 262989; 1
3; r; 665554; 1088; 848; 88; 265553; 3
3; r; 666836; 1088; 798; 86; 266835; 6
3; r; 667477; 1088; 1017; 101; 267476; 1
3; r; 692476; 1088; 513; 70; 292475; 5
3; r; 698885; 1088; 153; 51; 298884; 7
3; r; 707219; 1088; 940; 94; 307218; 5
3; r; 707860; 1088; 971; 96; 307859; 4
3; r; 727736; 1088; 558; 72; 327735; 4
3; r; 736071; 1088; 81; 48; 336070; 10
3; r; 737353; 1088; 681; 77; 337352; 4
3; r; 759788; 1088; 47; 47; 359787; 11
3; r; 765557; 1088; 732; 82; 365556; 8
3; r; 785427; 1088; 845; 87; 385426; 4
3; r; 799532; 1088; 698; 79; 399531; 7
3; r; 806582; 1088; 210; 56; 406581; 11
3; r; 811069; 1088; 975; 97; 411068; 3
3; r; 820042; 1088; 911; 91; 420041; 4
3; r; 821324; 1088; 497; 19; 821323; 10
3; r; 825812; 1088; 601; 74; 425811; 8
3; r; 858504; 1088; 994; 99; 458503; 8
3; r; 868763; 1088; 941; 95; 468762; 5
3; r; 876455; 1088; 628; 75; 476454; 10
3; r; 886073; 1088; 747; 83; 486072; 3
3; r; 887355; 1088; 522; 71; 487354; 4
3; r; 915563; 1088; 309; 60; 515562; 9
3; r; 926460; 1088; 428; 66; 526459; 4
3; r; 930306; 1088; 216; 57; 530305; 8
3; r; 934154; 1088; 476; 69; 534153; 6
3; r; 938000; 1088; 352; 63; 537999; 6
3; r; 951463; 1088; 1036; 102; 551462; 5
3; r; 954027; 1088; 324; 62; 554026; 6
3; r; 957874; 1088; 412; 65; 557873; 6
3; r; 961079; 1088; 686; 143; 161078; 3
3; r; 973900; 1088; 779; 85; 573899; 6
3; r; 975182; 1088; 181; 53; 575181; 10
3; r; 981591; 1088; 670; 76; 581590; 7
3; r; 998902; 1088; 922; 155; 198901; 1
3; r; 1004030; 1088; 168; 52; 604029; 10
3; r; 1013644; 1088; 316; 61; 613643; 7
3; r; 1038644; 1088; 27; 45; 638643; 9
3; r; 1046980; 1088; 22; 44; 646979; 9
3; r; 1052751; 1088; 145; 50; 652750; 9
3; r; 1064290; 1088; 363; 64; 664289; 9
3; r; 1071340; 1088; 730; 81; 671339; 8
3; r; 1105314; 1088; 642; 140; 305313; 6
3; r; 1106597; 1088; 513; 135; 306596; 5
3; r; 1110443; 1088; 126; 49; 710442; 10
3; r; 1111084; 1088; 575; 136; 311083; 6
3; r; 1186732; 1088; 657; 141; 386731; 3
3; r; 1193783; 1088; 1043; 160; 393782; 3
3; r; 1209811; 1088; 720; 145; 409810; 3
3; r; 1214939; 1088; 274; 121; 414938; 8
3; r; 1240580; 1088; 856; 154; 440579; 3
3; r; 1259173; 1088; 280; 122; 459172; 8
3; r; 1269430; 1088; 1077; 104; 869429; 3
3; r; 1271994; 1088; 747; 149; 471993; 4
3; r; 1281610; 1088; 184; 117; 481609; 7
3; r; 1289943; 1088; 852; 153; 489942; 2
3; r; 1296993; 1088; 183; 116; 496992; 9
3; r; 1297634; 1088; 241; 120; 497633; 8
3; r; 1299557; 1088; 616; 139; 499556; 4
3; r; 1313022; 1088; 729; 80; 913021; 8
3; r; 1320715; 1088; 979; 157; 520714; 2
3; r; 1324564; 1088; 249; 58; 924563; 8
3; r; 1341872; 1088; 696; 78; 941871; 11
3; r; 1375204; 1088; 31; 46; 975203; 10
3; r; 1375845; 1088; 351; 130; 575844; 7
3; r; 1377768; 1088; 745; 148; 577767; 5
3; r; 1379050; 1088; 450; 67; 979049; 8
3; r; 1379691; 1088; 52; 107; 579690; 8
3; r; 1389950; 1088; 306; 126; 589949; 9
3; r; 1390591; 1088; 181; 115; 590590; 8
3; r; 1422645; 1088; 599; 138; 622644; 8
3; r; 1475210; 1088; 340; 128; 675209; 7
3; r; 1479056; 1088; 21; 43; 1079055; 11
3; r; 1486108; 1088; 498; 134; 686107; 9
3; r; 1491236; 1088; 732; 146; 691235; 7
3; r; 1491877; 1088; 999; 159; 691876; 6
3; r; 1492518; 1088; 169; 114; 692517; 10
3; r; 1519447; 1088; 187; 118; 719446; 8
3; r; 1523935; 1088; 762; 150; 723934; 9
3; r; 1531628; 1088; 200; 55; 1131627; 11
3; r; 1536115; 1088; 1075; 161; 736114; 5
3; r; 1549580; 1088; 293; 124; 749579; 6
3; r; 1586131; 1088; 69; 108; 786130; 10
3; r; 1597674; 1088; 130; 110; 797673; 8
3; r; 1604730; 1088; 147; 112; 804729; 10
3; r; 1615631; 1088; 716; 144; 815630; 4
3; r; 1616273; 1088; 70; 109; 816272; 12
3; r; 1616915; 1088; 736; 147; 816914; 7
3; r; 1625252; 1088; 398; 132; 825251; 10
3; r; 1629101; 1088; 308; 127; 829100; 10
3; r; 1648339; 1088; 993; 158; 848338; 9
3; r; 1665656; 1088; 281; 123; 865655; 8
3; r; 1673997; 1088; 660; 142; 873996; 9
3; r; 1690680; 1088; 934; 156; 890679; 8
3; r; 1694529; 1088; 133; 111; 894528; 10
3; r; 1699660; 1088; 3; 105; 899659; 11
3; r; 1708647; 1088; 410; 133; 908646; 7
3; r; 1734983; 1088; 305; 125; 934982; 8
3; r; 1740768; 1088; 778; 151; 940767; 5
3; r; 1741411; 1088; 842; 152; 941410; 5
3; r; 1742695; 1088; 238; 119; 942694; 10
3; r; 1756194; 1088; 38; 106; 956193; 11
3; r; 1781913; 1088; 345; 129; 981912; 9
3; r; 1796074; 1088; 1065; 103; 1396073; 14
3; r; 1829565; 1088; 158; 113; 1029564; 10
3; r; 1850970; 1088; 453; 68; 1450969; 7
3; r; 1858122; 1088; 361; 131; 1058121; 8
3; r; 1870740; 1088; 591; 137; 1070739; 7
4; r; 3301; 1088; 522; 13; 3300; 4
4; r; 21927; 1088; 882; 34; 21926; 3
4; r; 23210; 1088; 1050; 41; 23209; 1
4; r; 28339; 1088; 821; 27; 28338; 2
4; r; 34748; 1088; 824; 28; 34747; 2
4; r; 48209; 1088; 1013; 37; 48208; 3
4; r; 102056; 1088; 877; 32; 102055; 4
4; r; 108466; 1088; 439; 10; 108465; 7
4; r; 117440; 1088; 278; 7; 117439; 8
4; r; 125776; 1088; 14; 1; 125775; 9
4; r; 143723; 1088; 895; 35; 143722; 6
4; r; 146927; 1088; 870; 31; 146926; 5
4; r; 150773; 1088; 702; 19; 150772; 8
4; r; 169364; 1088; 856; 29; 169363; 2
4; r; 176415; 1088; 679; 18; 176414; 5
4; r; 185390; 1088; 1033; 40; 185389; 5
4; r; 189237; 1088; 722; 21; 189236; 2
4; r; 199493; 1088; 250; 5; 199492; 7
4; r; 203979; 1088; 256; 6; 203978; 7
4; r; 228343; 1088; 750; 23; 228342; 3
4; r; 232189; 1088; 811; 25; 232188; 3
4; r; 256548; 1088; 1014; 38; 256547; 2
4; r; 273858; 1088; 571; 15; 273857; 7
4; r; 275140; 1088; 84; 3; 275139; 9
4; r; 290526; 1088; 737; 22; 290525; 6
4; r; 292449; 1088; 1028; 39; 292448; 7
4; r; 296295; 1088; 863; 30; 296294; 8
4; r; 296936; 1088; 281; 8; 296935; 7
4; r; 344377; 1088; 990; 36; 344376; 9
4; r; 348863; 1088; 880; 33; 348862; 5
4; r; 350786; 1088; 186; 4; 350785; 8
4; r; 353349; 1088; 633; 16; 353348; 9
4; r; 356555; 1088; 495; 12; 356554; 10
4; r; 393736; 1088; 639; 17; 393735; 7
4; r; 398867; 1088; 408; 9; 398866; 6
4; r; 405919; 1088; 65; 2; 405918; 10
4; r; 448241; 1088; 568; 14; 448240; 7
4; r; 452728; 1088; 1060; 42; 452727; 8
4; r; 471316; 1088; 508; 58; 71315; 6
4; r; 509137; 1088; 718; 20; 509136; 4
4; r; 512344; 1088; 819; 26; 512343; 3
4; r; 514267; 1088; 978; 89; 114266; 3
4; r; 547605; 1088; 7; 0; 547604; 11
4; r; 566197; 1088; 763; 77; 166196; 7
4; r; 568762; 1088; 489; 57; 168761; 6
4; r; 574531; 1088; 631; 65; 174530; 7
4; r; 577737; 1088; 719; 75; 177736; 3
4; r; 593764; 1088; 515; 59; 193763; 6
4; r; 600816; 1088; 718; 74; 200815; 3
4; r; 604662; 1088; 1017; 90; 204661; 1
4; r; 605945; 1088; 408; 54; 205944; 8
4; r; 614918; 1088; 841; 82; 214917; 4
4; r; 646972; 1088; 714; 72; 246971; 4
4; r; 695053; 1088; 780; 24; 695052; 5
4; r; 725184; 1088; 730; 76; 325183; 8
4; r; 730952; 1088; 847; 83; 330951; 3
4; r; 732234; 1088; 691; 69; 332233; 4
4; r; 732875; 1088; 583; 63; 332874; 4
4; r; 736080; 1088; 304; 51; 336079; 8
4; r; 738005; 1088; 922; 85; 338004; 1
4; r; 741212; 1088; 1047; 92; 341211; 5
4; r; 750186; 1088; 799; 79; 350185; 7
4; r; 763649; 1088; 710; 70; 363648; 5
4; r; 765573; 1088; 1079; 94; 365572; 2
4; r; 796985; 1088; 136; 47; 396984; 8
4; r; 809804; 1088; 711; 71; 409803; 4
4; r; 845069; 1088; 542; 61; 445068; 9
4; r; 851478; 1088; 715; 73; 451477; 4
4; r; 858529; 1088; 971; 87; 458528; 5
4; r; 865580; 1088; 468; 56; 465579; 8
4; r; 878406; 1088; 674; 67; 478405; 7
4; r; 885457; 1088; 607; 64; 485456; 8
4; r; 888662; 1088; 95; 44; 488661; 6
4; r; 911098; 1088; 682; 68; 511097; 4
4; r; 911739; 1088; 184; 48; 511738; 9
4; r; 929689; 1088; 1; 43; 529688; 10
4; r; 944432; 1088; 101; 45; 544431; 10
4; r; 952125; 1088; 515; 119; 152124; 4
4; r; 970714; 1088; 528; 60; 570713; 10
4; r; 973920; 1088; 196; 50; 573919; 7
4; r; 974561; 1088; 772; 134; 174560; 6
4; r; 995718; 1088; 566; 62; 595717; 11
4; r; 996359; 1088; 774; 78; 596358; 7
4; r; 1000205; 1088; 351; 53; 600204; 7
4; r; 1015590; 1088; 975; 88; 615589; 4
4; r; 1034824; 1088; 874; 84; 634823; 4
4; r; 1035466; 1088; 938; 136; 235465; 7
4; r; 1062390; 1088; 1033; 91; 662389; 6
4; r; 1087395; 1088; 409; 112; 287394; 7
4; r; 1094447; 1088; 541; 120; 294446; 7
4; r; 1095088; 1088; 712; 129; 295087; 4
4; r; 1107270; 1088; 943; 86; 707269; 4
4; r; 1112399; 1088; 801; 80; 712398; 6
4; r; 1115606; 1088; 714; 130; 315605; 4
4; r; 1137399; 1088; 743; 132; 337398; 4
4; r; 1172660; 1088; 48; 95; 372659; 10
4; r; 1173943; 1088; 1061; 93; 773942; 9
4; r; 1175867; 1088; 701; 127; 375866; 6
4; r; 1192534; 1088; 156; 102; 392533; 8
4; r; 1193175; 1088; 709; 128; 393174; 6
4; r; 1195098; 1088; 112; 46; 795097; 9
4; r; 1203432; 1088; 660; 66; 803431; 9
4; r; 1218815; 1088; 685; 126; 418814; 7
4; r; 1222661; 1088; 505; 118; 422660; 6
4; r; 1227150; 1088; 418; 113; 427149; 6
4; r; 1228433; 1088; 466; 116; 428432; 8
4; r; 1234843; 1088; 208; 105; 434842; 7
4; r; 1259204; 1088; 848; 135; 459203; 3
4; r; 1264973; 1088; 193; 49; 864972; 9
4; r; 1270100; 1088; 461; 55; 870099; 10
4; r; 1279715; 1088; 362; 110; 479714; 8
4; r; 1286767; 1088; 545; 121; 486766; 6
4; r; 1289973; 1088; 1077; 144; 489972; 2
4; r; 1298948; 1088; 826; 81; 898947; 9
4; r; 1347672; 1088; 664; 124; 547671; 7
4; r; 1348954; 1088; 326; 52; 948953; 10
4; r; 1351518; 1088; 483; 117; 551517; 8
4; r; 1361135; 1088; 60; 96; 561134; 8
4; r; 1364981; 1088; 150; 100; 564980; 11
4; r; 1381653; 1088; 202; 104; 581652; 10
4; r; 1397686; 1088; 452; 115; 597685; 6
4; r; 1398968; 1088; 722; 131; 598967; 3
4; r; 1413076; 1088; 758; 133; 613075; 4
4; r; 1416282; 1088; 210; 106; 616281; 8
4; r; 1434247; 1088; 65; 97; 634246; 7
4; r; 1442585; 1088; 439; 114; 642584; 10
4; r; 1450285; 1088; 252; 107; 650284; 7
4; r; 1463754; 1088; 570; 123; 663753; 7
4; r; 1484290; 1088; 972; 138; 684289; 7
4; r; 1485575; 1088; 398; 111; 685574; 10
4; r; 1487499; 1088; 164; 103; 687498; 7
4; r; 1491987; 1088; 108; 98; 691986; 10
4; r; 1500982; 1088; 556; 122; 700981; 6
4; r; 1503547; 1088; 1064; 143; 703546; 8
4; r; 1504188; 1088; 1026; 140; 704187; 7
4; r; 1547826; 1088; 118; 99; 747825; 9
4; r; 1564516; 1088; 310; 109; 764515; 8
4; r; 1569020; 1088; 153; 101; 769019; 9
4; r; 1604966; 1088; 295; 108; 804965; 7
4; r; 1612048; 1088; 1063; 142; 812047; 9
4; r; 1699532; 1088; 961; 137; 899531; 15
5; r; 33379; 1088; 816; 37; 33378; 4
5; r; 48764; 1088; 318; 17; 48763; 6
5; r; 50687; 1088; 894; 41; 50686; 9
5; r; 68645; 1088; 836; 38; 68644; 8
5; r; 76984; 1088; 1047; 45; 76983; 3
5; r; 86604; 1088; 923; 44; 86603; 1
5; r; 109045; 1088; 640; 30; 109044; 7
5; r; 123148; 1088; 325; 18; 123147; 6
5; r; 128917; 1088; 846; 40; 128916; 3
5; r; 169943; 1088; 236; 10; 169942; 10
5; r; 170584; 1088; 287; 14; 170583; 9
5; r; 181482; 1088; 373; 22; 181481; 9
5; r; 194947; 1088; 659; 31; 194946; 4
5; r; 206483; 1088; 774; 35; 206482; 8
5; r; 209048; 1088; 1068; 48; 209047; 5
5; r; 219304; 1088; 549; 26; 219303; 5
5; r; 228922; 1088; 247; 11; 228921; 7
5; r; 250073; 1088; 84; 5; 250072; 8
5; r; 254560; 1088; 1052; 46; 254559; 1
5; r; 255842; 1088; 99; 6; 255841; 12
5; r; 278919; 1088; 762; 34; 278918; 7
5; r; 293665; 1088; 491; 24; 293664; 5
5; r; 307770; 1088; 907; 42; 307769; 4
5; r; 323157; 1088; 908; 43; 323156; 4
5; r; 323798; 1088; 1059; 47; 323797; 9
5; r; 362271; 1088; 620; 28; 362270; 4
5; r; 367400; 1088; 289; 15; 367399; 7
5; r; 371247; 1088; 77; 4; 371246; 8
5; r; 375735; 1088; 712; 33; 375734; 3
5; r; 385993; 1088; 548; 25; 385992; 5
5; r; 393685; 1088; 843; 39; 393684; 3
5; r; 422534; 1088; 587; 27; 422533; 4
5; r; 432791; 1088; 331; 19; 432790; 10
5; r; 440483; 1088; 229; 9; 440482; 7
5; r; 461001; 1088; 265; 12; 461000; 13
5; r; 467414; 1088; 316; 16; 467413; 6
5; r; 468696; 1088; 371; 21; 468695; 7
5; r; 471262; 1088; 168; 8; 471261; 11
5; r; 473184; 1088; 451; 23; 473183; 7
5; r; 480235; 1088; 37; 2; 480234; 14
5; r; 500108; 1088; 812; 36; 500107; 4
5; r; 516774; 1088; 1; 0; 516773; 13
5; r; 561012; 1088; 752; 86; 161011; 3
5; r; 562936; 1088; 693; 32; 562935; 9
5; r; 587294; 1088; 130; 7; 587293; 7
5; r; 588576; 1088; 36; 1; 588575; 11
5; r; 611016; 1088; 359; 20; 611015; 8
5; r; 613580; 1088; 622; 29; 613579; 10
5; r; 644350; 1088; 380; 65; 244349; 7
5; r; 651401; 1088; 286; 13; 651400; 6
5; r; 653965; 1088; 568; 75; 253964; 10
5; r; 661657; 1088; 47; 3; 661656; 10
5; r; 664862; 1088; 838; 92; 264861; 5
5; r; 668066; 1088; 1000; 101; 268065; 8
5; r; 683451; 1088; 150; 56; 283450; 8
5; r; 691785; 1088; 989; 100; 291784; 1
5; r; 694990; 1088; 740; 84; 294989; 4
5; r; 700758; 1088; 890; 95; 300757; 1
5; r; 709734; 1088; 772; 88; 309733; 6
5; r; 713581; 1088; 619; 76; 313580; 5
5; r; 714222; 1088; 638; 77; 314221; 6
5; r; 718710; 1088; 676; 80; 318709; 5
5; r; 726403; 1088; 522; 73; 326402; 6
5; r; 769354; 1088; 1031; 103; 369353; 7
5; r; 795641; 1088; 358; 64; 395640; 6
5; r; 804614; 1088; 712; 81; 404613; 5
5; r; 805896; 1088; 486; 70; 405895; 5
5; r; 809100; 1088; 504; 72; 409099; 7
5; r; 823202; 1088; 755; 87; 423201; 3
5; r; 830254; 1088; 909; 97; 430253; 5
5; r; 851407; 1088; 641; 78; 451406; 6
5; r; 859740; 1088; 774; 89; 459739; 9
5; r; 868716; 1088; 646; 79; 468715; 5
5; r; 870639; 1088; 385; 66; 470638; 6
5; r; 871921; 1088; 543; 74; 471920; 8
5; r; 884743; 1088; 82; 52; 484742; 9
5; r; 887948; 1088; 737; 83; 487947; 7
5; r; 901412; 1088; 245; 59; 501411; 8
5; r; 904618; 1088; 50; 49; 504617; 9
5; r; 908464; 1088; 836; 91; 508463; 8
5; r; 917439; 1088; 940; 99; 517438; 4
5; r; 944359; 1088; 56; 51; 544358; 8
5; r; 946282; 1088; 1059; 104; 546281; 6
5; r; 947564; 1088; 398; 67; 547563; 9
5; r; 955259; 1088; 336; 62; 555258; 9
5; r; 960389; 1088; 87; 53; 560388; 8
5; r; 962953; 1088; 1050; 157; 162952; 1
5; r; 976417; 1088; 269; 60; 576416; 8
5; r; 977699; 1088; 321; 61; 577698; 6
5; r; 995009; 1088; 723; 142; 195008; 3
5; r; 996291; 1088; 465; 69; 596290; 10
5; r; 996932; 1088; 886; 151; 196931; 2
5; r; 1017447; 1088; 850; 93; 617446; 3
5; r; 1062328; 1088; 496; 71; 662327; 10
5; r; 1069381; 1088; 894; 96; 669380; 8
5; r; 1084765; 1088; 357; 63; 684764; 8
5; r; 1127075; 1088; 800; 90; 727074; 6
5; r; 1138615; 1088; 668; 138; 338614; 7
5; r; 1143743; 1088; 215; 57; 743742; 7
5; r; 1145667; 1088; 375; 119; 345666; 6
5; r; 1154002; 1088; 53; 50; 754001; 9
5; r; 1171950; 1088; 410; 122; 371949; 6
5; r; 1200159; 1088; 747; 85; 800158; 6
5; r; 1201441; 1088; 666; 137; 401440; 7
5; r; 1213621; 1088; 691; 140; 413620; 3
5; r; 1216827; 1088; 618; 134; 416826; 3
5; r; 1220673; 1088; 140; 112; 420672; 8
5; r; 1226444; 1088; 650; 135; 426443; 4
5; r; 1233495; 1088; 928; 98; 833494; 7
5; r; 1252726; 1088; 855; 94; 852725; 4
5; r; 1273878; 1088; 1073; 159; 473877; 5
5; r; 1284136; 1088; 1026; 102; 884135; 10
5; r; 1285418; 1088; 780; 144; 485417; 4
5; r; 1316187; 1088; 876; 149; 516186; 3
5; r; 1321957; 1088; 441; 68; 921956; 8
5; r; 1345039; 1088; 792; 145; 545038; 9
5; r; 1346962; 1088; 423; 123; 546961; 4
5; r; 1347604; 1088; 552; 131; 547603; 4
5; r; 1352091; 1088; 305; 117; 552090; 8
5; r; 1353373; 1088; 685; 139; 553372; 4
5; r; 1370681; 1088; 526; 128; 570680; 4
5; r; 1372604; 1088; 119; 110; 572603; 7
5; r; 1410429; 1088; 1072; 158; 610428; 4
5; r; 1414275; 1088; 589; 132; 614274; 5
5; r; 1464923; 1088; 75; 108; 664922; 10
5; r; 1465564; 1088; 279; 115; 665563; 9
5; r; 1503393; 1088; 498; 127; 703392; 8
5; r; 1527117; 1088; 287; 116; 727116; 6
5; r; 1532250; 1088; 532; 130; 732249; 8
5; r; 1546998; 1088; 665; 136; 746997; 12
5; r; 1553410; 1088; 448; 124; 753409; 6
5; r; 1556618; 1088; 749; 143; 756617; 4
5; r; 1564952; 1088; 262; 114; 764951; 9
5; r; 1571365; 1088; 1025; 155; 771364; 8
5; r; 1586768; 1088; 884; 150; 786767; 3
5; r; 1604092; 1088; 202; 113; 804091; 11
5; r; 1607943; 1088; 132; 111; 807942; 11
5; r; 1609871; 1088; 383; 120; 809870; 8
5; r; 1613079; 1088; 965; 153; 813078; 6
5; r; 1620136; 1088; 695; 141; 820135; 9
5; r; 1627834; 1088; 36; 107; 827833; 11
5; r; 1628475; 1088; 793; 146; 828474; 9
5; r; 1633604; 1088; 894; 152; 833603; 8
5; r; 1638095; 1088; 870; 148; 838094; 6
5; r; 1649002; 1088; 341; 118; 849001; 9
5; r; 1663763; 1088; 462; 126; 863762; 9
5; r; 1666329; 1088; 32; 106; 866328; 8
5; r; 1695837; 1088; 527; 129; 895836; 8
5; r; 1699687; 1088; 458; 125; 899686; 7
5; r; 1711232; 1088; 398; 121; 911231; 9
5; r; 1722778; 1088; 230; 58; 1322777; 10
5; r; 1735611; 1088; 596; 133; 935610; 10
5; r; 1790864; 1088; 729; 82; 1390863; 10
5; r; 1843062; 1088; 28; 105; 1043061; 9
5; r; 1845632; 1088; 974; 154; 1045631; 5
5; r; 1852775; 1088; 87; 109; 1052774; 8
6; r; 663; 1088; 1015; 54; 662; 2
6; r; 26320; 1088; 687; 39; 26319; 3
6; r; 53892; 1088; 1018; 55; 53891; 1
6; r; 63506; 1088; 1019; 56; 63505; 1
6; r; 67355; 1088; 552; 27; 67354; 4
6; r; 92357; 1088; 911; 47; 92356; 4
6; r; 92998; 1088; 857; 45; 92997; 2
6; r; 111591; 1088; 567; 29; 111590; 10
6; r; 121850; 1088; 790; 43; 121849; 7
6; r; 131467; 1088; 705; 40; 131466; 5
6; r; 142366; 1088; 195; 9; 142365; 6
6; r; 157754; 1088; 1005; 53; 157753; 6
6; r; 170576; 1088; 208; 10; 170575; 8
6; r; 174426; 1088; 347; 17; 174425; 7
6; r; 191093; 1088; 992; 52; 191092; 8
6; r; 196861; 1088; 363; 19; 196860; 9
6; r; 210320; 1088; 438; 24; 210319; 8
6; r; 217375; 1088; 950; 49; 217374; 2
6; r; 220580; 1088; 780; 42; 220579; 4
6; r; 226351; 1088; 1022; 57; 226350; 1
6; r; 235968; 1088; 1048; 60; 235967; 2
6; r; 268659; 1088; 412; 23; 268658; 7
6; r; 287891; 1088; 668; 36; 287890; 9
6; r; 294943; 1088; 824; 44; 294942; 2
6; r; 296866; 1088; 981; 51; 296865; 2
6; r; 301353; 1088; 41; 1; 301352; 11
6; r; 308405; 1088; 903; 46; 308404; 7
6; r; 328917; 1088; 1071; 61; 328916; 5
6; r; 337250; 1088; 675; 37; 337249; 5
6; r; 353276; 1088; 1044; 59; 353275; 3
6; r; 353917; 1088; 525; 26; 353916; 5
6; r; 369944; 1088; 1042; 58; 369943; 3
6; r; 370585; 1088; 316; 15; 370584; 7
6; r; 387895; 1088; 5; 0; 387894; 12
6; r; 424435; 1088; 926; 48; 424434; 8
6; r; 464186; 1088; 398; 22; 464185; 10
6; r; 466108; 1088; 603; 32; 466107; 11
6; r; 482773; 1088; 472; 25; 482772; 8
6; r; 487262; 1088; 366; 21; 487261; 10
6; r; 493673; 1088; 365; 20; 493672; 11
6; r; 513544; 1088; 229; 12; 513543; 6
6; r; 515467; 1088; 1051; 113; 115466; 1
6; r; 527649; 1088; 165; 7; 527648; 12
6; r; 530854; 1088; 626; 34; 530853; 4
6; r; 543674; 1088; 99; 3; 543673; 11
6; r; 547520; 1088; 575; 30; 547519; 6
6; r; 555210; 1088; 361; 18; 555209; 6
6; r; 585981; 1088; 681; 38; 585980; 4
6; r; 624443; 1088; 611; 33; 624442; 5
6; r; 627008; 1088; 284; 13; 627007; 7
6; r; 641110; 1088; 166; 8; 641109; 12
6; r; 653289; 1088; 554; 28; 653288; 6
6; r; 668038; 1088; 309; 14; 668037; 8
6; r; 673167; 1088; 336; 16; 673166; 9
6; r; 715480; 1088; 1082; 115; 315479; 1
6; r; 742402; 1088; 137; 5; 742401; 11
6; r; 759070; 1088; 591; 31; 759069; 7
6; r; 767405; 1088; 85; 2; 767404; 9
6; r; 782146; 1088; 627; 35; 782145; 10
6; r; 828944; 1088; 112; 4; 828943; 8
6; r; 868055; 1088; 558; 94; 468054; 3
6; r; 870619; 1088; 945; 108; 470618; 4
6; r; 890495; 1088; 304; 78; 490494; 9
6; r; 893701; 1088; 480; 86; 493700; 6
6; r; 898829; 1088; 887; 107; 498828; 2
6; r; 922550; 1088; 557; 93; 522549; 7
6; r; 930884; 1088; 763; 41; 930883; 8
6; r; 961009; 1088; 204; 75; 561008; 9
6; r; 961650; 1088; 817; 106; 561649; 3
6; r; 968062; 1088; 212; 11; 968061; 9
6; r; 968703; 1088; 628; 99; 568702; 9
6; r; 971907; 1088; 707; 103; 571906; 4
6; r; 975111; 1088; 481; 87; 575110; 7
6; r; 997548; 1088; 666; 101; 597547; 10
6; r; 1000111; 1088; 510; 89; 600110; 7
6; r; 1010369; 1088; 547; 92; 610368; 6
6; r; 1018703; 1088; 958; 50; 1018702; 10
6; r; 1019344; 1088; 326; 79; 619343; 8
6; r; 1027678; 1088; 77; 68; 627677; 9
6; r; 1043704; 1088; 730; 104; 643703; 7
6; r; 1046909; 1088; 513; 90; 646908; 6
6; r; 1073835; 1088; 168; 72; 673834; 11
6; r; 1084091; 1088; 151; 6; 1084090; 9
6; r; 1086014; 1088; 473; 85; 686013; 8
6; r; 1088578; 1088; 336; 80; 688577; 8
6; r; 1112299; 1088; 368; 82; 712298; 11
6; r; 1118711; 1088; 972; 110; 718710; 5
6; r; 1119352; 1088; 50; 63; 719351; 9
6; r; 1121916; 1088; 918; 167; 321915; 2
6; r; 1127685; 1088; 261; 135; 327684; 6
6; r; 1143711; 1088; 303; 77; 743710; 10
6; r; 1147557; 1088; 379; 83; 747556; 9
6; r; 1152044; 1088; 812; 105; 752043; 4
6; r; 1170636; 1088; 564; 97; 770635; 8
6; r; 1171918; 1088; 51; 64; 771917; 11
6; r; 1175123; 1088; 495; 88; 775122; 10
6; r; 1184739; 1088; 820; 158; 384738; 2
6; r; 1198841; 1088; 953; 168; 398840; 1
6; r; 1209738; 1088; 846; 160; 409737; 3
6; r; 1219355; 1088; 339; 81; 819354; 8
6; r; 1219996; 1088; 183; 74; 819995; 8
6; r; 1221919; 1088; 912; 166; 421918; 2
6; r; 1252695; 1088; 110; 71; 852694; 9
6; r; 1262312; 1088; 993; 111; 862311; 9
6; r; 1270005; 1088; 72; 67; 870004; 11
6; r; 1285388; 1088; 721; 152; 485387; 3
6; r; 1291797; 1088; 560; 95; 891796; 5
6; r; 1302694; 1088; 533; 91; 902693; 10
6; r; 1314232; 1088; 1083; 172; 514231; 1
6; r; 1357185; 1088; 1005; 112; 957184; 7
6; r; 1366160; 1088; 607; 98; 966159; 7
6; r; 1370006; 1088; 780; 156; 570005; 4
6; r; 1387953; 1088; 88; 69; 987952; 7
6; r; 1393726; 1088; 964; 109; 993725; 8
6; r; 1416162; 1088; 546; 148; 616161; 5
6; r; 1416803; 1088; 201; 131; 616802; 8
6; r; 1417444; 1088; 670; 102; 1017443; 6
6; r; 1441800; 1088; 484; 143; 641799; 6
6; r; 1450774; 1088; 435; 84; 1050773; 8
6; r; 1460389; 1088; 824; 159; 660388; 2
6; r; 1468723; 1088; 221; 132; 668722; 8
6; r; 1496293; 1088; 70; 66; 1096292; 11
6; r; 1504627; 1088; 854; 162; 704626; 3
6; r; 1507832; 1088; 562; 96; 1107831; 9
6; r; 1510396; 1088; 173; 73; 1110395; 8
6; r; 1512319; 1088; 457; 140; 712318; 9
6; r; 1563606; 1088; 735; 154; 763605; 6
6; r; 1566811; 1088; 518; 145; 766810; 5
6; r; 1568093; 1088; 151; 128; 768092; 8
6; r; 1575786; 1088; 848; 161; 775785; 4
6; r; 1586045; 1088; 1069; 114; 1186044; 10
6; r; 1587327; 1088; 446; 139; 787326; 7
6; r; 1594380; 1088; 855; 163; 794379; 4
6; r; 1598226; 1088; 94; 123; 798225; 9
6; r; 1606561; 1088; 978; 169; 806560; 6
6; r; 1609125; 1088; 251; 134; 809124; 7
6; r; 1631566; 1088; 569; 149; 831565; 7
6; r; 1639261; 1088; 106; 125; 839260; 9
6; r; 1642469; 1088; 861; 164; 842468; 9
6; r; 1649525; 1088; 491; 144; 849524; 5
6; r; 1650166; 1088; 464; 141; 850165; 9
6; r; 1659145; 1088; 67; 65; 1259144; 10
6; r; 1659786; 1088; 141; 126; 859785; 11
6; r; 1670687; 1088; 312; 136; 870686; 7
6; r; 1671971; 1088; 783; 157; 871970; 3
6; r; 1686087; 1088; 699; 151; 886086; 9
6; r; 1717519; 1088; 865; 165; 917518; 8
6; r; 1718160; 1088; 405; 138; 918159; 8
6; r; 1723929; 1088; 33; 118; 923928; 10
6; r; 1734835; 1088; 724; 153; 934834; 3
6; r; 1756643; 1088; 622; 150; 956642; 5
6; r; 1766908; 1088; 88; 122; 966907; 7
6; r; 1775895; 1088; 27; 117; 975894; 11
6; r; 1778462; 1088; 75; 121; 978461; 10
6; r; 1779745; 1088; 242; 133; 979744; 10
6; r; 1781674; 1088; 64; 120; 981673; 10
6; r; 1796449; 1088; 164; 129; 996448; 8
6; r; 1812507; 1088; 467; 142; 1012506; 9
6; r; 1841416; 1088; 7; 116; 1041415; 11
6; r; 1856193; 1088; 97; 124; 1056192; 10
6; r; 1872277; 1088; 101; 70; 1472276; 11
6; r; 1874205; 1088; 759; 155; 1074204; 12
6; r; 1894135; 1088; 533; 147; 1094134; 9
6; r; 1899308; 1088; 265; 76; 1499307; 11
6; r; 1923207; 1088; 45; 119; 1123206; 10
6; r; 1924496; 1088; 142; 127; 1124495; 11
6; r; 1930313; 1088; 530; 146; 1130312; 12
6; r; 1932249; 1088; 182; 130; 1132248; 7
6; r; 1963365; 1088; 1062; 171; 1163364; 10
6; r; 1966681; 1088; 383; 137; 1166680; 8
6; r; 1971274; 1088; 1039; 170; 1171273; 5
7; r; 10283; 1088; 612; 32; 10282; 5
7; r; 31457; 1088; 620; 33; 31456; 4
7; r; 82752; 1088; 166; 12; 82751; 9
7; r; 91088; 1088; 68; 6; 91087; 12
7; r; 101986; 1088; 696; 34; 101985; 8
7; r; 108396; 1088; 412; 25; 108395; 5
7; r; 144301; 1088; 253; 18; 144300; 9
7; r; 154558; 1088; 88; 7; 154557; 11
7; r; 160968; 1088; 334; 22; 160967; 11
7; r; 200714; 1088; 1019; 41; 200713; 1
7; r; 209689; 1088; 547; 29; 209688; 7
7; r; 217381; 1088; 527; 28; 217380; 7
7; r; 227000; 1088; 64; 5; 226999; 10
7; r; 237903; 1088; 367; 23; 237902; 10
7; r; 240467; 1088; 19; 1; 240466; 8
7; r; 243672; 1088; 900; 39; 243671; 6
7; r; 252004; 1088; 219; 13; 252003; 5
7; r; 278929; 1088; 429; 26; 278928; 11
7; r; 285980; 1088; 230; 14; 285979; 8
7; r; 299444; 1088; 718; 37; 299443; 4
7; r; 303291; 1088; 916; 40; 303290; 2
7; r; 307137; 1088; 571; 30; 307136; 8
7; r; 335349; 1088; 234; 15; 335348; 10
7; r; 336631; 1088; 519; 27; 336630; 5
7; r; 340477; 1088; 827; 38; 340476; 9
7; r; 352657; 1088; 391; 24; 352656; 6
7; r; 359709; 1088; 268; 19; 359708; 9
7; r; 371890; 1088; 1063; 42; 371889; 9
7; r; 373172; 1088; 236; 16; 373171; 12
7; r; 373813; 1088; 22; 2; 373812; 8
7; r; 378302; 1088; 296; 21; 378301; 7
7; r; 386638; 1088; 708; 36; 386637; 4
7; r; 403950; 1088; 100; 9; 403949; 10
7; r; 414207; 1088; 95; 8; 414206; 8
7; r; 424465; 1088; 281; 20; 424464; 11
7; r; 439210; 1088; 61; 4; 439209; 10
7; r; 471269; 1088; 580; 72; 71268; 6
7; r; 481526; 1088; 161; 10; 481525; 9
7; r; 506535; 1088; 1016; 96; 106534; 1
7; r; 523205; 1088; 216; 56; 123204; 8
7; r; 543718; 1088; 702; 35; 543717; 11
7; r; 545000; 1088; 241; 17; 544999; 9
7; r; 550770; 1088; 2; 0; 550769; 14
7; r; 558465; 1088; 277; 61; 158464; 8
7; r; 563593; 1088; 1081; 99; 163592; 2
7; r; 577053; 1088; 605; 75; 177052; 7
7; r; 582181; 1088; 716; 78; 182180; 3
7; r; 590515; 1088; 759; 79; 190514; 7
7; r; 601414; 1088; 581; 31; 601413; 5
7; r; 609107; 1088; 142; 49; 209106; 7
7; r; 616801; 1088; 312; 62; 216800; 9
7; r; 617442; 1088; 908; 90; 217441; 4
7; r; 624493; 1088; 785; 83; 224492; 4
7; r; 634753; 1088; 844; 87; 234752; 3
7; r; 643086; 1088; 52; 3; 643085; 10
7; r; 645009; 1088; 377; 64; 245008; 7
7; r; 646292; 1088; 383; 65; 246291; 7
7; r; 665523; 1088; 165; 11; 665522; 13
7; r; 676421; 1088; 581; 73; 276420; 4
7; r; 682831; 1088; 771; 82; 282830; 6
7; r; 683472; 1088; 180; 52; 283471; 8
7; r; 705271; 1088; 813; 85; 305270; 3
7; r; 718090; 1088; 152; 50; 318089; 7
7; r; 723220; 1088; 155; 51; 323219; 7
7; r; 741811; 1088; 767; 81; 341810; 8
7; r; 758482; 1088; 456; 67; 358481; 4
7; r; 774508; 1088; 58; 46; 374507; 10
7; r; 791178; 1088; 269; 60; 391177; 9
7; r; 820024; 1088; 187; 54; 420023; 10
7; r; 824511; 1088; 820; 86; 424510; 2
7; r; 847590; 1088; 928; 91; 447589; 10
7; r; 853359; 1088; 323; 63; 453358; 6
7; r; 884130; 1088; 969; 95; 484129; 6
7; r; 888620; 1088; 1067; 98; 488619; 5
7; r; 921958; 1088; 214; 55; 521957; 8
7; r; 927085; 1088; 1039; 97; 527084; 4
7; r; 939269; 1088; 901; 89; 539268; 6
7; r; 971964; 1088; 762; 80; 571963; 7
7; r; 991201; 1088; 966; 93; 591200; 6
7; r; 991842; 1088; 716; 128; 191841; 3
7; r; 1019404; 1088; 404; 66; 619403; 9
7; r; 1020686; 1088; 247; 58; 620685; 7
7; r; 1029661; 1088; 186; 53; 629660; 9
7; r; 1046965; 1088; 967; 94; 646964; 6
7; r; 1050170; 1088; 780; 132; 250169; 4
7; r; 1050811; 1088; 845; 139; 250810; 4
7; r; 1056581; 1088; 940; 92; 656580; 5
7; r; 1057222; 1088; 796; 84; 657221; 11
7; r; 1080941; 1088; 135; 48; 680940; 11
7; r; 1088633; 1088; 348; 111; 288632; 6
7; r; 1110429; 1088; 488; 68; 710428; 6
7; r; 1151455; 1088; 984; 145; 351454; 1
7; r; 1152737; 1088; 667; 77; 752736; 9
7; r; 1167480; 1088; 839; 138; 367479; 4
7; r; 1176455; 1088; 234; 57; 776454; 9
7; r; 1183506; 1088; 619; 125; 383505; 5
7; r; 1207229; 1088; 527; 70; 807228; 5
7; r; 1213000; 1088; 34; 44; 812999; 10
7; r; 1230947; 1088; 718; 129; 430946; 3
7; r; 1242486; 1088; 722; 130; 442485; 2
7; r; 1251462; 1088; 894; 88; 851461; 9
7; r; 1261077; 1088; 819; 137; 461076; 2
7; r; 1266849; 1088; 591; 74; 866848; 5
7; r; 1270693; 1088; 584; 123; 470692; 4
7; r; 1305309; 1088; 495; 69; 905308; 10
7; r; 1309155; 1088; 356; 112; 509154; 6
7; r; 1309796; 1088; 928; 142; 509795; 7
7; r; 1310437; 1088; 1085; 151; 510436; 2
7; r; 1325180; 1088; 426; 116; 525179; 6
7; r; 1343130; 1088; 799; 134; 543129; 6
7; r; 1362362; 1088; 43; 45; 962361; 11
7; r; 1367490; 1088; 983; 144; 567489; 2
7; r; 1385438; 1088; 388; 114; 585437; 5
7; r; 1386079; 1088; 278; 109; 586078; 8
7; r; 1387363; 1088; 581; 122; 587362; 5
7; r; 1403394; 1088; 652; 126; 603393; 4
7; r; 1407240; 1088; 816; 136; 607239; 3
7; r; 1417498; 1088; 815; 135; 617497; 4
7; r; 1428394; 1088; 847; 140; 628393; 3
7; r; 1430317; 1088; 257; 59; 1030316; 7
7; r; 1453396; 1088; 471; 117; 653395; 8
7; r; 1457888; 1088; 1040; 148; 657887; 4
7; r; 1489312; 1088; 29; 43; 1089311; 10
7; r; 1501497; 1088; 496; 118; 701496; 9
7; r; 1507267; 1088; 237; 107; 707266; 9
7; r; 1522658; 1088; 1039; 147; 722657; 4
7; r; 1535483; 1088; 591; 124; 735482; 4
7; r; 1540612; 1088; 111; 103; 740611; 11
7; r; 1541894; 1088; 206; 105; 741893; 10
7; r; 1550231; 1088; 408; 115; 750230; 8
7; r; 1556002; 1088; 217; 106; 756001; 8
7; r; 1558567; 1088; 965; 143; 758566; 7
7; r; 1565622; 1088; 299; 110; 765621; 9
7; r; 1572038; 1088; 34; 100; 772037; 10
7; r; 1574603; 1088; 1062; 150; 774602; 10
7; r; 1579093; 1088; 1034; 146; 779092; 8
7; r; 1582942; 1088; 693; 127; 782941; 8
7; r; 1583583; 1088; 1060; 149; 783582; 9
7; r; 1586149; 1088; 374; 113; 786148; 9
7; r; 1635566; 1088; 499; 120; 835565; 9
7; r; 1638135; 1088; 899; 141; 838134; 6
7; r; 1652267; 1088; 54; 101; 852266; 10
7; r; 1691447; 1088; 538; 121; 891446; 8
7; r; 1694018; 1088; 157; 104; 894017; 10
7; r; 1739034; 1088; 61; 47; 1339033; 10
7; r; 1754494; 1088; 104; 102; 954493; 10
7; r; 1768026; 1088; 255; 108; 968025; 8
7; r; 1769949; 1088; 497; 119; 969948; 11
7; r; 1808867; 1088; 767; 131; 1008866; 8
8; r; 8348; 1088; 1052; 58; 8347; 1
8; r; 8989; 1088; 325; 20; 8988; 5
8; r; 28864; 1088; 753; 42; 28863; 3
8; r; 45533; 1088; 1031; 55; 45532; 7
8; r; 51943; 1088; 488; 30; 51942; 5
8; r; 65409; 1088; 807; 44; 65408; 6
8; r; 74385; 1088; 866; 48; 74384; 8
8; r; 85926; 1088; 773; 43; 85925; 5
8; r; 88491; 1088; 430; 24; 88490; 8
8; r; 119263; 1088; 933; 50; 119262; 5
8; r; 123751; 1088; 692; 37; 123750; 4
8; r; 152598; 1088; 1020; 54; 152597; 1
8; r; 160930; 1088; 1051; 57; 160929; 1
8; r; 163494; 1088; 703; 38; 163493; 6
8; r; 179526; 1088; 580; 32; 179525; 4
8; r; 196191; 1088; 689; 36; 196190; 3
8; r; 204525; 1088; 173; 8; 204524; 9
8; r; 205166; 1088; 713; 39; 205165; 3
8; r; 234010; 1088; 847; 46; 234009; 4
8; r; 242342; 1088; 421; 22; 242341; 5
8; r; 273112; 1088; 154; 6; 273111; 7
8; r; 291702; 1088; 1039; 56; 291701; 6
8; r; 296191; 1088; 741; 41; 296190; 4
8; r; 298114; 1088; 440; 25; 298113; 9
8; r; 307729; 1088; 942; 51; 307728; 3
8; r; 313497; 1088; 251; 15; 313496; 7
8; r; 356444; 1088; 974; 53; 356443; 5
8; r; 357727; 1088; 9; 0; 357726; 11
8; r; 365420; 1088; 870; 49; 365419; 6
8; r; 380809; 1088; 521; 31; 380808; 4
8; r; 401323; 1088; 232; 14; 401322; 10
8; r; 426971; 1088; 665; 35; 426970; 7
8; r; 438512; 1088; 467; 28; 438511; 9
8; r; 439794; 1088; 48; 2; 439793; 10
8; r; 456465; 1088; 621; 34; 456464; 4
8; r; 457105; 1088; 485; 29; 457104; 5
8; r; 458387; 1088; 298; 17; 458386; 10
8; r; 459669; 1088; 265; 16; 459668; 10
8; r; 462233; 1088; 963; 52; 462232; 9
8; r; 465438; 1088; 354; 21; 465437; 6
8; r; 475052; 1088; 584; 33; 475051; 4
8; r; 480181; 1088; 425; 23; 480180; 5
8; r; 505183; 1088; 445; 26; 505182; 6
8; r; 516080; 1088; 315; 18; 516079; 8
8; r; 516721; 1088; 923; 102; 116720; 1
8; r; 522490; 1088; 463; 27; 522489; 9
8; r; 525054; 1088; 205; 11; 525053; 9
8; r; 532748; 1088; 204; 10; 532747; 9
8; r; 534672; 1088; 90; 3; 534671; 7
8; r; 546211; 1088; 159; 7; 546210; 7
8; r; 551980; 1088; 217; 13; 551979; 6
8; r; 552621; 1088; 11; 1; 552620; 10
8; r; 580179; 1088; 102; 4; 580178; 10
8; r; 580820; 1088; 890; 99; 180819; 1
8; r; 583383; 1088; 728; 40; 583382; 8
8; r; 612869; 1088; 864; 47; 612868; 8
8; r; 626971; 1088; 1050; 115; 226970; 1
8; r; 639791; 1088; 789; 91; 239790; 2
8; r; 644920; 1088; 128; 5; 644919; 10
8; r; 703898; 1088; 208; 12; 703897; 10
8; r; 709029; 1088; 836; 45; 709028; 6
8; r; 709670; 1088; 319; 19; 709669; 6
8; r; 714798; 1088; 1083; 118; 314797; 1
8; r; 724413; 1088; 1046; 114; 324412; 2
8; r; 732745; 1088; 25; 60; 332744; 8
8; r; 740438; 1088; 1015; 110; 340437; 2
8; r; 755182; 1088; 256; 73; 355181; 8
8; r; 758387; 1088; 226; 72; 358386; 6
8; r; 768002; 1088; 974; 107; 368001; 5
8; r; 768643; 1088; 411; 80; 368642; 6
8; r; 794927; 1088; 626; 85; 394926; 4
8; r; 799414; 1088; 832; 95; 399413; 9
8; r; 810311; 1088; 1040; 112; 410310; 4
8; r; 810952; 1088; 835; 96; 410951; 7
8; r; 811593; 1088; 174; 9; 811592; 11
8; r; 829545; 1088; 144; 66; 429544; 8
8; r; 859034; 1088; 1042; 113; 459033; 4
8; r; 887880; 1088; 716; 89; 487879; 4
8; r; 900061; 1088; 267; 74; 500060; 10
8; r; 903266; 1088; 942; 105; 503265; 4
8; r; 907752; 1088; 202; 69; 507751; 9
8; r; 910317; 1088; 874; 98; 510316; 6
8; r; 923781; 1088; 798; 93; 523780; 6
8; r; 934679; 1088; 493; 82; 534678; 4
8; r; 968654; 1088; 193; 68; 568653; 8
8; r; 971218; 1088; 492; 81; 571217; 8
8; r; 973143; 1088; 632; 86; 573142; 8
8; r; 976350; 1088; 895; 100; 576349; 9
8; r; 981479; 1088; 691; 88; 581478; 2
8; r; 984684; 1088; 999; 108; 584683; 6
8; r; 996866; 1088; 524; 83; 596865; 4
8; r; 1026356; 1088; 930; 103; 626355; 7
8; r; 1040456; 1088; 136; 65; 640455; 9
8; r; 1076354; 1088; 748; 169; 276353; 4
8; r; 1081482; 1088; 310; 76; 681481; 9
8; r; 1100712; 1088; 863; 97; 700711; 8
8; r; 1115460; 1088; 339; 78; 715459; 8
8; r; 1126360; 1088; 968; 106; 726359; 4
8; r; 1127001; 1088; 126; 64; 727000; 8
8; r; 1128283; 1088; 633; 87; 728282; 7
8; r; 1132770; 1088; 1060; 116; 732769; 7
8; r; 1141745; 1088; 387; 151; 341744; 5
8; r; 1146874; 1088; 281; 75; 746873; 7
8; r; 1147515; 1088; 804; 94; 747514; 5
8; r; 1172512; 1088; 899; 101; 772511; 6
8; r; 1180848; 1088; 794; 92; 780847; 8
8; r; 1184696; 1088; 1027; 111; 784695; 8
8; r; 1185978; 1088; 76; 63; 785977; 9
8; r; 1194311; 1088; 479; 159; 394310; 6
8; r; 1196234; 1088; 550; 84; 796233; 6
8; r; 1201362; 1088; 208; 70; 801361; 8
8; r; 1204567; 1088; 517; 160; 404566; 5
8; r; 1216748; 1088; 1006; 109; 816747; 6
8; r; 1218671; 1088; 583; 163; 418670; 4
8; r; 1243035; 1088; 1012; 180; 443034; 3
8; r; 1251368; 1088; 382; 79; 851367; 7
8; r; 1284064; 1088; 747; 90; 884063; 5
8; r; 1294964; 1088; 956; 177; 494963; 1
8; r; 1296887; 1088; 416; 155; 496886; 6
8; r; 1304580; 1088; 326; 142; 504579; 6
8; r; 1306503; 1088; 772; 171; 506502; 5
8; r; 1310349; 1088; 331; 77; 910348; 9
8; r; 1329581; 1088; 413; 154; 529580; 6
8; r; 1343683; 1088; 747; 168; 543682; 4
8; r; 1359711; 1088; 978; 178; 559710; 3
8; r; 1402663; 1088; 730; 167; 602662; 8
8; r; 1410354; 1088; 423; 156; 610353; 7
8; r; 1416123; 1088; 1051; 182; 616122; 1
8; r; 1437278; 1088; 782; 173; 637277; 4
8; r; 1448176; 1088; 37; 61; 1048175; 11
8; r; 1452663; 1088; 768; 170; 652662; 6
8; r; 1457150; 1088; 910; 176; 657149; 4
8; r; 1466763; 1088; 217; 137; 666762; 7
8; r; 1469969; 1088; 220; 71; 1069968; 8
8; r; 1475098; 1088; 340; 145; 675097; 8
8; r; 1476381; 1088; 384; 150; 676380; 6
8; r; 1481509; 1088; 332; 144; 681508; 11
8; r; 1509715; 1088; 639; 164; 709714; 6
8; r; 1532795; 1088; 893; 175; 732794; 7
8; r; 1557158; 1088; 349; 146; 757157; 6
8; r; 1568056; 1088; 774; 172; 768055; 5
8; r; 1575749; 1088; 1003; 179; 775748; 5
8; r; 1577031; 1088; 180; 132; 777030; 8
8; r; 1594343; 1088; 375; 149; 794342; 8
8; r; 1597548; 1088; 210; 134; 797547; 8
8; r; 1598829; 1088; 1080; 117; 1198828; 4
8; r; 1604601; 1088; 2; 59; 1204600; 10
8; r; 1612297; 1088; 71; 62; 1212296; 11
8; r; 1624479; 1088; 427; 157; 824478; 5
8; r; 1652690; 1088; 46; 124; 852689; 9
8; r; 1689877; 1088; 280; 140; 889876; 7
8; r; 1691804; 1088; 361; 147; 891803; 8
8; r; 1697573; 1088; 314; 141; 897572; 7
8; r; 1700137; 1088; 570; 162; 900136; 7
8; r; 1705268; 1088; 94; 127; 905267; 9
8; r; 1709114; 1088; 697; 166; 909113; 7
8; r; 1729637; 1088; 171; 131; 929636; 9
8; r; 1733486; 1088; 669; 165; 933485; 7
8; r; 1773259; 1088; 861; 174; 973258; 9
8; r; 1801486; 1088; 260; 138; 1001485; 7
8; r; 1807907; 1088; 533; 161; 1007906; 9
8; r; 1811757; 1088; 58; 126; 1011756; 8
8; r; 1837426; 1088; 211; 135; 1037425; 8
8; r; 1838067; 1088; 22; 121; 1038066; 9
8; r; 1848329; 1088; 164; 130; 1048328; 10
8; r; 1852821; 1088; 13; 119; 1052820; 9
8; r; 1870783; 1088; 470; 158; 1070782; 9
8; r; 1871425; 1088; 42; 123; 1071424; 11
8; r; 1872066; 1088; 126; 129; 1072065; 9
8; r; 1873349; 1088; 95; 128; 1073348; 7
8; r; 1886837; 1088; 39; 122; 1086836; 11
8; r; 1890695; 1088; 327; 143; 1090694; 6
8; r; 1896466; 1088; 213; 136; 1096465; 9
8; r; 1918293; 1088; 399; 153; 1118292; 10
8; r; 1932432; 1088; 1031; 181; 1132431; 6
8; r; 1946562; 1088; 372; 148; 1146561; 8
8; r; 1954283; 1088; 54; 125; 1154282; 9
8; r; 1967766; 1088; 396; 152; 1167765; 12
8; r; 2019302; 1088; 16; 120; 1219301; 10
9; r; 25039; 1088; 827; 32; 25038; 9
9; r; 27606; 1088; 889; 36; 27605; 1
9; r; 33376; 1088; 542; 21; 33375; 6
9; r; 36583; 1088; 883; 35; 36582; 4
9; r; 37224; 1088; 493; 18; 37223; 5
9; r; 64150; 1088; 1050; 43; 64149; 1
9; r; 71204; 1088; 560; 22; 71203; 8
9; r; 115438; 1088; 984; 42; 115437; 1
9; r; 122488; 1088; 925; 38; 122487; 8
9; r; 127617; 1088; 713; 28; 127616; 4
9; r; 132747; 1088; 1; 0; 132746; 9
9; r; 141082; 1088; 935; 39; 141081; 7
9; r; 147495; 1088; 31; 2; 147494; 9
9; r; 187238; 1088; 16; 1; 187237; 10
9; r; 201983; 1088; 793; 30; 201982; 7
9; r; 204547; 1088; 815; 31; 204546; 3
9; r; 225703; 1088; 283; 8; 225702; 8
9; r; 257113; 1088; 939; 40; 257112; 6
9; r; 267368; 1088; 623; 26; 267367; 4
9; r; 291088; 1088; 318; 10; 291087; 5
9; r; 302626; 1088; 71; 3; 302625; 10
9; r; 317371; 1088; 1075; 44; 317370; 4
9; r; 345578; 1088; 124; 4; 345577; 9
9; r; 350705; 1088; 273; 7; 350704; 10
9; r; 357116; 1088; 533; 20; 357115; 11
9; r; 364170; 1088; 589; 25; 364169; 5
9; r; 400075; 1088; 358; 14; 400074; 6
9; r; 401998; 1088; 580; 24; 401997; 6
9; r; 425076; 1088; 897; 37; 425075; 9
9; r; 440460; 1088; 948; 41; 440459; 5
9; r; 452642; 1088; 468; 16; 452641; 8
9; r; 464825; 1088; 699; 27; 464824; 10
9; r; 480216; 1088; 479; 17; 480215; 7
9; r; 494964; 1088; 415; 68; 94963; 7
9; r; 503945; 1088; 359; 15; 503944; 10
9; r; 523181; 1088; 851; 33; 523180; 2
9; r; 525745; 1088; 324; 11; 525744; 6
9; r; 556516; 1088; 188; 53; 156515; 6
9; r; 558439; 1088; 292; 9; 558438; 6
9; r; 569337; 1088; 250; 58; 169336; 9
9; r; 603960; 1088; 561; 23; 603959; 13
9; r; 612936; 1088; 148; 6; 612935; 6
9; r; 614219; 1088; 337; 12; 614218; 10
9; r; 619988; 1088; 1052; 97; 219987; 1
9; r; 625758; 1088; 339; 13; 625757; 10
9; r; 633450; 1088; 130; 5; 633449; 12
9; r; 636014; 1088; 709; 83; 236013; 6
9; r; 640501; 1088; 532; 19; 640500; 10
9; r; 664859; 1088; 860; 34; 664858; 10
9; r; 683451; 1088; 592; 76; 283450; 4
9; r; 696272; 1088; 966; 93; 296271; 6
9; r; 700118; 1088; 154; 51; 300117; 7
9; r; 704605; 1088; 441; 70; 304604; 7
9; r; 712937; 1088; 589; 75; 312936; 5
9; r; 719990; 1088; 193; 54; 319989; 7
9; r; 744351; 1088; 699; 82; 344350; 10
9; r; 755890; 1088; 816; 86; 355889; 3
9; r; 757813; 1088; 615; 77; 357812; 5
9; r; 799483; 1088; 388; 66; 399482; 6
9; r; 800124; 1088; 410; 67; 400123; 8
9; r; 808457; 1088; 641; 79; 408456; 6
9; r; 827050; 1088; 972; 94; 427049; 4
9; r; 844361; 1088; 148; 50; 444360; 8
9; r; 855900; 1088; 1083; 98; 455899; 1
9; r; 864874; 1088; 140; 49; 464873; 9
9; r; 870002; 1088; 1021; 95; 470001; 1
9; r; 872566; 1088; 423; 69; 472565; 7
9; r; 899496; 1088; 887; 89; 499495; 2
9; r; 907828; 1088; 365; 64; 507827; 9
9; r; 941163; 1088; 873; 88; 541162; 5
9; r; 941804; 1088; 862; 87; 541803; 8
9; r; 942445; 1088; 341; 63; 542444; 7
9; r; 943726; 1088; 644; 80; 543725; 5
9; r; 970011; 1088; 266; 59; 570010; 10
9; r; 971934; 1088; 514; 73; 571933; 6
9; r; 994372; 1088; 128; 48; 594371; 9
9; r; 1002707; 1088; 1033; 96; 602706; 6
9; r; 1007835; 1088; 114; 47; 607834; 7
9; r; 1019374; 1088; 942; 91; 619373; 5
9; r; 1021938; 1088; 330; 62; 621937; 9
9; r; 1028990; 1088; 321; 61; 628989; 7
9; r; 1043735; 1088; 311; 60; 643734; 8
9; r; 1055915; 1088; 783; 85; 655914; 4
9; r; 1062966; 1088; 455; 71; 662965; 6
9; r; 1064249; 1088; 623; 78; 664248; 3
9; r; 1078991; 1088; 218; 57; 678990; 8
9; r; 1100149; 1088; 356; 118; 300148; 6
9; r; 1100791; 1088; 199; 56; 700790; 10
9; r; 1102714; 1088; 366; 65; 702713; 11
9; r; 1109769; 1088; 772; 29; 1109768; 8
9; r; 1116178; 1088; 553; 131; 316177; 4
9; r; 1119383; 1088; 469; 72; 719382; 9
9; r; 1153361; 1088; 1015; 153; 353360; 2
9; r; 1157208; 1088; 746; 137; 357207; 4
9; r; 1178364; 1088; 624; 133; 378363; 4
9; r; 1209133; 1088; 27; 46; 809132; 8
9; r; 1214902; 1088; 918; 90; 814901; 2
9; r; 1218748; 1088; 707; 136; 418747; 5
9; r; 1230927; 1088; 1018; 154; 430926; 1
9; r; 1231569; 1088; 940; 149; 431568; 5
9; r; 1241825; 1088; 531; 74; 841824; 11
9; r; 1245672; 1088; 467; 127; 445671; 8
9; r; 1247595; 1088; 517; 130; 447594; 5
9; r; 1250801; 1088; 769; 84; 850800; 7
9; r; 1262982; 1088; 366; 120; 462981; 10
9; r; 1264264; 1088; 816; 141; 464263; 3
9; r; 1269393; 1088; 962; 92; 869392; 9
9; r; 1288624; 1088; 797; 140; 488623; 7
9; r; 1291831; 1088; 506; 129; 491830; 7
9; r; 1305937; 1088; 2; 45; 905936; 13
9; r; 1311067; 1088; 692; 81; 911066; 5
9; r; 1320044; 1088; 335; 117; 520043; 9
9; r; 1346323; 1088; 323; 115; 546322; 8
9; r; 1366196; 1088; 912; 145; 566195; 3
9; r; 1367478; 1088; 405; 124; 567477; 9
9; r; 1373888; 1088; 83; 102; 573887; 8
9; r; 1384144; 1088; 171; 52; 984143; 11
9; r; 1385427; 1088; 167; 109; 585426; 9
9; r; 1400170; 1088; 909; 144; 600169; 7
9; r; 1404657; 1088; 28; 100; 604656; 9
9; r; 1409144; 1088; 780; 139; 609143; 4
9; r; 1423249; 1088; 375; 122; 623248; 9
9; r; 1461716; 1088; 1037; 157; 661715; 4
9; r; 1464921; 1088; 327; 116; 664920; 7
9; r; 1489282; 1088; 1014; 152; 689281; 3
9; r; 1514290; 1088; 863; 142; 714289; 7
9; r; 1530962; 1088; 271; 113; 730961; 9
9; r; 1532885; 1088; 931; 148; 732884; 7
9; r; 1561096; 1088; 243; 112; 761095; 8
9; r; 1561737; 1088; 636; 134; 761736; 6
9; r; 1567509; 1088; 918; 146; 767508; 2
9; r; 1570716; 1088; 864; 143; 770715; 8
9; r; 1589322; 1088; 2; 99; 789321; 11
9; r; 1593813; 1088; 178; 110; 793812; 11
9; r; 1606638; 1088; 372; 121; 806637; 7
9; r; 1627176; 1088; 666; 135; 827175; 8
9; r; 1638085; 1088; 195; 111; 838084; 7
9; r; 1650910; 1088; 92; 103; 850909; 9
9; r; 1652834; 1088; 1062; 158; 852833; 8
9; r; 1658613; 1088; 77; 101; 858612; 10
9; r; 1661182; 1088; 400; 123; 861181; 10
9; r; 1666314; 1088; 129; 107; 866313; 8
9; r; 1667596; 1088; 123; 106; 867595; 9
9; r; 1672087; 1088; 120; 105; 872086; 8
9; r; 1674010; 1088; 163; 108; 874009; 9
9; r; 1675292; 1088; 959; 151; 875291; 8
9; r; 1679780; 1088; 364; 119; 879779; 10
9; r; 1681703; 1088; 1031; 156; 881702; 11
9; r; 1682345; 1088; 480; 128; 882344; 6
9; r; 1683630; 1088; 925; 147; 883629; 9
9; r; 1697109; 1088; 430; 125; 897108; 10
9; r; 1702239; 1088; 622; 132; 902238; 4
9; r; 1731138; 1088; 759; 138; 931137; 10
9; r; 1742051; 1088; 1026; 155; 942050; 10
9; r; 1756174; 1088; 117; 104; 956173; 9
9; r; 1803731; 1088; 454; 126; 1003730; 8
9; r; 1845622; 1088; 958; 150; 1045621; 9
9; r; 1882131; 1088; 297; 114; 1082130; 12
