iter; type; time slot; d_nodes; s_nodes; pid; nslot; nhop
0; r; 672; 1088; 922; 0; 30; 1
0; r; 27564; 1088; 720; 2; 26458; 4
0; r; 28844; 1088; 715; 40; 4615; 3
0; r; 38450; 1088; 1013; 11; 31146; 3
0; r; 41651; 1088; 942; 42; 16383; 3
0; r; 43572; 1088; 1018; 39; 20473; 1
0; r; 58300; 1088; 989; 13; 49806; 1
0; r; 59581; 1088; 840; 3; 58342; 5
0; r; 64063; 1088; 730; 18; 54156; 13
0; r; 67905; 1088; 871; 4; 66655; 8
0; r; 71107; 1088; 995; 22; 58945; 7
0; r; 78153; 1088; 0; 9; 73340; 12
0; r; 98005; 1088; 191; 1; 97299; 10
0; r; 100567; 1088; 694; 8; 96935; 10
0; r; 101848; 1088; 1050; 38; 79028; 2
0; r; 102488; 1088; 557; 35; 80378; 4
0; r; 111455; 1088; 749; 45; 84318; 3
0; r; 112736; 1088; 489; 6; 109582; 5
0; r; 114017; 1088; 621; 34; 92923; 6
0; r; 115938; 1088; 2; 24; 101561; 13
0; r; 121061; 1088; 940; 32; 102263; 3
0; r; 126827; 1088; 697; 19; 116487; 7
0; r; 128108; 1088; 684; 29; 110335; 6
0; r; 129389; 1088; 483; 17; 119803; 7
0; r; 134513; 1088; 750; 15; 125409; 8
0; r; 135154; 1088; 962; 33; 115398; 5
0; r; 139639; 1088; 663; 5; 138267; 8
0; r; 149247; 1088; 559; 47; 120925; 7
0; r; 151808; 1088; 130; 48; 122646; 8
0; r; 156292; 1088; 350; 7; 153074; 11
0; r; 158214; 1088; 460; 23; 144780; 7
0; r; 165260; 1088; 141; 10; 158888; 11
0; r; 170385; 1088; 700; 43; 144815; 8
0; r; 173588; 1088; 722; 25; 159067; 5
0; r; 186399; 1088; 269; 21; 175888; 14
0; r; 191523; 1088; 828; 36; 169185; 11
0; r; 202412; 1088; 1056; 27; 185835; 12
0; r; 206255; 1088; 805; 44; 179636; 4
0; r; 213943; 1088; 726; 12; 206098; 12
0; r; 219069; 1088; 361; 41; 194143; 15
0; r; 223554; 1088; 529; 37; 200773; 16
0; r; 228040; 1088; 860; 51; 196776; 16
0; r; 234448; 1088; 1067; 53; 202658; 9
0; r; 238933; 1088; 832; 14; 229845; 10
0; r; 245342; 1088; 377; 30; 227545; 9
0; r; 250470; 1088; 323; 16; 240932; 8
0; r; 263292; 1088; 60; 28; 246658; 14
0; r; 273549; 1088; 579; 31; 255169; 11
0; r; 281897; 1088; 338; 26; 266147; 10
0; r; 420107; 1088; 145; 54; 19896; 10
0; r; 429711; 1088; 765; 84; 10232; 10
0; r; 431632; 1088; 826; 61; 26850; 10
0; r; 436754; 1088; 268; 76; 22754; 11
0; r; 441236; 1088; 1026; 85; 20809; 9
0; r; 449562; 1088; 976; 96; 23953; 4
0; r; 458528; 1088; 798; 91; 36413; 7
0; r; 459809; 1088; 429; 66; 50315; 9
0; r; 478380; 1088; 881; 101; 51525; 3
0; r; 479661; 1088; 82; 65; 70184; 10
0; r; 480942; 1088; 772; 94; 56031; 5
0; r; 482223; 1088; 823; 71; 71114; 3
0; r; 486707; 1088; 591; 97; 61081; 4
0; r; 487988; 1088; 463; 73; 75194; 13
0; r; 490550; 1088; 692; 81; 72876; 2
0; r; 498877; 1088; 520; 64; 90409; 5
0; r; 502080; 1088; 1087; 95; 77029; 2
0; r; 505282; 1088; 568; 57; 101893; 11
0; r; 506563; 1088; 259; 62; 100244; 5
0; r; 508485; 1088; 460; 75; 95051; 6
0; r; 511687; 1088; 895; 90; 90015; 7
0; r; 516811; 1088; 516; 69; 106506; 5
0; r; 517451; 1088; 256; 79; 100311; 11
0; r; 521935; 1088; 62; 55; 119904; 12
0; r; 523216; 1088; 660; 88; 102105; 12
0; r; 550118; 1088; 363; 100; 123426; 12
0; r; 553320; 1088; 898; 67; 143717; 8
0; r; 558444; 1088; 801; 77; 143456; 10
0; r; 559085; 1088; 815; 59; 155452; 5
0; r; 561647; 1088; 302; 56; 158913; 7
0; r; 564850; 1088; 666; 63; 158110; 15
0; r; 580862; 1088; 1038; 68; 170572; 6
0; r; 583423; 1088; 442; 89; 162129; 10
0; r; 584705; 1088; 901; 92; 161864; 6
0; r; 591750; 1088; 805; 99; 165131; 7
0; r; 593031; 1088; 232; 86; 172452; 13
0; r; 593672; 1088; 642; 80; 176161; 10
0; r; 594313; 1088; 501; 72; 181605; 14
0; r; 595594; 1088; 633; 70; 185171; 9
0; r; 596875; 1088; 342; 104; 166077; 12
0; r; 598156; 1088; 551; 78; 182151; 7
0; r; 607127; 1088; 630; 105; 176083; 9
0; r; 610970; 1088; 862; 58; 207423; 18
0; r; 611611; 1088; 73; 83; 192745; 14
0; r; 612251; 1088; 277; 60; 208566; 21
0; r; 612892; 1088; 301; 98; 186630; 11
0; r; 615456; 1088; 1072; 82; 196672; 8
0; r; 633401; 1088; 924; 102; 206352; 13
0; r; 641091; 1088; 15; 93; 217782; 17
0; r; 808450; 1088; 667; 106; 8340; 7
0; r; 811653; 1088; 1079; 108; 9676; 3
0; r; 826382; 1088; 680; 113; 20293; 3
0; r; 836627; 1088; 650; 148; 6452; 3
0; r; 843032; 1088; 518; 144; 14452; 4
0; r; 856481; 1088; 616; 129; 41904; 8
0; r; 859682; 1088; 844; 128; 45886; 3
0; r; 860963; 1088; 836; 140; 36917; 5
0; r; 863525; 1088; 863; 116; 55938; 15
0; r; 867368; 1088; 472; 111; 63345; 7
0; r; 869930; 1088; 516; 123; 59625; 6
0; r; 870570; 1088; 334; 118; 62069; 8
0; r; 875693; 1088; 1016; 152; 43600; 1
0; r; 878896; 1088; 627; 131; 63336; 8
0; r; 882738; 1088; 1018; 137; 59639; 1
0; r; 884659; 1088; 56; 107; 82816; 10
0; r; 892986; 1088; 584; 127; 80228; 8
0; r; 896189; 1088; 853; 154; 63764; 2
0; r; 906437; 1088; 1007; 138; 83291; 4
0; r; 907718; 1088; 269; 124; 97207; 15
0; r; 908358; 1088; 82; 120; 98881; 11
0; r; 908999; 1088; 580; 110; 105172; 5
0; r; 913483; 1088; 461; 143; 85680; 4
0; r; 916045; 1088; 999; 142; 89377; 6
0; r; 925013; 1088; 730; 121; 115106; 8
0; r; 931419; 1088; 177; 125; 119607; 9
0; r; 937824; 1088; 744; 150; 106498; 7
0; r; 941026; 1088; 585; 141; 116774; 3
0; r; 944229; 1088; 777; 115; 136788; 5
0; r; 954477; 1088; 997; 149; 123530; 6
0; r; 956399; 1088; 444; 112; 151618; 6
0; r; 964725; 1088; 525; 145; 135422; 4
0; r; 976895; 1088; 440; 134; 158858; 8
0; r; 980098; 1088; 157; 114; 173612; 8
0; r; 981379; 1088; 943; 132; 164764; 5
0; r; 982019; 1088; 98; 109; 179052; 11
0; r; 985862; 1088; 106; 122; 175867; 14
0; r; 989065; 1088; 16; 133; 171722; 10
0; r; 990987; 1088; 904; 151; 159386; 6
0; r; 995470; 1088; 397; 130; 180250; 11
0; r; 996111; 1088; 261; 119; 187435; 11
0; r; 996752; 1088; 113; 135; 177496; 11
0; r; 999956; 1088; 478; 139; 176047; 9
0; r; 1003160; 1088; 120; 117; 195150; 15
0; r; 1005083; 1088; 809; 136; 185428; 8
0; r; 1008926; 1088; 329; 146; 179621; 17
0; r; 1011490; 1088; 186; 126; 199108; 9
0; r; 1015336; 1088; 210; 147; 185871; 10
1; r; 3205; 1088; 824; 38; 3204; 2
1; r; 12170; 1088; 642; 27; 12169; 9
1; r; 13451; 1088; 951; 46; 13450; 1
1; r; 19855; 1088; 818; 37; 19854; 2
1; r; 24977; 1088; 380; 14; 24976; 7
1; r; 26898; 1088; 579; 24; 26897; 5
1; r; 44188; 1088; 946; 45; 44187; 2
1; r; 46750; 1088; 1076; 52; 46749; 7
1; r; 48031; 1088; 125; 3; 48030; 11
1; r; 56357; 1088; 647; 28; 56356; 4
1; r; 56997; 1088; 979; 48; 56996; 8
1; r; 69807; 1088; 686; 33; 69806; 3
1; r; 81334; 1088; 399; 16; 81333; 8
1; r; 85177; 1088; 945; 44; 85176; 3
1; r; 89660; 1088; 452; 18; 89659; 6
1; r; 96065; 1088; 918; 41; 96064; 2
1; r; 97986; 1088; 850; 39; 97985; 2
1; r; 101189; 1088; 206; 9; 101188; 10
1; r; 109516; 1088; 456; 19; 109515; 8
1; r; 115281; 1088; 679; 31; 115280; 8
1; r; 117843; 1088; 584; 25; 117842; 7
1; r; 118484; 1088; 391; 15; 118483; 6
1; r; 126812; 1088; 298; 11; 126811; 12
1; r; 128093; 1088; 450; 17; 128092; 11
1; r; 129374; 1088; 194; 8; 129373; 6
1; r; 140904; 1088; 172; 7; 140903; 9
1; r; 146668; 1088; 782; 35; 146667; 4
1; r; 150510; 1088; 171; 6; 150509; 11
1; r; 151791; 1088; 928; 42; 151790; 9
1; r; 161398; 1088; 668; 30; 161397; 10
1; r; 162679; 1088; 970; 47; 162678; 9
1; r; 171005; 1088; 297; 10; 171004; 10
1; r; 172286; 1088; 1033; 49; 172285; 5
1; r; 176769; 1088; 528; 22; 176768; 10
1; r; 178690; 1088; 66; 2; 178689; 14
1; r; 180612; 1088; 503; 20; 180611; 13
1; r; 190862; 1088; 133; 4; 190861; 13
1; r; 195346; 1088; 1037; 50; 195345; 9
1; r; 203034; 1088; 797; 36; 203033; 9
1; r; 203675; 1088; 939; 43; 203674; 7
1; r; 204316; 1088; 169; 5; 204315; 15
1; r; 212006; 1088; 26; 1; 212005; 15
1; r; 222261; 1088; 1064; 51; 222260; 7
1; r; 222902; 1088; 305; 12; 222901; 10
1; r; 226747; 1088; 338; 13; 226746; 12
1; r; 227388; 1088; 776; 34; 227387; 10
1; r; 424978; 1088; 1065; 95; 24977; 6
1; r; 425618; 1088; 559; 71; 25617; 4
1; r; 433302; 1088; 320; 62; 33301; 6
1; r; 444829; 1088; 191; 58; 44828; 11
1; r; 446110; 1088; 854; 84; 46109; 5
1; r; 452515; 1088; 914; 87; 52514; 5
1; r; 456357; 1088; 544; 70; 56356; 7
1; r; 462120; 1088; 354; 66; 62119; 8
1; r; 463401; 1088; 742; 79; 63400; 7
1; r; 465963; 1088; 595; 72; 65962; 12
1; r; 467244; 1088; 1010; 91; 67243; 2
1; r; 471728; 1088; 328; 63; 71727; 6
1; r; 473009; 1088; 1018; 92; 73008; 1
1; r; 475571; 1088; 913; 86; 75570; 3
1; r; 487742; 1088; 668; 76; 87741; 7
1; r; 491585; 1088; 187; 57; 91584; 16
1; r; 495427; 1088; 747; 80; 95426; 4
1; r; 496068; 1088; 334; 64; 96067; 9
1; r; 502473; 1088; 912; 85; 102472; 5
1; r; 506315; 1088; 114; 54; 106314; 7
1; r; 511439; 1088; 148; 55; 111438; 9
1; r; 514001; 1088; 836; 83; 114000; 7
1; r; 514642; 1088; 217; 60; 114641; 8
1; r; 516564; 1088; 713; 77; 116563; 6
1; r; 517845; 1088; 512; 69; 117844; 7
1; r; 520406; 1088; 999; 90; 120405; 11
1; r; 533855; 1088; 60; 53; 133854; 10
1; r; 535136; 1088; 805; 82; 135135; 7
1; r; 538339; 1088; 666; 75; 138338; 8
1; r; 542182; 1088; 468; 68; 142181; 14
1; r; 546025; 1088; 937; 88; 146024; 6
1; r; 547306; 1088; 208; 59; 147305; 12
1; r; 553071; 1088; 219; 61; 153070; 12
1; r; 567167; 1088; 1048; 93; 167166; 9
1; r; 579983; 1088; 161; 56; 179982; 11
1; r; 581265; 1088; 940; 89; 181264; 8
1; r; 587034; 1088; 371; 67; 187033; 9
1; r; 598570; 1088; 350; 65; 198569; 13
1; r; 601133; 1088; 1062; 94; 201132; 8
1; r; 605620; 1088; 800; 81; 205619; 16
1; r; 812809; 1088; 1076; 151; 12808; 3
1; r; 813450; 1088; 160; 100; 13449; 7
1; r; 823697; 1088; 345; 112; 23696; 7
1; r; 828822; 1088; 835; 140; 28821; 5
1; r; 832025; 1088; 379; 113; 32024; 9
1; r; 833946; 1088; 488; 117; 33945; 5
1; r; 837789; 1088; 823; 138; 37788; 2
1; r; 838430; 1088; 494; 118; 38429; 5
1; r; 844194; 1088; 750; 136; 44193; 3
1; r; 845475; 1088; 618; 129; 45474; 6
1; r; 846115; 1088; 169; 101; 46114; 11
1; r; 848037; 1088; 337; 111; 48036; 10
1; r; 855082; 1088; 878; 142; 55081; 3
1; r; 861488; 1088; 1077; 152; 61487; 3
1; r; 864050; 1088; 972; 144; 64049; 6
1; r; 873017; 1088; 229; 106; 73016; 7
1; r; 875579; 1088; 967; 143; 75578; 4
1; r; 885186; 1088; 575; 125; 85185; 9
1; r; 887108; 1088; 301; 108; 87107; 10
1; r; 888389; 1088; 610; 127; 88388; 8
1; r; 892232; 1088; 224; 105; 92231; 6
1; r; 899918; 1088; 486; 116; 99917; 5
1; r; 910167; 1088; 315; 109; 110166; 7
1; r; 912729; 1088; 725; 135; 112728; 3
1; r; 914650; 1088; 608; 126; 114649; 9
1; r; 922977; 1088; 628; 130; 122976; 10
1; r; 924899; 1088; 88; 97; 124898; 8
1; r; 930664; 1088; 460; 114; 130663; 6
1; r; 931945; 1088; 202; 104; 131944; 9
1; r; 933867; 1088; 813; 137; 133866; 4
1; r; 937710; 1088; 714; 134; 137709; 5
1; r; 939632; 1088; 522; 121; 139631; 9
1; r; 940913; 1088; 270; 107; 140912; 9
1; r; 942835; 1088; 562; 124; 142834; 8
1; r; 951803; 1088; 699; 133; 151802; 7
1; r; 952444; 1088; 179; 103; 152443; 10
1; r; 953725; 1088; 13; 96; 153724; 15
1; r; 961411; 1088; 615; 128; 161410; 7
1; r; 965254; 1088; 1047; 148; 165253; 8
1; r; 966535; 1088; 1025; 146; 166534; 7
1; r; 967816; 1088; 104; 98; 167815; 13
1; r; 969097; 1088; 990; 145; 169096; 13
1; r; 974222; 1088; 824; 139; 174221; 6
1; r; 978066; 1088; 1071; 150; 178065; 10
1; r; 983191; 1088; 540; 122; 183190; 11
1; r; 999850; 1088; 1026; 147; 199849; 15
1; r; 1004977; 1088; 502; 119; 204976; 12
1; r; 1014588; 1088; 464; 115; 214587; 14
1; r; 1017792; 1088; 636; 132; 217791; 14
1; r; 1026123; 1088; 171; 102; 226122; 13
1; r; 1035094; 1088; 144; 99; 235093; 13
1; r; 1058176; 1088; 333; 110; 258175; 14
2; r; 5763; 1088; 851; 44; 5762; 2
2; r; 14088; 1088; 1044; 49; 14087; 4
2; r; 21773; 1088; 548; 30; 21772; 6
2; r; 39066; 1088; 308; 17; 39065; 11
2; r; 39706; 1088; 607; 33; 39705; 5
2; r; 44188; 1088; 1075; 54; 44187; 3
2; r; 45469; 1088; 620; 35; 45468; 5
2; r; 59558; 1088; 1054; 50; 59557; 1
2; r; 63401; 1088; 487; 24; 63400; 4
2; r; 65323; 1088; 219; 10; 65322; 9
2; r; 72367; 1088; 458; 23; 72366; 6
2; r; 78773; 1088; 1055; 51; 78772; 2
2; r; 87740; 1088; 1011; 47; 87739; 4
2; r; 90942; 1088; 411; 21; 90941; 10
2; r; 93504; 1088; 268; 12; 93503; 13
2; r; 95426; 1088; 1056; 52; 95425; 13
2; r; 98628; 1088; 1019; 48; 98627; 2
2; r; 105033; 1088; 817; 43; 105032; 3
2; r; 108875; 1088; 650; 37; 108874; 4
2; r; 112718; 1088; 713; 39; 112717; 6
2; r; 113999; 1088; 926; 45; 113998; 9
2; r; 117842; 1088; 272; 13; 117841; 12
2; r; 119123; 1088; 610; 34; 119122; 8
2; r; 126169; 1088; 730; 41; 126168; 9
2; r; 130652; 1088; 287; 14; 130651; 7
2; r; 133214; 1088; 404; 20; 133213; 7
2; r; 133855; 1088; 36; 3; 133854; 14
2; r; 141541; 1088; 759; 42; 141540; 10
2; r; 147305; 1088; 547; 29; 147304; 9
2; r; 149867; 1088; 19; 0; 149866; 14
2; r; 151148; 1088; 400; 19; 151147; 16
2; r; 156273; 1088; 533; 27; 156272; 7
2; r; 160116; 1088; 224; 11; 160115; 11
2; r; 175488; 1088; 106; 6; 175487; 11
2; r; 176769; 1088; 23; 1; 176768; 11
2; r; 178050; 1088; 45; 4; 178049; 12
2; r; 178691; 1088; 136; 8; 178690; 11
2; r; 186376; 1088; 572; 31; 186375; 10
2; r; 195985; 1088; 97; 5; 195984; 9
2; r; 197907; 1088; 630; 36; 197906; 10
2; r; 198548; 1088; 536; 28; 198547; 11
2; r; 201111; 1088; 298; 15; 201110; 13
2; r; 203033; 1088; 112; 7; 203032; 11
2; r; 207519; 1088; 300; 16; 207518; 11
2; r; 215850; 1088; 32; 2; 215849; 8
2; r; 216491; 1088; 503; 25; 216490; 10
2; r; 219695; 1088; 726; 40; 219694; 16
2; r; 229307; 1088; 666; 38; 229306; 11
2; r; 233153; 1088; 309; 18; 233152; 11
2; r; 402562; 1088; 1067; 98; 2561; 5
2; r; 408965; 1088; 375; 78; 8964; 9
2; r; 412806; 1088; 866; 94; 12805; 8
2; r; 419850; 1088; 671; 85; 19849; 7
2; r; 437781; 1088; 201; 70; 37780; 12
2; r; 449308; 1088; 780; 90; 49307; 5
2; r; 455072; 1088; 491; 80; 55071; 6
2; r; 458915; 1088; 602; 83; 58914; 6
2; r; 464680; 1088; 214; 71; 64679; 11
2; r; 465961; 1088; 180; 69; 65960; 13
2; r; 474928; 1088; 728; 88; 74927; 11
2; r; 476209; 1088; 684; 86; 76208; 4
2; r; 480692; 1088; 695; 87; 80691; 10
2; r; 481333; 1088; 809; 92; 81332; 7
2; r; 493501; 1088; 860; 93; 93500; 9
2; r; 503747; 1088; 741; 89; 103746; 4
2; r; 505028; 1088; 521; 81; 105027; 6
2; r; 509512; 1088; 664; 84; 109511; 10
2; r; 510793; 1088; 272; 75; 110792; 10
2; r; 514636; 1088; 29; 58; 114635; 9
2; r; 521682; 1088; 141; 66; 121681; 9
2; r; 523603; 1088; 28; 57; 123602; 9
2; r; 525525; 1088; 291; 76; 125524; 9
2; r; 531289; 1088; 51; 61; 131288; 10
2; r; 540255; 1088; 12; 55; 140254; 11
2; r; 541536; 1088; 129; 65; 141535; 10
2; r; 546660; 1088; 251; 74; 146659; 14
2; r; 547941; 1088; 21; 56; 147940; 9
2; r; 551784; 1088; 587; 82; 151783; 7
2; r; 554346; 1088; 220; 72; 154345; 13
2; r; 555627; 1088; 159; 67; 155626; 11
2; r; 558830; 1088; 68; 62; 158829; 14
2; r; 559470; 1088; 337; 77; 159469; 10
2; r; 560111; 1088; 35; 59; 160110; 15
2; r; 572282; 1088; 84; 63; 172281; 7
2; r; 574205; 1088; 176; 68; 174204; 18
2; r; 576128; 1088; 223; 73; 176127; 8
2; r; 598560; 1088; 113; 64; 198559; 9
2; r; 816008; 1088; 103; 104; 16007; 11
2; r; 820490; 1088; 842; 134; 20489; 5
2; r; 821771; 1088; 865; 135; 21770; 7
2; r; 827534; 1088; 19; 99; 27533; 9
2; r; 832658; 1088; 1051; 144; 32657; 1
2; r; 844825; 1088; 1017; 142; 44824; 3
2; r; 846106; 1088; 946; 138; 46105; 3
2; r; 849949; 1088; 451; 116; 49948; 6
2; r; 855712; 1088; 1012; 141; 55711; 6
2; r; 857634; 1088; 322; 109; 57633; 10
2; r; 860195; 1088; 517; 121; 60194; 4
2; r; 861476; 1088; 709; 130; 61475; 7
2; r; 862117; 1088; 906; 137; 62116; 6
2; r; 869802; 1088; 230; 108; 69801; 6
2; r; 884531; 1088; 654; 128; 84530; 4
2; r; 886453; 1088; 889; 136; 86452; 1
2; r; 898620; 1088; 341; 110; 98619; 11
2; r; 911430; 1088; 1080; 145; 111429; 3
2; r; 915273; 1088; 70; 103; 115272; 15
2; r; 917835; 1088; 119; 105; 117834; 9
2; r; 919116; 1088; 1038; 143; 119115; 6
2; r; 920397; 1088; 342; 111; 120396; 9
2; r; 921038; 1088; 355; 113; 121037; 8
2; r; 922319; 1088; 493; 119; 122318; 4
2; r; 922959; 1088; 584; 122; 122958; 5
2; r; 928723; 1088; 53; 102; 128722; 14
2; r; 938331; 1088; 458; 117; 138330; 8
2; r; 942174; 1088; 508; 120; 142173; 11
2; r; 944096; 1088; 650; 127; 144095; 6
2; r; 947299; 1088; 374; 114; 147298; 7
2; r; 957546; 1088; 835; 132; 157545; 7
2; r; 960108; 1088; 808; 131; 160107; 6
2; r; 963311; 1088; 967; 140; 163310; 11
2; r; 967155; 1088; 21; 100; 167154; 16
2; r; 968436; 1088; 617; 123; 168435; 5
2; r; 971639; 1088; 469; 118; 171638; 13
2; r; 972280; 1088; 383; 115; 172279; 9
2; r; 974202; 1088; 837; 133; 174201; 7
2; r; 975483; 1088; 208; 107; 175482; 12
2; r; 981249; 1088; 186; 106; 181248; 10
2; r; 985734; 1088; 645; 126; 185733; 8
2; r; 986375; 1088; 32; 101; 186374; 10
2; r; 989579; 1088; 677; 129; 189578; 10
2; r; 992783; 1088; 351; 112; 192782; 10
2; r; 995346; 1088; 618; 124; 195345; 5
2; r; 1003038; 1088; 949; 139; 203037; 7
3; r; 6403; 1088; 348; 15; 6402; 6
3; r; 36502; 1088; 334; 14; 36501; 13
3; r; 41625; 1088; 636; 31; 41624; 6
3; r; 42906; 1088; 773; 41; 42905; 6
3; r; 48030; 1088; 482; 24; 48029; 5
3; r; 48670; 1088; 453; 22; 48669; 5
3; r; 51872; 1088; 1084; 53; 51871; 1
3; r; 65963; 1088; 679; 32; 65962; 5
3; r; 66604; 1088; 915; 46; 66603; 3
3; r; 71087; 1088; 856; 45; 71086; 2
3; r; 71728; 1088; 1082; 52; 71727; 1
3; r; 75571; 1088; 65; 5; 75570; 11
3; r; 77493; 1088; 738; 37; 77492; 7
3; r; 80055; 1088; 363; 16; 80054; 12
3; r; 80696; 1088; 984; 49; 80695; 1
3; r; 81977; 1088; 425; 20; 81976; 7
3; r; 82618; 1088; 813; 44; 82617; 6
3; r; 92224; 1088; 780; 42; 92223; 3
3; r; 94146; 1088; 483; 25; 94145; 7
3; r; 99271; 1088; 759; 39; 99270; 13
3; r; 101193; 1088; 50; 3; 101192; 13
3; r; 106318; 1088; 1030; 51; 106317; 6
3; r; 117208; 1088; 499; 26; 117207; 10
3; r; 117849; 1088; 307; 13; 117848; 11
3; r; 119770; 1088; 18; 2; 119769; 11
3; r; 121691; 1088; 376; 17; 121690; 7
3; r; 130017; 1088; 455; 23; 130016; 5
3; r; 133220; 1088; 187; 9; 133219; 8
3; r; 142190; 1088; 170; 8; 142189; 9
3; r; 147314; 1088; 247; 10; 147313; 7
3; r; 155641; 1088; 573; 29; 155640; 7
3; r; 158843; 1088; 694; 33; 158842; 10
3; r; 161405; 1088; 633; 30; 161404; 10
3; r; 162686; 1088; 1009; 50; 162685; 9
3; r; 165248; 1088; 755; 38; 165247; 6
3; r; 168450; 1088; 288; 12; 168449; 9
3; r; 171012; 1088; 423; 19; 171011; 9
3; r; 178058; 1088; 560; 28; 178057; 7
3; r; 179980; 1088; 383; 18; 179979; 10
3; r; 189590; 1088; 9; 0; 189589; 15
3; r; 194075; 1088; 98; 7; 194074; 12
3; r; 195998; 1088; 734; 36; 195997; 11
3; r; 201124; 1088; 933; 48; 201123; 8
3; r; 205610; 1088; 434; 21; 205609; 14
3; r; 209455; 1088; 97; 6; 209454; 14
3; r; 211377; 1088; 55; 4; 211376; 11
3; r; 212658; 1088; 927; 47; 212657; 14
3; r; 213939; 1088; 12; 1; 213938; 12
3; r; 222272; 1088; 762; 40; 222271; 11
3; r; 230605; 1088; 552; 27; 230604; 9
3; r; 263318; 1088; 721; 34; 263317; 8
3; r; 264606; 1088; 733; 35; 264605; 9
3; r; 401923; 1088; 785; 100; 1922; 2
3; r; 403844; 1088; 1080; 122; 3843; 2
3; r; 407047; 1088; 750; 98; 7046; 3
3; r; 417292; 1088; 955; 114; 17291; 1
3; r; 422415; 1088; 1073; 120; 22414; 3
3; r; 424976; 1088; 778; 99; 24975; 6
3; r; 444187; 1088; 610; 92; 44186; 6
3; r; 444827; 1088; 294; 70; 44826; 6
3; r; 449312; 1088; 541; 85; 49311; 6
3; r; 451234; 1088; 29; 55; 51233; 8
3; r; 456998; 1088; 941; 113; 56997; 5
3; r; 458920; 1088; 881; 107; 58919; 4
3; r; 465964; 1088; 913; 110; 65963; 3
3; r; 468526; 1088; 593; 91; 68525; 3
3; r; 469807; 1088; 918; 111; 69806; 3
3; r; 471088; 1088; 350; 72; 71087; 6
3; r; 473010; 1088; 925; 112; 73009; 11
3; r; 476213; 1088; 902; 108; 76212; 5
3; r; 481338; 1088; 1010; 115; 81337; 3
3; r; 481979; 1088; 879; 106; 81978; 3
3; r; 490944; 1088; 74; 60; 90943; 13
3; r; 492225; 1088; 34; 56; 92224; 12
3; r; 495427; 1088; 389; 75; 95426; 5
3; r; 497989; 1088; 551; 87; 97988; 7
3; r; 499270; 1088; 548; 86; 99269; 5
3; r; 501832; 1088; 434; 80; 101831; 10
3; r; 505675; 1088; 521; 82; 105674; 7
3; r; 507596; 1088; 683; 95; 107595; 4
3; r; 509518; 1088; 1023; 116; 109517; 11
3; r; 514642; 1088; 787; 101; 114641; 4
3; r; 519126; 1088; 255; 69; 119125; 12
3; r; 524250; 1088; 537; 84; 124249; 10
3; r; 525531; 1088; 412; 78; 125530; 8
3; r; 531936; 1088; 860; 104; 131935; 10
3; r; 533858; 1088; 407; 77; 133857; 9
3; r; 535779; 1088; 556; 88; 135778; 6
3; r; 537701; 1088; 654; 94; 137700; 5
3; r; 541544; 1088; 476; 81; 141543; 9
3; r; 546027; 1088; 110; 63; 146026; 8
3; r; 546668; 1088; 68; 59; 146667; 10
3; r; 555636; 1088; 1037; 118; 155635; 8
3; r; 560760; 1088; 743; 96; 160759; 13
3; r; 563323; 1088; 535; 83; 163322; 8
3; r; 565244; 1088; 835; 103; 165243; 7
3; r; 566525; 1088; 618; 93; 166524; 7
3; r; 569728; 1088; 1077; 121; 169727; 6
3; r; 572290; 1088; 827; 102; 172289; 10
3; r; 576773; 1088; 101; 62; 176772; 9
3; r; 582538; 1088; 1026; 117; 182537; 12
3; r; 587662; 1088; 420; 79; 187661; 8
3; r; 595989; 1088; 874; 105; 195988; 4
3; r; 608800; 1088; 395; 76; 208799; 8
3; r; 619688; 1088; 41; 57; 219687; 11
3; r; 620329; 1088; 1065; 119; 220328; 13
3; r; 621610; 1088; 204; 67; 221609; 13
3; r; 623532; 1088; 576; 89; 223531; 7
3; r; 627377; 1088; 25; 54; 227376; 13
3; r; 628658; 1088; 578; 90; 228657; 9
3; r; 635064; 1088; 100; 61; 235063; 14
3; r; 645955; 1088; 55; 58; 245954; 15
3; r; 647878; 1088; 146; 64; 247877; 12
3; r; 653646; 1088; 297; 71; 253645; 14
3; r; 656849; 1088; 171; 66; 256848; 16
3; r; 692103; 1088; 747; 97; 292102; 9
3; r; 809609; 1088; 748; 162; 9608; 3
3; r; 821137; 1088; 583; 150; 21136; 7
3; r; 827541; 1088; 788; 166; 27540; 2
3; r; 830743; 1088; 440; 144; 30742; 7
3; r; 834585; 1088; 707; 161; 34584; 8
3; r; 839708; 1088; 1087; 182; 39707; 1
3; r; 847393; 1088; 779; 165; 47392; 4
3; r; 849315; 1088; 433; 143; 49314; 10
3; r; 864046; 1088; 243; 134; 64045; 10
3; r; 865327; 1088; 873; 169; 65326; 5
3; r; 867248; 1088; 907; 171; 67247; 8
3; r; 869810; 1088; 755; 163; 69809; 2
3; r; 870451; 1088; 121; 128; 70450; 8
3; r; 874934; 1088; 1025; 177; 74933; 8
3; r; 880058; 1088; 165; 130; 80057; 15
3; r; 881340; 1088; 948; 172; 81339; 6
3; r; 884542; 1088; 1067; 181; 84541; 4
3; r; 887104; 1088; 594; 152; 87103; 11
3; r; 889025; 1088; 1007; 175; 89024; 7
3; r; 894149; 1088; 240; 133; 94148; 11
3; r; 898632; 1088; 360; 140; 98631; 6
3; r; 904397; 1088; 636; 153; 104396; 9
3; r; 914005; 1088; 1059; 180; 114004; 13
3; r; 917209; 1088; 279; 137; 117208; 12
3; r; 920413; 1088; 846; 168; 120412; 3
3; r; 926817; 1088; 1001; 174; 126816; 7
3; r; 928739; 1088; 502; 145; 128738; 11
3; r; 944751; 1088; 658; 154; 144750; 4
3; r; 946032; 1088; 537; 147; 146031; 10
3; r; 948594; 1088; 417; 142; 148593; 6
3; r; 949234; 1088; 322; 138; 149233; 6
3; r; 949874; 1088; 230; 132; 149873; 7
3; r; 950515; 1088; 995; 173; 150514; 11
3; r; 951156; 1088; 248; 135; 151155; 8
3; r; 954999; 1088; 1008; 176; 154998; 5
3; r; 956920; 1088; 684; 156; 156919; 6
3; r; 978699; 1088; 177; 131; 178698; 9
3; r; 981902; 1088; 410; 141; 181901; 9
3; r; 985746; 1088; 760; 164; 185745; 11
3; r; 987027; 1088; 694; 159; 187026; 11
3; r; 988308; 1088; 124; 129; 188307; 12
3; r; 988949; 1088; 66; 124; 188948; 10
3; r; 992151; 1088; 697; 160; 192150; 10
3; r; 992791; 1088; 80; 127; 192790; 10
3; r; 995353; 1088; 1026; 178; 195352; 12
3; r; 997916; 1088; 506; 146; 197915; 10
3; r; 1002400; 1088; 277; 136; 202399; 10
3; r; 1007524; 1088; 555; 148; 207523; 6
3; r; 1015213; 1088; 799; 167; 215212; 11
3; r; 1017777; 1088; 78; 125; 217776; 15
3; r; 1026749; 1088; 891; 170; 226748; 12
3; r; 1031876; 1088; 1057; 179; 231875; 11
3; r; 1035080; 1088; 29; 123; 235079; 12
3; r; 1046615; 1088; 79; 126; 246614; 17
4; r; 3206; 1088; 1015; 38; 3205; 3
4; r; 10890; 1088; 579; 21; 10889; 5
4; r; 14733; 1088; 511; 17; 14732; 5
4; r; 20497; 1088; 373; 13; 20496; 10
4; r; 23699; 1088; 699; 28; 23698; 8
4; r; 37787; 1088; 750; 30; 37786; 3
4; r; 48034; 1088; 109; 1; 48033; 9
4; r; 49955; 1088; 933; 36; 49954; 7
4; r; 55721; 1088; 363; 12; 55720; 10
4; r; 56361; 1088; 1043; 41; 56360; 5
4; r; 65968; 1088; 997; 37; 65967; 7
4; r; 72372; 1088; 198; 7; 72371; 13
4; r; 74934; 1088; 1021; 40; 74933; 1
4; r; 76214; 1088; 545; 19; 76213; 6
4; r; 81978; 1088; 429; 14; 81977; 9
4; r; 82619; 1088; 183; 4; 82618; 10
4; r; 85822; 1088; 1020; 39; 85821; 1
4; r; 90305; 1088; 775; 31; 90304; 7
4; r; 92867; 1088; 715; 29; 92866; 5
4; r; 94788; 1088; 620; 25; 94787; 6
4; r; 96069; 1088; 276; 10; 96068; 12
4; r; 97350; 1088; 580; 22; 97349; 6
4; r; 106317; 1088; 517; 18; 106316; 6
4; r; 107598; 1088; 550; 20; 107597; 7
4; r; 109520; 1088; 690; 27; 109519; 5
4; r; 111441; 1088; 797; 34; 111440; 11
4; r; 125531; 1088; 255; 9; 125530; 9
4; r; 128733; 1088; 896; 35; 128732; 10
4; r; 129374; 1088; 316; 11; 129373; 11
4; r; 130015; 1088; 184; 5; 130014; 9
4; r; 140902; 1088; 203; 8; 140901; 14
4; r; 142183; 1088; 9; 0; 142182; 10
4; r; 151151; 1088; 191; 6; 151150; 8
4; r; 152432; 1088; 1060; 42; 152431; 6
4; r; 157557; 1088; 163; 3; 157556; 11
4; r; 159480; 1088; 433; 15; 159479; 9
4; r; 162043; 1088; 459; 16; 162042; 6
4; r; 167169; 1088; 597; 24; 167168; 14
4; r; 187040; 1088; 135; 2; 187039; 16
4; r; 195373; 1088; 786; 33; 195372; 11
4; r; 201142; 1088; 782; 32; 201141; 9
4; r; 406407; 1088; 916; 85; 6406; 2
4; r; 417294; 1088; 787; 80; 17293; 3
4; r; 420496; 1088; 908; 84; 20495; 4
4; r; 425618; 1088; 409; 59; 25617; 9
4; r; 428819; 1088; 886; 83; 28818; 3
4; r; 430100; 1088; 867; 82; 30099; 6
4; r; 435224; 1088; 722; 78; 35223; 3
4; r; 440347; 1088; 938; 87; 40346; 6
4; r; 446751; 1088; 807; 81; 46750; 4
4; r; 462121; 1088; 557; 67; 62120; 5
4; r; 463402; 1088; 640; 72; 63401; 12
4; r; 474289; 1088; 626; 70; 74288; 5
4; r; 476210; 1088; 981; 90; 76209; 4
4; r; 481975; 1088; 517; 64; 81974; 7
4; r; 485819; 1088; 431; 61; 85818; 10
4; r; 489661; 1088; 624; 69; 89660; 6
4; r; 491583; 1088; 648; 73; 91582; 5
4; r; 493504; 1088; 482; 63; 93503; 6
4; r; 494785; 1088; 652; 75; 94784; 6
4; r; 496066; 1088; 663; 76; 96065; 11
4; r; 500550; 1088; 416; 60; 100549; 6
4; r; 510800; 1088; 286; 52; 110799; 7
4; r; 512081; 1088; 342; 55; 112080; 13
4; r; 514643; 1088; 950; 88; 114642; 3
4; r; 517846; 1088; 964; 89; 117845; 7
4; r; 518487; 1088; 936; 86; 118486; 6
4; r; 526813; 1088; 45; 44; 126812; 11
4; r; 529375; 1088; 161; 47; 129374; 7
4; r; 538983; 1088; 472; 62; 138982; 7
4; r; 543467; 1088; 693; 77; 143466; 7
4; r; 546029; 1088; 267; 51; 146028; 14
4; r; 551153; 1088; 1002; 91; 151152; 9
4; r; 553715; 1088; 165; 48; 153714; 12
4; r; 559481; 1088; 523; 65; 159480; 7
4; r; 560122; 1088; 295; 53; 160121; 7
4; r; 563325; 1088; 581; 68; 163324; 8
4; r; 569732; 1088; 396; 58; 169731; 11
4; r; 571014; 1088; 299; 54; 171013; 9
4; r; 574217; 1088; 764; 79; 174216; 10
4; r; 580625; 1088; 206; 50; 180624; 14
4; r; 583830; 1088; 635; 71; 183829; 8
4; r; 587033; 1088; 364; 56; 187032; 13
4; r; 588956; 1088; 83; 46; 188955; 9
4; r; 595365; 1088; 67; 45; 195364; 12
4; r; 597288; 1088; 11; 43; 197287; 11
4; r; 600492; 1088; 650; 74; 200491; 7
4; r; 601133; 1088; 382; 57; 201132; 12
4; r; 629981; 1088; 531; 66; 229980; 14
4; r; 801284; 1088; 1054; 147; 1283; 1
4; r; 810890; 1088; 854; 134; 10889; 2
4; r; 819214; 1088; 810; 130; 19213; 3
4; r; 823056; 1088; 853; 133; 23055; 2
4; r; 824977; 1088; 614; 124; 24976; 13
4; r; 830100; 1088; 389; 113; 30099; 8
4; r; 832021; 1088; 968; 142; 32020; 5
4; r; 854437; 1088; 697; 128; 54436; 14
4; r; 855718; 1088; 879; 135; 55717; 5
4; r; 858280; 1088; 987; 144; 58279; 1
4; r; 862124; 1088; 611; 123; 62123; 8
4; r; 862764; 1088; 822; 131; 62763; 4
4; r; 864045; 1088; 279; 105; 64044; 8
4; r; 871731; 1088; 606; 122; 71730; 6
4; r; 872372; 1088; 25; 95; 72371; 8
4; r; 874293; 1088; 566; 121; 74292; 11
4; r; 887103; 1088; 539; 119; 87102; 12
4; r; 889024; 1088; 885; 136; 89023; 2
4; r; 892868; 1088; 892; 138; 92867; 9
4; r; 894149; 1088; 305; 106; 94148; 9
4; r; 898632; 1088; 492; 117; 98631; 4
4; r; 901194; 1088; 494; 118; 101193; 6
4; r; 906959; 1088; 910; 140; 106958; 10
4; r; 912723; 1088; 360; 109; 112722; 6
4; r; 917847; 1088; 642; 126; 117846; 7
4; r; 922330; 1088; 994; 145; 122329; 9
4; r; 926173; 1088; 936; 141; 126172; 5
4; r; 928094; 1088; 5; 92; 128093; 15
4; r; 935779; 1088; 544; 120; 135778; 6
4; r; 938982; 1088; 411; 116; 138981; 9
4; r; 941544; 1088; 9; 93; 141543; 12
4; r; 947310; 1088; 1023; 146; 147309; 9
4; r; 952433; 1088; 638; 125; 152432; 9
4; r; 958198; 1088; 366; 112; 158197; 12
4; r; 960120; 1088; 768; 129; 160119; 12
4; r; 963323; 1088; 1063; 148; 163322; 11
4; r; 964604; 1088; 145; 99; 164603; 13
4; r; 969088; 1088; 105; 97; 169087; 14
4; r; 974214; 1088; 904; 139; 174213; 8
4; r; 978058; 1088; 396; 115; 178057; 13
4; r; 978698; 1088; 391; 114; 178697; 6
4; r; 981260; 1088; 846; 132; 181259; 5
4; r; 984463; 1088; 205; 101; 184462; 11
4; r; 989587; 1088; 308; 107; 189586; 10
4; r; 995352; 1088; 363; 111; 195351; 12
4; r; 1003040; 1088; 273; 104; 203039; 15
4; r; 1010087; 1088; 21; 94; 210086; 13
4; r; 1013291; 1088; 362; 110; 213290; 13
4; r; 1017775; 1088; 226; 102; 217774; 16
4; r; 1026748; 1088; 101; 96; 226747; 11
4; r; 1035077; 1088; 688; 127; 235076; 9
4; r; 1063924; 1088; 891; 137; 263923; 12
4; r; 1070982; 1088; 323; 108; 270981; 7
5; r; 17929; 1088; 182; 12; 17928; 7
5; r; 21131; 1088; 493; 29; 21130; 8
5; r; 40342; 1088; 315; 19; 40341; 7
5; r; 42903; 1088; 873; 48; 42902; 5
5; r; 47385; 1088; 328; 21; 47384; 7
5; r; 55069; 1088; 560; 33; 55068; 5
5; r; 56990; 1088; 950; 51; 56989; 2
5; r; 59552; 1088; 943; 50; 59551; 4
5; r; 69799; 1088; 782; 44; 69798; 3
5; r; 71720; 1088; 25; 1; 71719; 12
5; r; 73001; 1088; 846; 45; 73000; 3
5; r; 76203; 1088; 316; 20; 76202; 11
5; r; 81326; 1088; 98; 5; 81325; 10
5; r; 87090; 1088; 1009; 55; 87089; 3
5; r; 90933; 1088; 983; 53; 90932; 11
5; r; 96057; 1088; 187; 13; 96056; 9
5; r; 97978; 1088; 246; 17; 97977; 9
5; r; 103742; 1088; 250; 18; 103741; 7
5; r; 106304; 1088; 775; 43; 106303; 6
5; r; 107585; 1088; 1043; 57; 107584; 3
5; r; 109507; 1088; 851; 46; 109506; 4
5; r; 119756; 1088; 698; 38; 119755; 11
5; r; 122318; 1088; 737; 42; 122317; 11
5; r; 125520; 1088; 1081; 58; 125519; 2
5; r; 127441; 1088; 997; 54; 127440; 11
5; r; 133205; 1088; 635; 35; 133204; 8
5; r; 134486; 1088; 478; 27; 134485; 7
5; r; 135126; 1088; 216; 15; 135125; 12
5; r; 135766; 1088; 701; 40; 135765; 7
5; r; 137047; 1088; 974; 52; 137046; 4
5; r; 138969; 1088; 720; 41; 138968; 5
5; r; 141531; 1088; 540; 31; 141530; 9
5; r; 147936; 1088; 430; 24; 147935; 9
5; r; 149218; 1088; 699; 39; 149217; 9
5; r; 151779; 1088; 149; 8; 151778; 8
5; r; 161388; 1088; 162; 9; 161387; 9
5; r; 167152; 1088; 212; 14; 167151; 9
5; r; 168433; 1088; 462; 26; 168432; 13
5; r; 169714; 1088; 402; 22; 169713; 10
5; r; 172277; 1088; 245; 16; 172276; 6
5; r; 173558; 1088; 460; 25; 173557; 8
5; r; 176119; 1088; 177; 11; 176118; 10
5; r; 181244; 1088; 33; 2; 181243; 14
5; r; 190851; 1088; 594; 34; 190850; 11
5; r; 192773; 1088; 138; 7; 192772; 11
5; r; 195975; 1088; 422; 23; 195974; 8
5; r; 197257; 1088; 164; 10; 197256; 13
5; r; 199178; 1088; 936; 49; 199177; 7
5; r; 206225; 1088; 864; 47; 206224; 9
5; r; 206865; 1088; 1011; 56; 206864; 9
5; r; 208146; 1088; 531; 30; 208145; 10
5; r; 209428; 1088; 38; 3; 209427; 14
5; r; 212631; 1088; 137; 6; 212630; 14
5; r; 217118; 1088; 656; 36; 217117; 6
5; r; 224168; 1088; 95; 4; 224167; 14
5; r; 228013; 1088; 23; 0; 228012; 15
5; r; 251084; 1088; 544; 32; 251083; 11
5; r; 406403; 1088; 1020; 104; 6402; 1
5; r; 410885; 1088; 371; 73; 10884; 8
5; r; 411525; 1088; 690; 91; 11524; 2
5; r; 431376; 1088; 508; 82; 31375; 7
5; r; 432016; 1088; 586; 89; 32015; 4
5; r; 439061; 1088; 106; 63; 39060; 13
5; r; 442903; 1088; 574; 87; 42902; 10
5; r; 457634; 1088; 313; 70; 57633; 9
5; r; 458274; 1088; 341; 71; 58273; 11
5; r; 460196; 1088; 41; 61; 60195; 11
5; r; 468523; 1088; 17; 59; 68522; 12
5; r; 476209; 1088; 498; 81; 76208; 10
5; r; 490941; 1088; 460; 77; 90940; 5
5; r; 494144; 1088; 522; 84; 94143; 5
5; r; 496066; 1088; 947; 100; 96065; 5
5; r; 497347; 1088; 519; 83; 97346; 7
5; r; 506956; 1088; 758; 92; 106955; 4
5; r; 508237; 1088; 1037; 105; 108236; 5
5; r; 515921; 1088; 966; 101; 115920; 7
5; r; 516562; 1088; 637; 90; 116561; 11
5; r; 517202; 1088; 480; 80; 117201; 7
5; r; 524889; 1088; 882; 97; 124888; 3
5; r; 533856; 1088; 464; 78; 133855; 9
5; r; 534497; 1088; 940; 99; 134496; 4
5; r; 536419; 1088; 199; 65; 136418; 11
5; r; 540903; 1088; 899; 98; 140902; 7
5; r; 547950; 1088; 385; 74; 147949; 8
5; r; 549872; 1088; 777; 93; 149871; 6
5; r; 552435; 1088; 1072; 106; 152434; 15
5; r; 553076; 1088; 203; 66; 153075; 9
5; r; 562684; 1088; 411; 75; 162683; 9
5; r; 565247; 1088; 782; 94; 165246; 8
5; r; 567170; 1088; 441; 76; 167169; 12
5; r; 567811; 1088; 968; 102; 167810; 22
5; r; 572295; 1088; 581; 88; 172294; 5
5; r; 573576; 1088; 246; 68; 173575; 13
5; r; 574217; 1088; 36; 60; 174216; 12
5; r; 576780; 1088; 875; 96; 176779; 8
5; r; 579343; 1088; 824; 95; 179342; 10
5; r; 580624; 1088; 102; 62; 180623; 14
5; r; 581905; 1088; 466; 79; 181904; 14
5; r; 585109; 1088; 364; 72; 185108; 11
5; r; 594080; 1088; 212; 67; 194079; 10
5; r; 614591; 1088; 533; 85; 214590; 11
5; r; 807046; 1088; 718; 143; 7045; 3
5; r; 817931; 1088; 848; 152; 17930; 4
5; r; 824333; 1088; 285; 121; 24332; 9
5; r; 828175; 1088; 593; 132; 28174; 5
5; r; 832658; 1088; 926; 157; 32657; 10
5; r; 844826; 1088; 1076; 163; 44825; 6
5; r; 846107; 1088; 544; 130; 46106; 5
5; r; 850590; 1088; 623; 136; 50589; 6
5; r; 857635; 1088; 175; 114; 57634; 11
5; r; 858916; 1088; 804; 148; 58915; 6
5; r; 860197; 1088; 483; 128; 60196; 5
5; r; 861477; 1088; 220; 116; 61476; 15
5; r; 865320; 1088; 359; 125; 65319; 7
5; r; 878131; 1088; 811; 149; 78130; 4
5; r; 884536; 1088; 721; 144; 84535; 4
5; r; 888378; 1088; 266; 119; 88377; 12
5; r; 889660; 1088; 88; 112; 89659; 10
5; r; 890941; 1088; 1044; 162; 90940; 2
5; r; 901188; 1088; 335; 124; 101187; 9
5; r; 913358; 1088; 692; 141; 113357; 5
5; r; 919122; 1088; 644; 137; 119121; 5
5; r; 921684; 1088; 847; 151; 121683; 3
5; r; 922965; 1088; 290; 122; 122964; 12
5; r; 928089; 1088; 861; 155; 128088; 7
5; r; 929370; 1088; 855; 153; 129369; 4
5; r; 931932; 1088; 99; 113; 131931; 13
5; r; 944744; 1088; 903; 156; 144743; 8
5; r; 951150; 1088; 257; 118; 151149; 9
5; r; 952432; 1088; 252; 117; 152431; 10
5; r; 955635; 1088; 790; 147; 155634; 5
5; r; 959478; 1088; 842; 150; 159477; 9
5; r; 964603; 1088; 10; 107; 164602; 10
5; r; 965884; 1088; 999; 159; 165883; 7
5; r; 967165; 1088; 461; 127; 167164; 5
5; r; 968446; 1088; 62; 110; 168445; 9
5; r; 970367; 1088; 32; 109; 170366; 12
5; r; 983818; 1088; 1028; 161; 183817; 8
5; r; 994066; 1088; 559; 131; 194065; 7
5; r; 999832; 1088; 11; 108; 199831; 16
5; r; 1001113; 1088; 859; 154; 201112; 12
5; r; 1004957; 1088; 282; 120; 204956; 11
5; r; 1010083; 1088; 178; 115; 210082; 15
5; r; 1010724; 1088; 1026; 160; 210723; 13
5; r; 1013286; 1088; 661; 138; 213285; 13
5; r; 1018412; 1088; 604; 133; 218411; 12
5; r; 1019053; 1088; 730; 146; 219052; 12
5; r; 1036355; 1088; 397; 126; 236354; 14
5; r; 1039559; 1088; 485; 129; 239558; 11
5; r; 1049174; 1088; 86; 111; 249173; 10
5; r; 1058148; 1088; 670; 139; 258147; 8
6; r; 17933; 1088; 1087; 44; 17932; 1
6; r; 28820; 1088; 328; 13; 28819; 8
6; r; 32022; 1088; 954; 36; 32021; 1
6; r; 34584; 1088; 823; 28; 34583; 2
6; r; 37145; 1088; 996; 39; 37144; 13
6; r; 40348; 1088; 187; 9; 40347; 8
6; r; 42910; 1088; 698; 27; 42909; 10
6; r; 46112; 1088; 984; 37; 46111; 1
6; r; 55078; 1088; 666; 25; 55077; 9
6; r; 55719; 1088; 160; 7; 55718; 12
6; r; 57000; 1088; 881; 30; 56999; 4
6; r; 58922; 1088; 990; 38; 58921; 10
6; r; 61484; 1088; 1051; 41; 61483; 1
6; r; 65327; 1088; 119; 5; 65326; 8
6; r; 67248; 1088; 890; 31; 67247; 1
6; r; 72372; 1088; 458; 18; 72371; 5
6; r; 76856; 1088; 675; 26; 76855; 5
6; r; 78137; 1088; 28; 0; 78136; 8
6; r; 97347; 1088; 950; 35; 97346; 2
6; r; 99909; 1088; 1029; 40; 99908; 10
6; r; 103751; 1088; 644; 21; 103750; 5
6; r; 106954; 1088; 559; 19; 106953; 11
6; r; 107595; 1088; 164; 8; 107594; 9
6; r; 115281; 1088; 205; 10; 115280; 12
6; r; 118484; 1088; 654; 23; 118483; 7
6; r; 122327; 1088; 286; 12; 122326; 9
6; r; 125530; 1088; 662; 24; 125529; 11
6; r; 126171; 1088; 1065; 43; 126170; 13
6; r; 129373; 1088; 938; 34; 129372; 9
6; r; 131294; 1088; 53; 2; 131293; 10
6; r; 133856; 1088; 647; 22; 133855; 5
6; r; 134497; 1088; 829; 29; 134496; 10
6; r; 140261; 1088; 454; 17; 140260; 6
6; r; 142183; 1088; 351; 14; 142182; 7
6; r; 151791; 1088; 377; 15; 151790; 10
6; r; 153072; 1088; 1058; 42; 153071; 9
6; r; 156915; 1088; 252; 11; 156914; 9
6; r; 158836; 1088; 908; 32; 158835; 4
6; r; 162680; 1088; 595; 20; 162679; 10
6; r; 167164; 1088; 50; 1; 167163; 7
6; r; 172288; 1088; 97; 3; 172287; 16
6; r; 172929; 1088; 100; 4; 172928; 13
6; r; 176774; 1088; 910; 33; 176773; 6
6; r; 186388; 1088; 136; 6; 186387; 12
6; r; 408965; 1088; 1049; 96; 8964; 1
6; r; 409606; 1088; 956; 90; 9605; 1
6; r; 417290; 1088; 635; 77; 17289; 9
6; r; 419211; 1088; 853; 85; 19210; 2
6; r; 427536; 1088; 986; 92; 27535; 1
6; r; 437140; 1088; 698; 80; 37139; 9
6; r; 450588; 1088; 750; 81; 50587; 4
6; r; 451869; 1088; 836; 84; 51868; 6
6; r; 453791; 1088; 1052; 97; 53790; 1
6; r; 458274; 1088; 1013; 94; 58273; 5
6; r; 467881; 1088; 416; 65; 67880; 6
6; r; 469802; 1088; 255; 60; 69801; 7
6; r; 474925; 1088; 857; 86; 74924; 2
6; r; 476206; 1088; 670; 78; 76205; 7
6; r; 483892; 1088; 1061; 98; 83891; 8
6; r; 485813; 1088; 984; 91; 85812; 1
6; r; 492858; 1088; 162; 52; 92857; 11
6; r; 499263; 1088; 574; 73; 99262; 7
6; r; 501185; 1088; 1063; 99; 101184; 6
6; r; 503106; 1088; 100; 50; 103105; 12
6; r; 508869; 1088; 302; 61; 108868; 9
6; r; 509510; 1088; 482; 67; 109509; 10
6; r; 512712; 1088; 879; 87; 112711; 3
6; r; 515914; 1088; 888; 88; 115913; 4
6; r; 527442; 1088; 493; 68; 127441; 4
6; r; 537690; 1088; 804; 83; 137689; 6
6; r; 538331; 1088; 626; 75; 138330; 16
6; r; 545376; 1088; 52; 47; 145375; 11
6; r; 548579; 1088; 1039; 95; 148578; 7
6; r; 551141; 1088; 533; 70; 151140; 13
6; r; 554984; 1088; 678; 79; 154983; 5
6; r; 562030; 1088; 223; 56; 162029; 9
6; r; 567795; 1088; 199; 55; 167794; 14
6; r; 572278; 1088; 28; 45; 172277; 11
6; r; 576762; 1088; 68; 49; 176761; 12
6; r; 583167; 1088; 225; 57; 183166; 9
6; r; 583808; 1088; 104; 51; 183807; 11
6; r; 585730; 1088; 555; 72; 185729; 5
6; r; 590855; 1088; 414; 64; 190854; 9
6; r; 593417; 1088; 425; 66; 193416; 6
6; r; 595979; 1088; 333; 62; 195978; 11
6; r; 597260; 1088; 169; 53; 197259; 15
6; r; 602385; 1088; 396; 63; 202384; 11
6; r; 603666; 1088; 252; 59; 203665; 10
6; r; 604948; 1088; 628; 76; 204947; 12
6; r; 607511; 1088; 183; 54; 207510; 12
6; r; 608152; 1088; 59; 48; 208151; 10
6; r; 614559; 1088; 236; 58; 214558; 13
6; r; 619685; 1088; 36; 46; 219684; 16
6; r; 626734; 1088; 891; 89; 226733; 11
6; r; 630580; 1088; 540; 71; 230579; 10
6; r; 635707; 1088; 530; 69; 235706; 12
6; r; 673537; 1088; 759; 82; 273536; 11
6; r; 807687; 1088; 264; 113; 7686; 11
6; r; 813451; 1088; 1054; 153; 13450; 1
6; r; 818574; 1088; 756; 139; 18573; 3
6; r; 824978; 1088; 1049; 152; 24977; 2
6; r; 826899; 1088; 979; 147; 26898; 2
6; r; 833944; 1088; 540; 130; 33943; 7
6; r; 839067; 1088; 262; 112; 39066; 8
6; r; 841629; 1088; 458; 125; 41628; 5
6; r; 856360; 1088; 786; 141; 56359; 3
6; r; 859562; 1088; 335; 116; 59561; 10
6; r; 863405; 1088; 385; 119; 63404; 8
6; r; 873012; 1088; 1018; 149; 73011; 1
6; r; 876215; 1088; 785; 140; 76214; 3
6; r; 877496; 1088; 797; 142; 77495; 11
6; r; 885823; 1088; 629; 135; 85822; 10
6; r; 887744; 1088; 459; 126; 87743; 8
6; r; 889665; 1088; 441; 123; 89664; 7
6; r; 890306; 1088; 798; 143; 90305; 9
6; r; 893508; 1088; 161; 105; 93507; 9
6; r; 896070; 1088; 180; 106; 96069; 9
6; r; 903756; 1088; 455; 124; 103755; 10
6; r; 908880; 1088; 998; 148; 108879; 6
6; r; 913365; 1088; 842; 145; 113364; 6
6; r; 915927; 1088; 531; 129; 115926; 10
6; r; 919770; 1088; 714; 137; 119769; 5
6; r; 922332; 1088; 590; 132; 122331; 4
6; r; 924253; 1088; 134; 102; 124252; 11
6; r; 929377; 1088; 733; 138; 129376; 15
6; r; 932580; 1088; 440; 122; 132579; 11
6; r; 933221; 1088; 673; 136; 133220; 7
6; r; 937064; 1088; 401; 120; 137063; 12
6; r; 937705; 1088; 615; 134; 137704; 9
6; r; 944110; 1088; 502; 128; 144109; 16
6; r; 947954; 1088; 259; 111; 147953; 11
6; r; 949235; 1088; 470; 127; 149234; 9
6; r; 951797; 1088; 181; 107; 151796; 9
6; r; 953718; 1088; 1027; 150; 153717; 10
6; r; 955000; 1088; 602; 133; 154999; 9
6; r; 956281; 1088; 294; 114; 156280; 10
6; r; 956922; 1088; 340; 117; 156921; 15
6; r; 958203; 1088; 970; 146; 158202; 7
6; r; 963328; 1088; 143; 103; 163327; 9
6; r; 967810; 1088; 184; 108; 167809; 8
6; r; 985107; 1088; 156; 104; 185106; 13
6; r; 989591; 1088; 437; 121; 189590; 15
6; r; 990232; 1088; 297; 115; 190231; 16
6; r; 990873; 1088; 195; 109; 190872; 12
6; r; 992154; 1088; 211; 110; 192153; 11
6; r; 996641; 1088; 60; 100; 196640; 11
6; r; 997282; 1088; 574; 131; 197281; 10
6; r; 1002407; 1088; 80; 101; 202406; 13
6; r; 1016504; 1088; 374; 118; 216503; 11
6; r; 1038939; 1088; 825; 144; 238938; 14
7; r; 3843; 1088; 682; 34; 3842; 5
7; r; 8326; 1088; 984; 48; 8325; 1
7; r; 23693; 1088; 642; 29; 23692; 5
7; r; 26895; 1088; 416; 15; 26894; 6
7; r; 34579; 1088; 980; 47; 34578; 3
7; r; 37140; 1088; 865; 40; 37139; 12
7; r; 41622; 1088; 28; 0; 41621; 7
7; r; 43543; 1088; 645; 32; 43542; 5
7; r; 52509; 1088; 258; 8; 52508; 7
7; r; 61475; 1088; 418; 16; 61474; 7
7; r; 64677; 1088; 1085; 51; 64676; 1
7; r; 69801; 1088; 978; 46; 69800; 2
7; r; 79409; 1088; 719; 36; 79408; 3
7; r; 82612; 1088; 138; 6; 82611; 12
7; r; 87095; 1088; 1084; 50; 87094; 1
7; r; 88376; 1088; 945; 44; 88375; 3
7; r; 96061; 1088; 615; 24; 96060; 6
7; r; 112072; 1088; 684; 35; 112071; 4
7; r; 113353; 1088; 788; 38; 113352; 3
7; r; 117195; 1088; 274; 10; 117194; 9
7; r; 119117; 1088; 967; 45; 119116; 6
7; r; 123601; 1088; 43; 1; 123600; 13
7; r; 126163; 1088; 566; 21; 126162; 9
7; r; 129366; 1088; 663; 33; 129365; 9
7; r; 140895; 1088; 644; 31; 140894; 5
7; r; 143457; 1088; 368; 13; 143456; 12
7; r; 144738; 1088; 904; 43; 144737; 9
7; r; 146020; 1088; 188; 7; 146019; 9
7; r; 149223; 1088; 554; 19; 149222; 4
7; r; 149863; 1088; 868; 41; 149862; 8
7; r; 160751; 1088; 633; 26; 160750; 8
7; r; 165875; 1088; 811; 39; 165874; 4
7; r; 169078; 1088; 268; 9; 169077; 15
7; r; 172922; 1088; 497; 18; 172921; 10
7; r; 174843; 1088; 322; 12; 174842; 8
7; r; 179328; 1088; 892; 42; 179327; 15
7; r; 181891; 1088; 643; 30; 181890; 11
7; r; 182531; 1088; 71; 5; 182530; 11
7; r; 194064; 1088; 767; 37; 194063; 8
7; r; 195986; 1088; 635; 28; 195985; 9
7; r; 197909; 1088; 1062; 49; 197908; 14
7; r; 202394; 1088; 46; 2; 202393; 13
7; r; 204316; 1088; 318; 11; 204315; 10
7; r; 206239; 1088; 590; 23; 206238; 5
7; r; 211366; 1088; 459; 17; 211365; 11
7; r; 228670; 1088; 70; 4; 228669; 18
7; r; 231234; 1088; 60; 3; 231233; 13
7; r; 237644; 1088; 629; 25; 237643; 12
7; r; 260735; 1088; 565; 20; 260734; 14
7; r; 403203; 1088; 1013; 101; 3202; 3
7; r; 406405; 1088; 989; 100; 6404; 1
7; r; 411528; 1088; 724; 90; 11527; 4
7; r; 424337; 1088; 519; 85; 24336; 7
7; r; 428179; 1088; 597; 88; 28178; 11
7; r; 433943; 1088; 476; 79; 33942; 8
7; r; 440989; 1088; 750; 92; 40988; 6
7; r; 448674; 1088; 961; 99; 48673; 6
7; r; 449955; 1088; 163; 62; 49954; 9
7; r; 456999; 1088; 429; 76; 56998; 11
7; r; 460201; 1088; 146; 60; 60200; 10
7; r; 464685; 1088; 492; 81; 64684; 8
7; r; 467247; 1088; 689; 89; 67246; 3
7; r; 469168; 1088; 758; 93; 69167; 4
7; r; 469809; 1088; 849; 96; 69808; 2
7; r; 474931; 1088; 187; 67; 74930; 12
7; r; 487101; 1088; 814; 94; 87100; 5
7; r; 490944; 1088; 481; 80; 90943; 7
7; r; 497990; 1088; 452; 77; 97989; 12
7; r; 499271; 1088; 556; 86; 99270; 6
7; r; 499912; 1088; 167; 64; 99911; 11
7; r; 503115; 1088; 514; 83; 103114; 7
7; r; 504396; 1088; 49; 54; 104395; 15
7; r; 505677; 1088; 508; 82; 105676; 7
7; r; 515284; 1088; 743; 91; 115283; 6
7; r; 517205; 1088; 517; 84; 117204; 7
7; r; 520408; 1088; 183; 65; 120407; 11
7; r; 521689; 1088; 186; 66; 121688; 10
7; r; 523611; 1088; 349; 72; 123610; 8
7; r; 526814; 1088; 398; 75; 126813; 8
7; r; 527454; 1088; 931; 98; 127453; 6
7; r; 530017; 1088; 306; 70; 130016; 11
7; r; 537063; 1088; 352; 73; 137062; 10
7; r; 542186; 1088; 463; 78; 142185; 11
7; r; 546029; 1088; 160; 61; 146028; 8
7; r; 547310; 1088; 296; 69; 147309; 11
7; r; 550513; 1088; 354; 74; 150512; 8
7; r; 558199; 1088; 45; 53; 158198; 10
7; r; 558840; 1088; 92; 55; 158839; 12
7; r; 560122; 1088; 118; 57; 160121; 10
7; r; 562043; 1088; 594; 87; 162042; 8
7; r; 569089; 1088; 326; 71; 169088; 14
7; r; 574213; 1088; 108; 56; 174212; 10
7; r; 578058; 1088; 134; 58; 178057; 15
7; r; 580621; 1088; 840; 95; 180620; 7
7; r; 581262; 1088; 136; 59; 181261; 13
7; r; 583184; 1088; 4; 52; 183183; 11
7; r; 594079; 1088; 190; 68; 194078; 10
7; r; 594720; 1088; 165; 63; 194719; 14
7; r; 812167; 1088; 328; 119; 12166; 5
7; r; 813448; 1088; 890; 149; 13447; 1
7; r; 822412; 1088; 1074; 159; 22411; 3
7; r; 827535; 1088; 569; 129; 27534; 9
7; r; 828175; 1088; 740; 142; 28174; 7
7; r; 835860; 1088; 614; 131; 35859; 6
7; r; 849948; 1088; 655; 136; 49947; 7
7; r; 853791; 1088; 353; 121; 53790; 7
7; r; 859555; 1088; 639; 133; 59554; 6
7; r; 860836; 1088; 787; 145; 60835; 3
7; r; 861477; 1088; 1012; 156; 61476; 3
7; r; 865959; 1088; 956; 152; 65958; 1
7; r; 874284; 1088; 91; 108; 74283; 10
7; r; 879408; 1088; 693; 139; 79407; 8
7; r; 881970; 1088; 1042; 157; 81969; 4
7; r; 897342; 1088; 44; 104; 97341; 13
7; r; 899264; 1088; 651; 135; 99263; 3
7; r; 901826; 1088; 942; 151; 101825; 4
7; r; 903107; 1088; 967; 154; 103106; 7
7; r; 906949; 1088; 705; 140; 106948; 9
7; r; 908230; 1088; 721; 141; 108229; 5
7; r; 911433; 1088; 835; 147; 111432; 5
7; r; 915916; 1088; 82; 106; 115915; 11
7; r; 918477; 1088; 208; 113; 118476; 8
7; r; 925524; 1088; 627; 132; 125523; 12
7; r; 927446; 1088; 645; 134; 127445; 7
7; r; 928087; 1088; 689; 138; 128086; 7
7; r; 933211; 1088; 268; 115; 133210; 11
7; r; 934492; 1088; 279; 116; 134491; 9
7; r; 935773; 1088; 392; 122; 135772; 6
7; r; 941538; 1088; 660; 137; 141537; 15
7; r; 945381; 1088; 802; 146; 145380; 6
7; r; 946662; 1088; 772; 143; 146661; 5
7; r; 953708; 1088; 969; 155; 153707; 6
7; r; 956271; 1088; 215; 114; 156270; 10
7; r; 957552; 1088; 315; 118; 157551; 12
7; r; 958834; 1088; 552; 127; 158833; 5
7; r; 964598; 1088; 88; 107; 164597; 13
7; r; 973566; 1088; 149; 111; 173565; 9
7; r; 976128; 1088; 781; 144; 176127; 8
7; r; 977410; 1088; 290; 117; 177409; 6
7; r; 981894; 1088; 894; 150; 181893; 9
7; r; 984457; 1088; 159; 112; 184456; 7
7; r; 987660; 1088; 482; 126; 187659; 8
7; r; 988942; 1088; 130; 110; 188941; 17
7; r; 992785; 1088; 840; 148; 192784; 8
7; r; 1004317; 1088; 79; 105; 204316; 13
7; r; 1006240; 1088; 95; 109; 206239; 11
7; r; 1007522; 1088; 573; 130; 207521; 11
7; r; 1008804; 1088; 436; 123; 208803; 10
7; r; 1012007; 1088; 335; 120; 212006; 12
7; r; 1013289; 1088; 468; 125; 213288; 11
7; r; 1018417; 1088; 565; 128; 218416; 13
7; r; 1020340; 1088; 465; 124; 220339; 11
7; r; 1024827; 1088; 966; 153; 224826; 11
7; r; 1027390; 1088; 1054; 158; 227389; 10
7; r; 1079986; 1088; 20; 103; 279985; 16
8; r; 11528; 1088; 707; 42; 11527; 5
8; r; 16011; 1088; 401; 14; 16010; 8
8; r; 17932; 1088; 833; 51; 17931; 8
8; r; 21774; 1088; 920; 55; 21773; 1
8; r; 37144; 1088; 858; 52; 37143; 9
8; r; 48032; 1088; 0; 0; 48031; 15
8; r; 48673; 1088; 778; 48; 48672; 4
8; r; 56359; 1088; 21; 1; 56358; 9
8; r; 59561; 1088; 889; 53; 59560; 1
8; r; 64684; 1088; 726; 44; 64683; 12
8; r; 69808; 1088; 665; 39; 69807; 12
8; r; 78775; 1088; 579; 30; 78774; 8
8; r; 80056; 1088; 912; 54; 80055; 3
8; r; 87101; 1088; 811; 50; 87100; 4
8; r; 96709; 1088; 295; 12; 96708; 6
8; r; 100552; 1088; 616; 32; 100551; 5
8; r; 107598; 1088; 630; 33; 107597; 13
8; r; 111441; 1088; 547; 28; 111440; 7
8; r; 113362; 1088; 644; 36; 113361; 5
8; r; 122330; 1088; 562; 29; 122329; 9
8; r; 129376; 1088; 544; 27; 129375; 6
8; r; 134501; 1088; 714; 43; 134500; 5
8; r; 135782; 1088; 190; 6; 135781; 7
8; r; 138985; 1088; 291; 11; 138984; 7
8; r; 140266; 1088; 661; 37; 140265; 12
8; r; 141548; 1088; 445; 18; 141547; 7
8; r; 142829; 1088; 595; 31; 142828; 10
8; r; 144751; 1088; 790; 49; 144750; 5
8; r; 146032; 1088; 503; 22; 146031; 7
8; r; 151797; 1088; 112; 5; 151796; 10
8; r; 155641; 1088; 639; 35; 155640; 5
8; r; 156922; 1088; 427; 16; 156921; 8
8; r; 162687; 1088; 769; 46; 162686; 10
8; r; 169093; 1088; 512; 23; 169092; 7
8; r; 170374; 1088; 670; 40; 170373; 9
8; r; 175500; 1088; 638; 34; 175499; 7
8; r; 177422; 1088; 662; 38; 177421; 11
8; r; 178062; 1088; 462; 19; 178061; 8
8; r; 185750; 1088; 194; 7; 185749; 14
8; r; 186390; 1088; 98; 3; 186389; 8
8; r; 192155; 1088; 694; 41; 192154; 10
8; r; 195357; 1088; 428; 17; 195356; 6
8; r; 203686; 1088; 336; 13; 203685; 13
8; r; 204967; 1088; 533; 26; 204966; 11
8; r; 205607; 1088; 202; 8; 205606; 9
8; r; 210734; 1088; 497; 20; 210733; 11
8; r; 217781; 1088; 92; 2; 217780; 14
8; r; 221627; 1088; 498; 21; 221626; 12
8; r; 234444; 1088; 759; 45; 234443; 10
8; r; 238290; 1088; 104; 4; 238289; 12
8; r; 268422; 1088; 243; 9; 268421; 11
8; r; 404484; 1088; 646; 92; 4483; 4
8; r; 412808; 1088; 223; 64; 12807; 6
8; r; 422413; 1088; 1066; 114; 22412; 8
8; r; 423053; 1088; 309; 68; 23052; 11
8; r; 426253; 1088; 452; 82; 26252; 7
8; r; 430096; 1088; 451; 81; 30095; 7
8; r; 433299; 1088; 987; 111; 33298; 1
8; r; 446748; 1088; 163; 62; 46747; 9
8; r; 460837; 1088; 715; 96; 60836; 6
8; r; 469803; 1088; 818; 100; 69802; 3
8; r; 476208; 1088; 684; 95; 76207; 6
8; r; 477489; 1088; 995; 112; 77488; 12
8; r; 480691; 1088; 328; 70; 80690; 6
8; r; 483893; 1088; 409; 77; 83892; 10
8; r; 511434; 1088; 445; 80; 111433; 8
8; r; 515917; 1088; 291; 66; 115916; 8
8; r; 516558; 1088; 985; 110; 116557; 4
8; r; 520401; 1088; 512; 87; 120400; 9
8; r; 521682; 1088; 355; 74; 121681; 8
8; r; 526166; 1088; 723; 97; 126165; 4
8; r; 527447; 1088; 910; 105; 127446; 4
8; r; 530649; 1088; 649; 93; 130648; 6
8; r; 532571; 1088; 219; 63; 132570; 7
8; r; 537694; 1088; 928; 106; 137693; 8
8; r; 538335; 1088; 624; 91; 138334; 5
8; r; 544742; 1088; 867; 102; 144741; 6
8; r; 551149; 1088; 902; 104; 151148; 13
8; r; 551790; 1088; 948; 107; 151789; 9
8; r; 554352; 1088; 427; 79; 154351; 6
8; r; 555633; 1088; 357; 75; 155632; 8
8; r; 561397; 1088; 541; 89; 161396; 9
8; r; 563959; 1088; 70; 57; 163958; 14
8; r; 566521; 1088; 477; 85; 166520; 11
8; r; 567162; 1088; 962; 109; 167161; 12
8; r; 568443; 1088; 821; 101; 168442; 3
8; r; 573567; 1088; 94; 58; 173566; 11
8; r; 574207; 1088; 330; 71; 174206; 14
8; r; 578050; 1088; 959; 108; 178049; 11
8; r; 583175; 1088; 302; 67; 183174; 13
8; r; 590862; 1088; 319; 69; 190861; 6
8; r; 597266; 1088; 144; 60; 197265; 13
8; r; 597907; 1088; 148; 61; 197906; 11
8; r; 604311; 1088; 274; 65; 204310; 11
8; r; 611360; 1088; 1; 56; 211359; 12
8; r; 613923; 1088; 1008; 113; 213922; 7
8; r; 615204; 1088; 664; 94; 215203; 10
8; r; 616486; 1088; 337; 72; 216485; 11
8; r; 629302; 1088; 792; 98; 229301; 18
8; r; 643403; 1088; 502; 86; 243402; 11
8; r; 660713; 1088; 418; 78; 260712; 9
8; r; 674182; 1088; 895; 103; 274181; 12
8; r; 682524; 1088; 106; 59; 282523; 13
8; r; 816651; 1088; 445; 133; 16650; 7
8; r; 819853; 1088; 1050; 163; 19852; 1
8; r; 821774; 1088; 737; 150; 21773; 5
8; r; 823055; 1088; 846; 155; 23054; 4
8; r; 829459; 1088; 526; 140; 29458; 5
8; r; 833301; 1088; 714; 148; 33300; 6
8; r; 837145; 1088; 467; 135; 37144; 11
8; r; 852515; 1088; 958; 161; 52514; 14
8; r; 857639; 1088; 715; 149; 57638; 6
8; r; 860201; 1088; 208; 126; 60200; 13
8; r; 863404; 1088; 950; 160; 63403; 2
8; r; 865966; 1088; 979; 162; 65965; 7
8; r; 870450; 1088; 581; 144; 70449; 6
8; r; 874934; 1088; 1084; 165; 74933; 1
8; r; 882620; 1088; 42; 117; 82619; 14
8; r; 883901; 1088; 742; 151; 83900; 6
8; r; 885182; 1088; 34; 116; 85181; 11
8; r; 889665; 1088; 480; 136; 89664; 5
8; r; 890946; 1088; 310; 131; 90945; 9
8; r; 893508; 1088; 855; 156; 93507; 4
8; r; 894148; 1088; 788; 153; 94147; 3
8; r; 900554; 1088; 865; 157; 100553; 10
8; r; 906959; 1088; 575; 143; 106958; 6
8; r; 908240; 1088; 454; 134; 108239; 8
8; r; 910802; 1088; 240; 128; 110801; 10
8; r; 913364; 1088; 767; 152; 113363; 10
8; r; 915286; 1088; 494; 138; 115285; 5
8; r; 919128; 1088; 899; 159; 119127; 5
8; r; 928093; 1088; 278; 130; 128092; 11
8; r; 928734; 1088; 207; 125; 128733; 10
8; r; 930655; 1088; 884; 158; 130654; 3
8; r; 934498; 1088; 562; 141; 134497; 10
8; r; 935779; 1088; 73; 120; 135778; 8
8; r; 938982; 1088; 3; 115; 138981; 14
8; r; 943465; 1088; 821; 154; 143464; 13
8; r; 944105; 1088; 625; 145; 144104; 6
8; r; 949229; 1088; 569; 142; 149228; 10
8; r; 949870; 1088; 231; 127; 149869; 11
8; r; 964602; 1088; 659; 146; 164601; 4
8; r; 966524; 1088; 406; 132; 166523; 7
8; r; 970368; 1088; 113; 122; 170367; 11
8; r; 971649; 1088; 1059; 164; 171648; 18
8; r; 972290; 1088; 498; 139; 172289; 13
8; r; 979337; 1088; 664; 147; 179336; 11
8; r; 980619; 1088; 168; 124; 180618; 13
8; r; 985105; 1088; 92; 121; 185104; 11
8; r; 988950; 1088; 47; 118; 188949; 10
8; r; 996640; 1088; 59; 119; 196639; 14
8; r; 997921; 1088; 143; 123; 197920; 12
8; r; 1006892; 1088; 254; 129; 206891; 12
9; r; 23698; 1088; 965; 39; 23697; 5
9; r; 32023; 1088; 385; 17; 32022; 5
9; r; 36505; 1088; 685; 26; 36504; 5
9; r; 44830; 1088; 56; 1; 44829; 9
9; r; 46751; 1088; 369; 15; 46750; 10
9; r; 48032; 1088; 911; 35; 48031; 3
9; r; 59558; 1088; 448; 19; 59557; 5
9; r; 70446; 1088; 1020; 44; 70445; 1
9; r; 71727; 1088; 856; 32; 71726; 2
9; r; 84537; 1088; 454; 20; 84536; 7
9; r; 87099; 1088; 994; 43; 87098; 13
9; r; 92863; 1088; 265; 11; 92862; 17
9; r; 96065; 1088; 549; 23; 96064; 5
9; r; 105031; 1088; 340; 12; 105030; 13
9; r; 105672; 1088; 955; 38; 105671; 2
9; r; 110156; 1088; 977; 41; 110155; 3
9; r; 113359; 1088; 860; 34; 113358; 8
9; r; 114000; 1088; 180; 7; 113999; 9
9; r; 115922; 1088; 164; 6; 115921; 8
9; r; 119124; 1088; 497; 22; 119123; 10
9; r; 120405; 1088; 496; 21; 120404; 11
9; r; 126170; 1088; 1058; 47; 126169; 12
9; r; 138980; 1088; 742; 27; 138979; 8
9; r; 139620; 1088; 159; 4; 139619; 7
9; r; 142822; 1088; 1; 0; 142821; 14
9; r; 144103; 1088; 794; 29; 144102; 9
9; r; 144743; 1088; 1067; 49; 144742; 10
9; r; 147305; 1088; 832; 31; 147304; 10
9; r; 151789; 1088; 247; 10; 151788; 9
9; r; 153070; 1088; 941; 37; 153069; 6
9; r; 162035; 1088; 163; 5; 162034; 11
9; r; 162676; 1088; 1048; 46; 162675; 5
9; r; 163957; 1088; 1060; 48; 163956; 8
9; r; 167160; 1088; 372; 16; 167159; 13
9; r; 168441; 1088; 567; 24; 168440; 11
9; r; 173566; 1088; 366; 14; 173565; 11
9; r; 175488; 1088; 761; 28; 175487; 16
9; r; 176769; 1088; 858; 33; 176768; 15
9; r; 178692; 1088; 972; 40; 178691; 5
9; r; 185740; 1088; 211; 9; 185739; 11
9; r; 186381; 1088; 117; 3; 186380; 10
9; r; 210730; 1088; 1027; 45; 210729; 11
9; r; 212012; 1088; 927; 36; 212011; 10
9; r; 224188; 1088; 429; 18; 224187; 13
9; r; 418568; 1088; 720; 80; 18567; 4
9; r; 424331; 1088; 791; 82; 24330; 4
9; r; 429454; 1088; 551; 77; 29453; 5
9; r; 437139; 1088; 815; 85; 37138; 2
9; r; 439061; 1088; 467; 73; 39060; 13
9; r; 449948; 1088; 561; 78; 49947; 14
9; r; 464036; 1088; 908; 91; 64035; 5
9; r; 467879; 1088; 80; 52; 67878; 13
9; r; 468520; 1088; 889; 87; 68519; 1
9; r; 473003; 1088; 898; 89; 73002; 6
9; r; 478127; 1088; 376; 65; 78126; 9
9; r; 480689; 1088; 175; 55; 80688; 12
9; r; 489014; 1088; 521; 75; 89013; 6
9; r; 491577; 1088; 803; 83; 91576; 4
9; r; 492858; 1088; 58; 51; 92857; 12
9; r; 501185; 1088; 525; 76; 101184; 5
9; r; 502466; 1088; 945; 92; 102465; 3
9; r; 508230; 1088; 233; 60; 108229; 11
9; r; 510152; 1088; 811; 84; 110151; 5
9; r; 513995; 1088; 386; 66; 113994; 4
9; r; 520400; 1088; 900; 90; 120399; 7
9; r; 523602; 1088; 1033; 95; 123601; 6
9; r; 526164; 1088; 453; 71; 126163; 6
9; r; 527445; 1088; 1027; 94; 127444; 6
9; r; 534491; 1088; 5; 50; 134490; 15
9; r; 537693; 1088; 780; 81; 137692; 5
9; r; 538974; 1088; 219; 59; 138973; 10
9; r; 540897; 1088; 309; 62; 140896; 10
9; r; 544100; 1088; 414; 67; 144099; 8
9; r; 546021; 1088; 197; 56; 146020; 10
9; r; 548583; 1088; 203; 58; 148582; 10
9; r; 552425; 1088; 170; 54; 152424; 11
9; r; 558831; 1088; 130; 53; 158830; 8
9; r; 565236; 1088; 286; 61; 165235; 8
9; r; 583172; 1088; 440; 69; 183171; 9
9; r; 586376; 1088; 435; 68; 186375; 11
9; r; 590220; 1088; 462; 72; 190219; 12
9; r; 595987; 1088; 513; 74; 195986; 11
9; r; 596628; 1088; 1061; 96; 196627; 10
9; r; 614572; 1088; 200; 57; 214571; 12
9; r; 617778; 1088; 368; 64; 217777; 13
9; r; 618419; 1088; 441; 70; 218418; 13
9; r; 623547; 1088; 601; 79; 223546; 11
9; r; 800001; 1088; 1083; 142; 0; 1
9; r; 808325; 1088; 1036; 139; 8324; 5
9; r; 822413; 1088; 1081; 141; 22412; 2
9; r; 828177; 1088; 748; 130; 28176; 4
9; r; 841627; 1088; 440; 117; 41626; 9
9; r; 842908; 1088; 489; 121; 42907; 7
9; r; 845470; 1088; 481; 120; 45469; 6
9; r; 846111; 1088; 310; 110; 46110; 11
9; r; 848673; 1088; 653; 127; 48672; 3
9; r; 859559; 1088; 565; 123; 59558; 10
9; r; 878770; 1088; 495; 122; 78769; 16
9; r; 881972; 1088; 450; 118; 81971; 6
9; r; 899264; 1088; 345; 112; 99263; 11
9; r; 899905; 1088; 911; 137; 99904; 8
9; r; 901186; 1088; 267; 109; 101185; 9
9; r; 905029; 1088; 796; 133; 105028; 9
9; r; 906950; 1088; 5; 97; 106949; 11
9; r; 908872; 1088; 900; 136; 108871; 9
9; r; 913996; 1088; 721; 128; 113995; 3
9; r; 916558; 1088; 602; 125; 116557; 7
9; r; 922963; 1088; 153; 106; 122962; 14
9; r; 924245; 1088; 784; 132; 124244; 3
9; r; 929369; 1088; 435; 116; 129368; 10
9; r; 931931; 1088; 763; 131; 131930; 7
9; r; 933212; 1088; 61; 102; 133211; 8
9; r; 935133; 1088; 158; 107; 135132; 13
9; r; 939616; 1088; 870; 134; 139615; 5
9; r; 942179; 1088; 252; 108; 142178; 8
9; r; 957550; 1088; 44; 101; 157549; 13
9; r; 969719; 1088; 83; 103; 169718; 12
9; r; 972924; 1088; 735; 129; 172923; 14
9; r; 983174; 1088; 325; 111; 183173; 9
9; r; 987660; 1088; 1062; 140; 187659; 10
9; r; 988301; 1088; 470; 119; 188300; 9
9; r; 991505; 1088; 599; 124; 191504; 11
9; r; 1004323; 1088; 931; 138; 204322; 7
9; r; 1017140; 1088; 33; 100; 217139; 15
9; r; 1044078; 1088; 22; 98; 244077; 12
