iter; type; time slot; d_nodes; s_nodes; pid; nslot; nhop
0; r; 2900; 1088; 812; 1; 2391; 4
0; r; 18264; 1088; 787; 47; 2502; 3
0; r; 22105; 1088; 115; 39; 9145; 9
0; r; 26586; 1088; 292; 0; 26254; 10
0; r; 29787; 1088; 717; 37; 17376; 3
0; r; 32348; 1088; 557; 19; 26456; 4
0; r; 35549; 1088; 1021; 55; 17327; 1
0; r; 46432; 1088; 819; 34; 36689; 5
0; r; 49633; 1088; 923; 8; 47823; 1
0; r; 59237; 1088; 1022; 60; 40075; 1
0; r; 65640; 1088; 569; 14; 61015; 14
0; r; 68201; 1088; 418; 54; 50332; 7
0; r; 69482; 1088; 390; 49; 53451; 10
0; r; 71403; 1088; 1087; 7; 69622; 1
0; r; 76525; 1088; 594; 11; 72840; 14
0; r; 77806; 1088; 989; 64; 57704; 2
0; r; 79086; 1088; 780; 27; 71127; 3
0; r; 80367; 1088; 317; 61; 60810; 12
0; r; 84209; 1088; 516; 82; 58133; 5
0; r; 89333; 1088; 373; 36; 78381; 8
0; r; 91894; 1088; 873; 45; 76828; 4
0; r; 98937; 1088; 716; 71; 76050; 3
0; r; 100858; 1088; 962; 68; 79873; 7
0; r; 112383; 1088; 877; 70; 90045; 4
0; r; 113664; 1088; 753; 80; 88110; 2
0; r; 115585; 1088; 515; 79; 90273; 9
0; r; 120067; 1088; 540; 43; 105655; 9
0; r; 121988; 1088; 820; 26; 114600; 4
0; r; 123269; 1088; 729; 100; 91409; 11
0; r; 125190; 1088; 903; 44; 110508; 5
0; r; 148880; 1088; 851; 93; 119821; 5
0; r; 150801; 1088; 283; 73; 127361; 11
0; r; 153363; 1088; 688; 96; 123597; 6
0; r; 154644; 1088; 740; 29; 145823; 5
0; r; 157846; 1088; 1037; 10; 154527; 7
0; r; 159127; 1088; 480; 4; 157948; 6
0; r; 160408; 1088; 223; 25; 153211; 10
0; r; 166811; 1088; 645; 76; 142836; 10
0; r; 168732; 1088; 784; 62; 148960; 10
0; r; 171293; 1088; 409; 41; 157758; 14
0; r; 173214; 1088; 614; 92; 144913; 8
0; r; 176416; 1088; 517; 84; 150046; 13
0; r; 177056; 1088; 722; 104; 144311; 6
0; r; 178337; 1088; 679; 30; 169010; 9
0; r; 180258; 1088; 197; 18; 174646; 10
0; r; 184100; 1088; 412; 97; 154155; 9
0; r; 195626; 1088; 595; 90; 167391; 12
0; r; 201388; 1088; 733; 42; 187451; 10
0; r; 207150; 1088; 631; 65; 186759; 11
0; r; 213553; 1088; 804; 23; 206638; 11
0; r; 216115; 1088; 445; 72; 193177; 8
0; r; 218677; 1088; 14; 83; 192441; 11
0; r; 224440; 1088; 452; 85; 197993; 14
0; r; 236608; 1088; 290; 46; 220846; 10
0; r; 238529; 1088; 175; 98; 207565; 16
0; r; 243651; 1088; 70; 28; 235549; 18
0; r; 244932; 1088; 964; 21; 238938; 10
0; r; 257099; 1088; 195; 91; 228827; 21
0; r; 259020; 1088; 587; 103; 226620; 13
0; r; 265423; 1088; 180; 58; 246589; 16
0; r; 283354; 1088; 305; 48; 267518; 19
0; r; 283994; 1088; 33; 86; 257212; 18
0; r; 284634; 1088; 43; 75; 260672; 14
0; r; 286556; 1088; 49; 12; 282711; 14
0; r; 289118; 1088; 381; 51; 272690; 14
0; r; 290399; 1088; 51; 94; 261061; 17
0; r; 291680; 1088; 472; 89; 263534; 17
0; r; 298084; 1088; 79; 22; 291587; 16
0; r; 299365; 1088; 352; 63; 279583; 11
0; r; 300005; 1088; 369; 56; 281457; 19
0; r; 307691; 1088; 894; 2; 306997; 23
0; r; 321140; 1088; 968; 74; 297343; 11
0; r; 321780; 1088; 217; 53; 304409; 19
0; r; 323061; 1088; 6; 16; 318149; 19
0; r; 325623; 1088; 220; 31; 316284; 17
0; r; 330746; 1088; 337; 40; 317727; 28
0; r; 331387; 1088; 328; 13; 326974; 28
0; r; 332668; 1088; 886; 99; 301494; 13
0; r; 338431; 1088; 870; 78; 313126; 27
0; r; 340352; 1088; 1076; 59; 321515; 30
0; r; 344836; 1088; 147; 101; 312716; 22
0; r; 350601; 1088; 806; 15; 345700; 19
0; r; 353163; 1088; 858; 67; 332305; 25
0; r; 377507; 1088; 864; 87; 350365; 22
0; r; 422990; 1088; 1032; 114; 19391; 5
0; r; 428752; 1088; 1067; 131; 20446; 6
0; r; 431313; 1088; 692; 144; 19742; 2
0; r; 433874; 1088; 210; 150; 20498; 11
0; r; 436435; 1088; 102; 52; 419726; 24
0; r; 438356; 1088; 302; 168; 19604; 9
0; r; 441557; 1088; 890; 113; 38189; 1
0; r; 442838; 1088; 823; 124; 36771; 4
0; r; 444119; 1088; 460; 165; 26729; 6
0; r; 456925; 1088; 886; 222; 25751; 2
0; r; 463967; 1088; 855; 159; 48064; 2
0; r; 465888; 1088; 720; 147; 53232; 2
0; r; 470369; 1088; 628; 106; 69347; 13
0; r; 475491; 1088; 1085; 219; 45496; 1
0; r; 483814; 1088; 809; 125; 77505; 5
0; r; 487015; 1088; 1049; 161; 70982; 1
0; r; 488296; 1088; 972; 133; 78426; 7
0; r; 489577; 1088; 1086; 208; 62350; 1
0; r; 492779; 1088; 1017; 163; 76248; 2
0; r; 495340; 1088; 550; 190; 72330; 7
0; r; 498541; 1088; 31; 105; 97562; 10
0; r; 507505; 1088; 656; 195; 83559; 3
0; r; 510707; 1088; 272; 149; 97786; 12
0; r; 516469; 1088; 908; 215; 87383; 6
0; r; 527354; 1088; 791; 217; 97758; 6
0; r; 529275; 1088; 1043; 120; 124123; 4
0; r; 531196; 1088; 944; 221; 100344; 3
0; r; 534397; 1088; 842; 187; 111852; 4
0; r; 542722; 1088; 865; 141; 131427; 11
0; r; 545283; 1088; 879; 129; 137458; 4
0; r; 547204; 1088; 930; 214; 118159; 9
0; r; 549766; 1088; 703; 108; 148592; 9
0; r; 551047; 1088; 316; 157; 135591; 17
0; r; 561292; 1088; 248; 185; 138899; 8
0; r; 567055; 1088; 631; 174; 146664; 11
0; r; 570897; 1088; 543; 128; 164011; 12
0; r; 573458; 1088; 525; 179; 152526; 5
0; r; 586264; 1088; 530; 186; 163805; 13
0; r; 591387; 1088; 541; 175; 170807; 14
0; r; 597150; 1088; 893; 110; 194890; 10
0; r; 600351; 1088; 814; 153; 186275; 6
0; r; 602912; 1088; 267; 115; 198999; 14
0; r; 607394; 1088; 495; 146; 195065; 19
0; r; 608034; 1088; 795; 181; 186256; 17
0; r; 609955; 1088; 901; 132; 201042; 18
0; r; 625323; 1088; 836; 205; 198638; 9
0; r; 629165; 1088; 934; 216; 199655; 6
0; r; 632367; 1088; 470; 116; 228396; 13
0; r; 636209; 1088; 763; 196; 211983; 12
0; r; 638130; 1088; 1078; 182; 216321; 14
0; r; 639411; 1088; 16; 188; 216471; 14
0; r; 641973; 1088; 1037; 112; 238654; 13
0; r; 652219; 1088; 648; 164; 235457; 21
0; r; 657342; 1088; 992; 107; 256279; 27
0; r; 660544; 1088; 702; 193; 237229; 14
0; r; 662465; 1088; 57; 223; 231229; 11
0; r; 670789; 1088; 489; 210; 242705; 19
0; r; 677833; 1088; 671; 136; 267331; 20
0; r; 681035; 1088; 241; 225; 249255; 14
0; r; 684877; 1088; 544; 127; 278032; 19
0; r; 688079; 1088; 840; 194; 264486; 18
0; r; 690000; 1088; 362; 176; 269375; 18
0; r; 691281; 1088; 792; 224; 259818; 15
0; r; 693202; 1088; 126; 167; 274987; 20
0; r; 693842; 1088; 148; 201; 268117; 22
0; r; 694483; 1088; 259; 142; 282969; 22
0; r; 705370; 1088; 407; 169; 286614; 12
0; r; 707932; 1088; 132; 160; 292002; 11
0; r; 709213; 1088; 183; 189; 286241; 16
0; r; 715617; 1088; 363; 109; 314237; 16
0; r; 716898; 1088; 63; 178; 296220; 12
0; r; 725865; 1088; 133; 197; 301340; 20
0; r; 732270; 1088; 67; 228; 299925; 14
0; r; 732910; 1088; 428; 162; 316699; 23
0; r; 733551; 1088; 45; 192; 310341; 15
0; r; 739315; 1088; 1042; 148; 326511; 21
0; r; 741877; 1088; 14; 202; 315641; 20
0; r; 745721; 1088; 693; 140; 334522; 18
0; r; 749564; 1088; 279; 204; 322957; 23
0; r; 750845; 1088; 138; 209; 323501; 19
0; r; 753407; 1088; 866; 137; 342869; 21
0; r; 757250; 1088; 87; 130; 349059; 16
0; r; 761733; 1088; 306; 126; 355189; 24
0; r; 772624; 1088; 275; 156; 357180; 15
0; r; 776468; 1088; 435; 170; 357553; 22
0; r; 811702; 1088; 82; 239; 8632; 10
0; r; 818744; 1088; 907; 273; 8630; 4
0; r; 825147; 1088; 854; 234; 22787; 2
0; r; 825787; 1088; 841; 269; 16495; 6
0; r; 827708; 1088; 654; 300; 8450; 5
0; r; 830909; 1088; 1016; 263; 23074; 1
0; r; 834750; 1088; 101; 237; 31841; 13
0; r; 836031; 1088; 856; 308; 14542; 3
0; r; 841153; 1088; 284; 299; 22218; 6
0; r; 846275; 1088; 814; 285; 32199; 5
0; r; 852678; 1088; 1015; 286; 38523; 2
0; r; 854599; 1088; 1017; 294; 38068; 1
0; r; 856520; 1088; 1047; 258; 50573; 2
0; r; 859081; 1088; 1075; 292; 43218; 5
0; r; 860362; 1088; 272; 281; 47441; 12
0; r; 862923; 1088; 646; 251; 57904; 5
0; r; 868685; 1088; 1084; 261; 61237; 1
0; r; 870606; 1088; 786; 241; 66828; 3
0; r; 874448; 1088; 576; 282; 60938; 8
0; r; 878930; 1088; 612; 230; 78914; 4
0; r; 882772; 1088; 979; 233; 80846; 5
0; r; 885973; 1088; 181; 276; 74407; 11
0; r; 887894; 1088; 651; 262; 80429; 5
0; r; 892376; 1088; 919; 338; 60054; 1
0; r; 894297; 1088; 691; 279; 81420; 8
0; r; 896218; 1088; 784; 301; 76446; 3
0; r; 899420; 1088; 984; 335; 67301; 1
0; r; 903261; 1088; 93; 252; 98215; 12
0; r; 905822; 1088; 553; 323; 78501; 5
0; r; 908383; 1088; 200; 288; 93814; 14
0; r; 917348; 1088; 671; 274; 106846; 7
0; r; 919909; 1088; 539; 293; 103570; 8
0; r; 962807; 1088; 555; 244; 158193; 6
0; r; 963447; 1088; 983; 248; 158524; 6
0; r; 964728; 1088; 857; 332; 134542; 7
0; r; 972412; 1088; 546; 336; 140215; 9
0; r; 984579; 1088; 363; 232; 183199; 13
0; r; 988420; 1088; 415; 259; 181314; 12
0; r; 990341; 1088; 393; 242; 186469; 12
0; r; 994824; 1088; 110; 271; 184878; 12
0; r; 995464; 1088; 665; 278; 183473; 16
0; r; 996745; 1088; 523; 326; 169267; 18
0; r; 999306; 1088; 530; 313; 176847; 13
0; r; 999947; 1088; 162; 272; 189865; 15
0; r; 1002509; 1088; 518; 320; 176206; 6
0; r; 1006992; 1088; 686; 306; 185815; 8
0; r; 1014676; 1088; 620; 315; 191190; 12
0; r; 1021079; 1088; 700; 317; 195734; 12
0; r; 1035167; 1088; 667; 280; 222261; 9
0; r; 1039649; 1088; 760; 318; 214086; 12
0; r; 1042210; 1088; 598; 289; 227313; 18
0; r; 1043491; 1088; 481; 333; 211995; 14
0; r; 1045412; 1088; 65; 314; 222768; 11
0; r; 1056298; 1088; 545; 310; 234596; 17
0; r; 1056939; 1088; 138; 325; 229595; 19
0; r; 1065263; 1088; 1002; 330; 235378; 14
0; r; 1069105; 1088; 873; 290; 254039; 7
0; r; 1074868; 1088; 380; 324; 247525; 12
0; r; 1076149; 1088; 104; 264; 268183; 17
0; r; 1093441; 1088; 773; 236; 290755; 12
0; r; 1097284; 1088; 1066; 255; 291750; 15
0; r; 1098565; 1088; 241; 334; 266785; 15
0; r; 1101127; 1088; 850; 302; 281037; 9
0; r; 1105610; 1088; 376; 295; 287977; 15
0; r; 1111374; 1088; 827; 249; 306418; 12
0; r; 1114576; 1088; 131; 243; 310605; 15
0; r; 1115857; 1088; 735; 339; 283469; 23
0; r; 1116497; 1088; 431; 297; 297908; 21
0; r; 1119060; 1088; 490; 296; 300920; 19
0; r; 1120341; 1088; 247; 253; 315289; 20
0; r; 1123544; 1088; 703; 231; 322370; 15
0; r; 1124184; 1088; 844; 246; 319511; 24
0; r; 1128027; 1088; 520; 309; 306357; 21
0; r; 1129308; 1088; 525; 305; 308376; 25
0; r; 1137634; 1088; 197; 256; 332022; 15
0; r; 1146601; 1088; 92; 331; 316590; 21
0; r; 1151082; 1088; 374; 247; 346393; 26
0; r; 1158127; 1088; 540; 287; 343715; 29
0; r; 1158768; 1088; 220; 270; 349429; 19
0; r; 1164534; 1088; 680; 316; 339380; 15
0; r; 1169019; 1088; 39; 267; 360496; 23
0; r; 1174782; 1088; 311; 265; 366780; 31
0; r; 1178626; 1088; 1024; 328; 350691; 15
0; r; 1215167; 1088; 557; 257; 409275; 15
1; r; 7683; 1088; 843; 76; 7682; 5
1; r; 14725; 1088; 1049; 95; 14724; 1
1; r; 17926; 1088; 1052; 96; 17925; 3
1; r; 19207; 1088; 1085; 98; 19206; 1
1; r; 21768; 1088; 113; 12; 21767; 11
1; r; 24329; 1088; 460; 40; 24328; 4
1; r; 30090; 1088; 476; 42; 30089; 9
1; r; 33932; 1088; 497; 46; 33931; 11
1; r; 42256; 1088; 84; 8; 42255; 8
1; r; 44177; 1088; 1014; 90; 44176; 2
1; r; 52501; 1088; 864; 77; 52500; 9
1; r; 53141; 1088; 621; 61; 53140; 5
1; r; 54422; 1088; 1021; 91; 54421; 1
1; r; 56983; 1088; 500; 47; 56982; 12
1; r; 60824; 1088; 576; 54; 60823; 6
1; r; 63384; 1088; 229; 25; 63383; 9
1; r; 66586; 1088; 788; 72; 66585; 5
1; r; 73629; 1088; 1086; 99; 73628; 3
1; r; 79392; 1088; 1022; 92; 79391; 1
1; r; 80673; 1088; 1081; 97; 80672; 2
1; r; 85795; 1088; 191; 18; 85794; 7
1; r; 92199; 1088; 719; 69; 92198; 8
1; r; 94760; 1088; 982; 88; 94759; 6
1; r; 97961; 1088; 677; 66; 97960; 4
1; r; 99882; 1088; 927; 85; 99881; 10
1; r; 100522; 1088; 221; 24; 100521; 14
1; r; 103083; 1088; 477; 43; 103082; 8
1; r; 105004; 1088; 839; 75; 105003; 4
1; r; 106285; 1088; 130; 14; 106284; 10
1; r; 106925; 1088; 75; 7; 106924; 11
1; r; 107566; 1088; 559; 52; 107565; 5
1; r; 110768; 1088; 603; 59; 110767; 10
1; r; 112689; 1088; 430; 36; 112688; 14
1; r; 124855; 1088; 1008; 89; 124854; 5
1; r; 129337; 1088; 732; 70; 129336; 9
1; r; 130618; 1088; 716; 68; 130617; 5
1; r; 136381; 1088; 606; 60; 136380; 9
1; r; 139582; 1088; 348; 30; 139581; 9
1; r; 146626; 1088; 144; 15; 146625; 17
1; r; 148547; 1088; 869; 78; 148546; 10
1; r; 151749; 1088; 148; 16; 151748; 11
1; r; 158152; 1088; 8; 1; 158151; 11
1; r; 160713; 1088; 453; 39; 160712; 7
1; r; 163914; 1088; 680; 67; 163913; 7
1; r; 170317; 1088; 379; 33; 170316; 17
1; r; 172238; 1088; 74; 6; 172237; 17
1; r; 176080; 1088; 503; 48; 176079; 15
1; r; 178641; 1088; 879; 79; 178640; 6
1; r; 186325; 1088; 646; 63; 186324; 11
1; r; 191448; 1088; 635; 62; 191447; 14
1; r; 195290; 1088; 215; 22; 195289; 10
1; r; 197211; 1088; 541; 51; 197210; 11
1; r; 208738; 1088; 594; 57; 208737; 18
1; r; 210659; 1088; 217; 23; 210658; 18
1; r; 211299; 1088; 767; 71; 211298; 19
1; r; 213220; 1088; 577; 55; 213219; 13
1; r; 220905; 1088; 274; 28; 220904; 11
1; r; 227308; 1088; 537; 50; 227307; 16
1; r; 228589; 1088; 279; 29; 228588; 19
1; r; 241396; 1088; 1025; 93; 241395; 10
1; r; 248440; 1088; 99; 9; 248439; 11
1; r; 252282; 1088; 926; 84; 252281; 20
1; r; 255484; 1088; 479; 44; 255483; 13
1; r; 256765; 1088; 18; 3; 256764; 14
1; r; 262528; 1088; 1034; 94; 262527; 12
1; r; 264449; 1088; 380; 34; 264448; 17
1; r; 270853; 1088; 825; 74; 270852; 16
1; r; 273415; 1088; 15; 2; 273414; 20
1; r; 274696; 1088; 51; 4; 274695; 15
1; r; 277257; 1088; 593; 56; 277256; 22
1; r; 278538; 1088; 101; 10; 278537; 15
1; r; 293907; 1088; 536; 49; 293906; 16
1; r; 297110; 1088; 401; 35; 297109; 19
1; r; 299031; 1088; 349; 31; 299030; 16
1; r; 300312; 1088; 203; 21; 300311; 25
1; r; 301592; 1088; 123; 13; 301591; 16
1; r; 303514; 1088; 200; 20; 303513; 20
1; r; 306717; 1088; 102; 11; 306716; 22
1; r; 308638; 1088; 63; 5; 308637; 14
1; r; 312481; 1088; 895; 81; 312480; 17
1; r; 321449; 1088; 662; 65; 321448; 20
1; r; 325932; 1088; 197; 19; 325931; 22
1; r; 327854; 1088; 358; 32; 327853; 18
1; r; 345153; 1088; 892; 80; 345152; 23
1; r; 351561; 1088; 960; 87; 351560; 23
1; r; 357328; 1088; 649; 64; 357327; 18
1; r; 405762; 1088; 880; 196; 5761; 4
1; r; 408323; 1088; 951; 206; 8322; 1
1; r; 418566; 1088; 1042; 215; 18565; 3
1; r; 423048; 1088; 582; 165; 23047; 4
1; r; 430730; 1088; 1019; 211; 30729; 1
1; r; 449298; 1088; 643; 173; 49297; 5
1; r; 451860; 1088; 954; 207; 51859; 1
1; r; 457622; 1088; 87; 110; 57621; 7
1; r; 466587; 1088; 885; 197; 66586; 3
1; r; 477472; 1088; 858; 194; 77471; 10
1; r; 491557; 1088; 618; 167; 91556; 5
1; r; 492197; 1088; 230; 121; 92196; 6
1; r; 493478; 1088; 699; 178; 93477; 12
1; r; 496679; 1088; 1078; 219; 96678; 6
1; r; 503083; 1088; 463; 145; 103082; 10
1; r; 510767; 1088; 771; 184; 110766; 7
1; r; 512048; 1088; 681; 176; 112047; 5
1; r; 526134; 1088; 909; 202; 126133; 9
1; r; 529336; 1088; 1067; 217; 129335; 5
1; r; 532538; 1088; 906; 201; 132537; 5
1; r; 533818; 1088; 50; 105; 133817; 7
1; r; 537020; 1088; 488; 152; 137019; 7
1; r; 549826; 1088; 435; 141; 149825; 10
1; r; 550466; 1088; 500; 153; 150465; 12
1; r; 553027; 1088; 148; 116; 153026; 12
1; r; 572237; 1088; 59; 106; 172236; 12
1; r; 573518; 1088; 460; 144; 173517; 9
1; r; 581202; 1088; 1032; 212; 181201; 12
1; r; 585044; 1088; 833; 192; 185043; 17
1; r; 586964; 1088; 324; 129; 186963; 18
1; r; 587605; 1088; 556; 162; 187604; 9
1; r; 590807; 1088; 804; 189; 190806; 8
1; r; 592728; 1088; 894; 199; 192727; 10
1; r; 595290; 1088; 433; 140; 195289; 14
1; r; 599131; 1088; 811; 190; 199130; 10
1; r; 601052; 1088; 731; 181; 201051; 11
1; r; 602973; 1088; 471; 146; 202972; 17
1; r; 608737; 1088; 386; 134; 208736; 10
1; r; 610658; 1088; 839; 193; 210657; 6
1; r; 611939; 1088; 644; 174; 211938; 13
1; r; 612579; 1088; 812; 191; 212578; 11
1; r; 613860; 1088; 442; 142; 213859; 13
1; r; 615781; 1088; 553; 161; 215780; 10
1; r; 618982; 1088; 892; 198; 218981; 13
1; r; 621544; 1088; 120; 115; 221543; 10
1; r; 622824; 1088; 966; 208; 222823; 11
1; r; 637552; 1088; 323; 128; 237551; 12
1; r; 638833; 1088; 860; 195; 238832; 12
1; r; 640114; 1088; 563; 163; 240113; 17
1; r; 640754; 1088; 253; 124; 240753; 11
1; r; 649079; 1088; 767; 183; 249078; 16
1; r; 650360; 1088; 756; 182; 250359; 15
1; r; 653562; 1088; 409; 138; 253561; 13
1; r; 659325; 1088; 544; 159; 259324; 17
1; r; 663167; 1088; 284; 126; 263166; 18
1; r; 665729; 1088; 531; 157; 265728; 18
1; r; 667650; 1088; 949; 205; 267649; 11
1; r; 669571; 1088; 23; 101; 269570; 14
1; r; 671492; 1088; 706; 179; 271491; 15
1; r; 674053; 1088; 332; 130; 274052; 19
1; r; 675974; 1088; 663; 175; 275973; 16
1; r; 677255; 1088; 938; 204; 277254; 11
1; r; 684299; 1088; 630; 169; 284298; 22
1; r; 686861; 1088; 798; 187; 286860; 12
1; r; 691984; 1088; 925; 203; 291983; 18
1; r; 701590; 1088; 38; 102; 301589; 23
1; r; 702871; 1088; 101; 112; 302870; 20
1; r; 704792; 1088; 800; 188; 304791; 18
1; r; 707995; 1088; 209; 119; 307994; 19
1; r; 712479; 1088; 1039; 214; 312478; 10
1; r; 716322; 1088; 545; 160; 316321; 14
1; r; 741942; 1088; 685; 177; 341941; 19
1; r; 756680; 1088; 342; 132; 356679; 18
1; r; 764370; 1088; 245; 123; 364369; 21
1; r; 765011; 1088; 189; 118; 365010; 19
1; r; 772060; 1088; 212; 120; 372059; 26
1; r; 772701; 1088; 481; 149; 372700; 22
1; r; 797067; 1088; 49; 104; 397066; 28
1; r; 807960; 1088; 1045; 325; 7959; 2
1; r; 812442; 1088; 1082; 327; 12441; 1
1; r; 816284; 1088; 740; 300; 16283; 6
1; r; 818205; 1088; 824; 310; 18204; 2
1; r; 821406; 1088; 777; 304; 21405; 3
1; r; 823327; 1088; 1013; 324; 23326; 4
1; r; 825248; 1088; 785; 305; 25247; 3
1; r; 828449; 1088; 578; 286; 28448; 6
1; r; 838053; 1088; 211; 247; 38052; 10
1; r; 838693; 1088; 821; 309; 38692; 2
1; r; 850858; 1088; 985; 318; 50857; 3
1; r; 852779; 1088; 717; 296; 52778; 7
1; r; 856621; 1088; 343; 260; 56620; 10
1; r; 858542; 1088; 948; 317; 58541; 5
1; r; 861103; 1088; 776; 303; 61102; 7
1; r; 863664; 1088; 435; 273; 63663; 10
1; r; 867505; 1088; 997; 320; 67504; 5
1; r; 879029; 1088; 691; 294; 79028; 3
1; r; 880950; 1088; 580; 287; 80949; 10
1; r; 884151; 1088; 1005; 322; 84150; 4
1; r; 886713; 1088; 417; 270; 86712; 4
1; r; 887353; 1088; 532; 282; 87352; 6
1; r; 897599; 1088; 143; 239; 97598; 12
1; r; 898239; 1088; 319; 259; 98238; 5
1; r; 899520; 1088; 731; 298; 99519; 11
1; r; 910405; 1088; 809; 307; 110404; 6
1; r; 912966; 1088; 818; 308; 112965; 4
1; r; 914887; 1088; 916; 316; 114886; 4
1; r; 918729; 1088; 216; 248; 118728; 10
1; r; 922571; 1088; 522; 280; 122570; 10
1; r; 929614; 1088; 480; 276; 129613; 7
1; r; 931535; 1088; 1006; 323; 131534; 6
1; r; 942422; 1088; 609; 288; 142421; 10
1; r; 944343; 1088; 741; 301; 144342; 7
1; r; 946904; 1088; 269; 256; 146903; 14
1; r; 957790; 1088; 220; 249; 157789; 10
1; r; 968675; 1088; 728; 297; 168674; 10
1; r; 982762; 1088; 536; 283; 182761; 16
1; r; 984683; 1088; 97; 234; 184682; 10
1; r; 991727; 1088; 155; 240; 191726; 12
1; r; 994288; 1088; 416; 269; 194287; 13
1; r; 996209; 1088; 1062; 326; 196208; 14
1; r; 998130; 1088; 245; 253; 198129; 14
1; r; 1000051; 1088; 347; 261; 200050; 13
1; r; 1002613; 1088; 655; 292; 202612; 9
1; r; 1009016; 1088; 644; 291; 209015; 12
1; r; 1014780; 1088; 137; 237; 214779; 16
1; r; 1017342; 1088; 100; 235; 217341; 20
1; r; 1019263; 1088; 899; 315; 219262; 18
1; r; 1021184; 1088; 413; 268; 221183; 13
1; r; 1023105; 1088; 892; 312; 223104; 13
1; r; 1023745; 1088; 179; 244; 223744; 11
1; r; 1025026; 1088; 858; 311; 225025; 12
1; r; 1026947; 1088; 701; 295; 226946; 8
1; r; 1028227; 1088; 1001; 321; 228226; 18
1; r; 1032070; 1088; 12; 220; 232069; 16
1; r; 1035912; 1088; 632; 290; 235911; 18
1; r; 1037193; 1088; 157; 242; 237192; 17
1; r; 1040395; 1088; 895; 313; 240394; 11
1; r; 1041035; 1088; 481; 277; 241034; 15
1; r; 1042316; 1088; 96; 233; 242315; 17
1; r; 1044877; 1088; 251; 254; 244876; 18
1; r; 1049999; 1088; 506; 279; 249998; 12
1; r; 1055762; 1088; 231; 250; 255761; 20
1; r; 1057683; 1088; 203; 246; 257682; 20
1; r; 1064087; 1088; 572; 285; 264086; 19
1; r; 1066008; 1088; 106; 236; 266007; 14
1; r; 1067929; 1088; 468; 274; 267928; 9
1; r; 1071131; 1088; 685; 293; 271130; 15
1; r; 1081377; 1088; 156; 241; 281376; 21
1; r; 1085860; 1088; 71; 229; 285859; 16
1; r; 1089703; 1088; 62; 227; 289702; 12
1; r; 1091624; 1088; 84; 232; 291623; 17
1; r; 1092905; 1088; 529; 281; 292904; 18
1; r; 1097388; 1088; 13; 221; 297387; 19
1; r; 1098029; 1088; 433; 272; 298028; 17
1; r; 1100591; 1088; 561; 284; 300590; 17
1; r; 1117884; 1088; 233; 251; 317883; 24
1; r; 1118525; 1088; 258; 255; 318524; 20
2; r; 7042; 1088; 593; 65; 7041; 5
2; r; 12164; 1088; 512; 58; 12163; 13
2; r; 22407; 1088; 819; 86; 22406; 2
2; r; 31370; 1088; 413; 43; 31369; 12
2; r; 36493; 1088; 1008; 104; 36492; 9
2; r; 43536; 1088; 414; 44; 43535; 7
2; r; 46097; 1088; 610; 67; 46096; 6
2; r; 48018; 1088; 790; 85; 48017; 6
2; r; 55061; 1088; 1001; 101; 55060; 8
2; r; 57622; 1088; 453; 50; 57621; 9
2; r; 59543; 1088; 320; 33; 59542; 9
2; r; 67226; 1088; 457; 51; 67225; 10
2; r; 67867; 1088; 947; 98; 67866; 5
2; r; 69788; 1088; 1020; 105; 69787; 1
2; r; 75551; 1088; 652; 71; 75550; 5
2; r; 80033; 1088; 922; 97; 80032; 2
2; r; 98600; 1088; 576; 64; 98599; 10
2; r; 99240; 1088; 87; 9; 99239; 10
2; r; 100521; 1088; 526; 60; 100520; 5
2; r; 102442; 1088; 391; 41; 102441; 7
2; r; 106284; 1088; 447; 48; 106283; 9
2; r; 110767; 1088; 875; 92; 110766; 4
2; r; 112688; 1088; 302; 30; 112687; 14
2; r; 115890; 1088; 553; 62; 115889; 5
2; r; 118451; 1088; 877; 93; 118450; 7
2; r; 119732; 1088; 643; 70; 119731; 5
2; r; 122934; 1088; 125; 11; 122933; 11
2; r; 129337; 1088; 1005; 103; 129336; 10
2; r; 129977; 1088; 775; 84; 129976; 9
2; r; 136380; 1088; 483; 53; 136379; 12
2; r; 141503; 1088; 128; 12; 141502; 10
2; r; 145985; 1088; 246; 25; 145984; 13
2; r; 147906; 1088; 772; 83; 147905; 6
2; r; 148546; 1088; 699; 76; 148545; 10
2; r; 151748; 1088; 918; 96; 151747; 7
2; r; 161354; 1088; 832; 87; 161353; 10
2; r; 164556; 1088; 1059; 109; 164555; 10
2; r; 165196; 1088; 212; 21; 165195; 8
2; r; 167758; 1088; 54; 3; 167757; 12
2; r; 178643; 1088; 142; 14; 178642; 9
2; r; 181204; 1088; 206; 20; 181203; 14
2; r; 181845; 1088; 834; 89; 181844; 12
2; r; 188889; 1088; 444; 47; 188888; 14
2; r; 195291; 1088; 152; 16; 195290; 17
2; r; 199133; 1088; 30; 2; 199132; 11
2; r; 210660; 1088; 1003; 102; 210659; 18
2; r; 215142; 1088; 145; 15; 215141; 15
2; r; 217703; 1088; 617; 69; 217702; 10
2; r; 231150; 1088; 841; 90; 231149; 11
2; r; 231790; 1088; 171; 18; 231789; 19
2; r; 244597; 1088; 62; 5; 244596; 8
2; r; 246518; 1088; 15; 1; 246517; 17
2; r; 249080; 1088; 833; 88; 249079; 15
2; r; 251000; 1088; 353; 37; 250999; 23
2; r; 254202; 1088; 419; 45; 254201; 14
2; r; 260606; 1088; 960; 99; 260605; 19
2; r; 261887; 1088; 256; 26; 261886; 14
2; r; 264448; 1088; 739; 80; 264447; 12
2; r; 265088; 1088; 695; 75; 265087; 23
2; r; 266369; 1088; 139; 13; 266368; 17
2; r; 267650; 1088; 451; 49; 267649; 20
2; r; 272133; 1088; 568; 63; 272132; 18
2; r; 273414; 1088; 694; 74; 273413; 18
2; r; 280458; 1088; 80; 7; 280457; 21
2; r; 283019; 1088; 167; 17; 283018; 17
2; r; 288783; 1088; 500; 57; 288782; 22
2; r; 296469; 1088; 901; 95; 296468; 18
2; r; 302233; 1088; 729; 79; 302232; 12
2; r; 306716; 1088; 608; 66; 306715; 23
2; r; 310558; 1088; 263; 27; 310557; 20
2; r; 315682; 1088; 423; 46; 315681; 26
2; r; 316963; 1088; 488; 54; 316962; 15
2; r; 320165; 1088; 366; 39; 320164; 20
2; r; 320806; 1088; 1049; 108; 320805; 27
2; r; 332335; 1088; 341; 36; 332334; 24
2; r; 333616; 1088; 499; 56; 333615; 16
2; r; 352195; 1088; 13; 0; 352194; 26
2; r; 400256; 1088; 1085; 205; 255; 1
2; r; 403457; 1088; 521; 147; 3456; 4
2; r; 408579; 1088; 808; 185; 8578; 5
2; r; 411140; 1088; 951; 195; 11139; 1
2; r; 416261; 1088; 175; 121; 16260; 9
2; r; 419462; 1088; 982; 196; 19461; 4
2; r; 426504; 1088; 658; 164; 26503; 3
2; r; 436108; 1088; 1049; 202; 36107; 2
2; r; 440590; 1088; 1018; 199; 40589; 1
2; r; 446993; 1088; 1014; 198; 46992; 4
2; r; 452115; 1088; 564; 154; 52114; 11
2; r; 456597; 1088; 383; 138; 56596; 9
2; r; 464280; 1088; 695; 169; 64279; 11
2; r; 468121; 1088; 356; 132; 68120; 5
2; r; 471963; 1088; 577; 155; 71962; 7
2; r; 476445; 1088; 805; 184; 76444; 6
2; r; 479007; 1088; 527; 149; 79006; 4
2; r; 484129; 1088; 1039; 200; 84128; 7
2; r; 488611; 1088; 754; 174; 88610; 2
2; r; 494374; 1088; 940; 193; 94373; 7
2; r; 500777; 1088; 87; 115; 100776; 7
2; r; 502697; 1088; 514; 146; 102696; 7
2; r; 506539; 1088; 1074; 204; 106538; 9
2; r; 517424; 1088; 425; 143; 117423; 11
2; r; 532151; 1088; 423; 142; 132150; 9
2; r; 532792; 1088; 819; 187; 132791; 8
2; r; 534073; 1088; 860; 190; 134072; 12
2; r; 535994; 1088; 463; 144; 135993; 14
2; r; 539195; 1088; 1040; 201; 139194; 6
2; r; 548158; 1088; 190; 123; 148157; 10
2; r; 550079; 1088; 760; 177; 150078; 12
2; r; 551360; 1088; 52; 111; 151359; 18
2; r; 557762; 1088; 724; 172; 157761; 6
2; r; 558402; 1088; 944; 194; 158401; 9
2; r; 566086; 1088; 584; 158; 166085; 8
2; r; 569928; 1088; 816; 186; 169927; 13
2; r; 576972; 1088; 19; 110; 176971; 14
2; r; 580814; 1088; 848; 188; 180813; 8
2; r; 587858; 1088; 103; 118; 187857; 18
2; r; 588498; 1088; 367; 134; 188497; 19
2; r; 589139; 1088; 539; 151; 189138; 16
2; r; 592341; 1088; 392; 140; 192340; 6
2; r; 594262; 1088; 731; 173; 194261; 14
2; r; 603227; 1088; 849; 189; 203226; 6
2; r; 603867; 1088; 83; 114; 203866; 16
2; r; 605788; 1088; 410; 141; 205787; 14
2; r; 613471; 1088; 556; 153; 213470; 10
2; r; 614752; 1088; 370; 135; 214751; 20
2; r; 619234; 1088; 938; 192; 219233; 14
2; r; 621795; 1088; 529; 150; 221794; 13
2; r; 623716; 1088; 793; 181; 223715; 16
2; r; 624356; 1088; 290; 128; 224355; 19
2; r; 626918; 1088; 555; 152; 226917; 12
2; r; 635883; 1088; 523; 148; 235882; 14
2; r; 637804; 1088; 800; 183; 237803; 16
2; r; 639725; 1088; 391; 139; 239724; 7
2; r; 642286; 1088; 665; 165; 242285; 15
2; r; 646128; 1088; 180; 122; 246127; 15
2; r; 647409; 1088; 501; 145; 247408; 12
2; r; 649330; 1088; 62; 112; 249329; 20
2; r; 654453; 1088; 374; 136; 254452; 17
2; r; 657015; 1088; 346; 130; 257014; 19
2; r; 658936; 1088; 579; 156; 258935; 18
2; r; 664059; 1088; 691; 168; 264058; 17
2; r; 667901; 1088; 97; 117; 267900; 14
2; r; 669822; 1088; 788; 179; 269821; 12
2; r; 680068; 1088; 202; 124; 280067; 17
2; r; 688393; 1088; 641; 161; 288392; 22
2; r; 691594; 1088; 907; 191; 291593; 15
2; r; 694796; 1088; 796; 182; 294795; 27
2; r; 703122; 1088; 634; 160; 303121; 15
2; r; 705684; 1088; 67; 113; 305683; 18
2; r; 710808; 1088; 680; 166; 310807; 17
2; r; 721056; 1088; 249; 127; 321055; 21
2; r; 823687; 1088; 1041; 316; 23686; 3
2; r; 824328; 1088; 548; 262; 24327; 7
2; r; 824968; 1088; 1047; 317; 24967; 2
2; r; 840335; 1088; 560; 263; 40334; 6
2; r; 844176; 1088; 694; 281; 44175; 8
2; r; 844817; 1088; 612; 269; 44816; 8
2; r; 847378; 1088; 953; 306; 47377; 1
2; r; 854421; 1088; 875; 300; 54420; 3
2; r; 860824; 1088; 866; 299; 60823; 7
2; r; 864666; 1088; 951; 305; 64665; 1
2; r; 871709; 1088; 588; 265; 71708; 6
2; r; 885796; 1088; 849; 294; 85795; 8
2; r; 887717; 1088; 971; 309; 87716; 5
2; r; 889638; 1088; 110; 218; 89637; 13
2; r; 892199; 1088; 914; 302; 92198; 5
2; r; 894120; 1088; 807; 290; 94119; 9
2; r; 899883; 1088; 383; 250; 99882; 5
2; r; 908206; 1088; 652; 275; 108205; 6
2; r; 910768; 1088; 902; 301; 110767; 7
2; r; 912689; 1088; 474; 256; 112688; 7
2; r; 915890; 1088; 450; 254; 115889; 7
2; r; 922293; 1088; 689; 279; 122292; 11
2; r; 931256; 1088; 858; 298; 131255; 9
2; r; 944061; 1088; 234; 238; 144060; 13
2; r; 944702; 1088; 774; 286; 144701; 6
2; r; 945342; 1088; 833; 293; 145341; 7
2; r; 948544; 1088; 804; 289; 148543; 11
2; r; 950465; 1088; 853; 296; 150464; 5
2; r; 953027; 1088; 820; 291; 153026; 2
2; r; 955588; 1088; 637; 272; 155587; 10
2; r; 958149; 1088; 507; 260; 158148; 9
2; r; 961351; 1088; 186; 233; 161350; 8
2; r; 965193; 1088; 955; 307; 165192; 3
2; r; 977999; 1088; 459; 255; 177998; 9
2; r; 990165; 1088; 780; 287; 190164; 6
2; r; 990805; 1088; 635; 271; 190804; 21
2; r; 1005532; 1088; 53; 211; 205531; 16
2; r; 1009374; 1088; 489; 258; 209373; 17
2; r; 1016418; 1088; 165; 228; 216417; 13
2; r; 1020901; 1088; 90; 217; 220900; 19
2; r; 1026023; 1088; 209; 236; 226022; 16
2; r; 1029225; 1088; 258; 241; 229224; 11
2; r; 1029866; 1088; 180; 232; 229865; 13
2; r; 1033068; 1088; 992; 311; 233067; 13
2; r; 1038191; 1088; 65; 213; 238190; 10
2; r; 1043314; 1088; 726; 282; 243313; 15
2; r; 1045235; 1088; 1035; 314; 245234; 21
2; r; 1050358; 1088; 478; 257; 250357; 12
2; r; 1051639; 1088; 995; 312; 251638; 16
2; r; 1052920; 1088; 942; 303; 252919; 12
2; r; 1054841; 1088; 167; 229; 254840; 16
2; r; 1057402; 1088; 145; 226; 257401; 18
2; r; 1061884; 1088; 823; 292; 261883; 13
2; r; 1065726; 1088; 22; 208; 265725; 13
2; r; 1067007; 1088; 539; 261; 267006; 15
2; r; 1070208; 1088; 129; 222; 270207; 13
2; r; 1073409; 1088; 290; 246; 273408; 17
2; r; 1079172; 1088; 433; 252; 279171; 22
2; r; 1083015; 1088; 600; 267; 283014; 22
2; r; 1088779; 1088; 372; 248; 288778; 23
2; r; 1089419; 1088; 362; 247; 289418; 18
2; r; 1092621; 1088; 204; 235; 292620; 17
2; r; 1102867; 1088; 200; 234; 302866; 19
2; r; 1106709; 1088; 134; 224; 306708; 16
2; r; 1111832; 1088; 127; 221; 311831; 21
2; r; 1114393; 1088; 591; 266; 314392; 12
2; r; 1115674; 1088; 88; 216; 315673; 17
2; r; 1123359; 1088; 245; 240; 323358; 19
2; r; 1124640; 1088; 1002; 313; 324639; 21
2; r; 1131045; 1088; 237; 239; 331044; 26
2; r; 1133606; 1088; 673; 276; 333605; 23
2; r; 1140652; 1088; 56; 212; 340651; 22
2; r; 1143214; 1088; 390; 251; 343213; 23
2; r; 1147698; 1088; 172; 231; 347697; 13
2; r; 1151542; 1088; 693; 280; 351541; 24
2; r; 1161791; 1088; 647; 274; 361790; 19
2; r; 1177168; 1088; 604; 268; 377167; 23
3; r; 4483; 1088; 873; 71; 4482; 6
3; r; 5123; 1088; 1046; 85; 5122; 3
3; r; 10244; 1088; 194; 16; 10243; 7
3; r; 10884; 1088; 546; 43; 10883; 5
3; r; 25609; 1088; 735; 55; 25608; 7
3; r; 34573; 1088; 373; 32; 34572; 12
3; r; 37774; 1088; 805; 60; 37773; 7
3; r; 38415; 1088; 814; 61; 38414; 4
3; r; 39695; 1088; 488; 39; 39694; 7
3; r; 40977; 1088; 439; 35; 40976; 17
3; r; 48020; 1088; 624; 51; 48019; 8
3; r; 53783; 1088; 849; 65; 53782; 2
3; r; 64669; 1088; 989; 82; 64668; 2
3; r; 65310; 1088; 936; 75; 65309; 5
3; r; 67871; 1088; 162; 14; 67870; 9
3; r; 69152; 1088; 855; 67; 69151; 3
3; r; 71713; 1088; 288; 27; 71712; 9
3; r; 79397; 1088; 381; 33; 79396; 10
3; r; 81958; 1088; 998; 83; 81957; 9
3; r; 85800; 1088; 875; 72; 85799; 5
3; r; 87721; 1088; 282; 26; 87720; 7
3; r; 88361; 1088; 725; 54; 88360; 4
3; r; 96686; 1088; 834; 62; 96685; 11
3; r; 98607; 1088; 362; 31; 98606; 9
3; r; 101168; 1088; 951; 76; 101167; 5
3; r; 104369; 1088; 349; 30; 104368; 9
3; r; 106930; 1088; 212; 18; 106929; 12
3; r; 112053; 1088; 755; 56; 112052; 8
3; r; 115255; 1088; 979; 81; 115254; 4
3; r; 119737; 1088; 600; 48; 119736; 8
3; r; 120377; 1088; 510; 41; 120376; 8
3; r; 129981; 1088; 966; 79; 129980; 8
3; r; 131902; 1088; 835; 63; 131901; 5
3; r; 136384; 1088; 394; 34; 136383; 11
3; r; 138305; 1088; 493; 40; 138304; 4
3; r; 140866; 1088; 902; 74; 140865; 14
3; r; 145349; 1088; 957; 77; 145348; 15
3; r; 148551; 1088; 798; 59; 148550; 12
3; r; 154314; 1088; 270; 24; 154313; 13
3; r; 165199; 1088; 779; 57; 165198; 9
3; r; 167760; 1088; 223; 20; 167759; 12
3; r; 170321; 1088; 290; 28; 170320; 11
3; r; 178004; 1088; 252; 21; 178003; 20
3; r; 184407; 1088; 866; 70; 184406; 6
3; r; 194011; 1088; 123; 8; 194010; 20
3; r; 199134; 1088; 184; 15; 199133; 10
3; r; 204897; 1088; 446; 36; 204896; 11
3; r; 206178; 1088; 66; 3; 206177; 19
3; r; 208099; 1088; 601; 49; 208098; 12
3; r; 210020; 1088; 278; 25; 210019; 16
3; r; 210660; 1088; 259; 22; 210659; 10
3; r; 216423; 1088; 897; 73; 216422; 6
3; r; 219625; 1088; 93; 6; 219624; 21
3; r; 220265; 1088; 59; 2; 220264; 18
3; r; 221546; 1088; 618; 50; 221545; 13
3; r; 224107; 1088; 148; 11; 224106; 19
3; r; 226028; 1088; 347; 29; 226027; 13
3; r; 227309; 1088; 780; 58; 227308; 16
3; r; 231792; 1088; 864; 69; 231791; 13
3; r; 232432; 1088; 11; 0; 232431; 25
3; r; 238836; 1088; 570; 45; 238835; 14
3; r; 241398; 1088; 575; 46; 241397; 9
3; r; 249083; 1088; 85; 4; 249082; 19
3; r; 256768; 1088; 99; 7; 256767; 21
3; r; 259330; 1088; 136; 10; 259329; 21
3; r; 270859; 1088; 211; 17; 270858; 24
3; r; 289437; 1088; 261; 23; 289436; 15
3; r; 413445; 1088; 687; 147; 13444; 3
3; r; 415366; 1088; 54; 93; 15365; 12
3; r; 419207; 1088; 919; 173; 19206; 1
3; r; 421768; 1088; 1081; 196; 21767; 2
3; r; 423048; 1088; 747; 153; 23047; 4
3; r; 423689; 1088; 382; 121; 23688; 8
3; r; 431371; 1088; 809; 161; 31370; 4
3; r; 447380; 1088; 878; 169; 47379; 5
3; r; 483873; 1088; 449; 126; 83872; 8
3; r; 488996; 1088; 824; 162; 88995; 2
3; r; 493477; 1088; 454; 127; 93476; 7
3; r; 499880; 1088; 39; 91; 99879; 16
3; r; 503081; 1088; 355; 119; 103080; 6
3; r; 509484; 1088; 912; 172; 109483; 4
3; r; 512686; 1088; 829; 163; 112685; 11
3; r; 527414; 1088; 146; 100; 127413; 10
3; r; 533177; 1088; 854; 167; 133176; 6
3; r; 533817; 1088; 0; 87; 133816; 15
3; r; 538299; 1088; 986; 182; 138298; 3
3; r; 552385; 1088; 994; 183; 152384; 22
3; r; 555586; 1088; 671; 144; 155585; 8
3; r; 557507; 1088; 506; 131; 157506; 12
3; r; 563911; 1088; 157; 101; 163910; 8
3; r; 566472; 1088; 943; 175; 166471; 5
3; r; 570955; 1088; 667; 143; 170954; 10
3; r; 572236; 1088; 1065; 193; 172235; 6
3; r; 574157; 1088; 97; 96; 174156; 9
3; r; 576078; 1088; 121; 97; 176077; 11
3; r; 582482; 1088; 168; 103; 182481; 14
3; r; 585043; 1088; 958; 177; 185042; 10
3; r; 590166; 1088; 447; 125; 190165; 8
3; r; 593368; 1088; 751; 154; 193367; 8
3; r; 601051; 1088; 303; 117; 201050; 17
3; r; 601691; 1088; 72; 94; 201690; 17
3; r; 602332; 1088; 546; 136; 202331; 9
3; r; 608735; 1088; 897; 170; 208734; 12
3; r; 611296; 1088; 1039; 185; 211295; 14
3; r; 613218; 1088; 984; 180; 213217; 6
3; r; 613858; 1088; 985; 181; 213857; 5
3; r; 615139; 1088; 297; 115; 215138; 22
3; r; 619622; 1088; 402; 123; 219621; 15
3; r; 632429; 1088; 491; 130; 232428; 14
3; r; 633710; 1088; 195; 104; 233709; 15
3; r; 634991; 1088; 17; 89; 234990; 18
3; r; 635631; 1088; 271; 112; 235630; 19
3; r; 637552; 1088; 250; 111; 237551; 21
3; r; 642674; 1088; 227; 106; 242673; 17
3; r; 643315; 1088; 36; 90; 243314; 10
3; r; 645876; 1088; 705; 148; 245875; 16
3; r; 648438; 1088; 1; 88; 248437; 20
3; r; 651000; 1088; 790; 159; 250999; 13
3; r; 654842; 1088; 959; 178; 254841; 14
3; r; 658684; 1088; 240; 109; 258683; 15
3; r; 659965; 1088; 708; 149; 259964; 17
3; r; 664447; 1088; 334; 118; 264446; 14
3; r; 678535; 1088; 201; 105; 278534; 17
3; r; 684939; 1088; 235; 108; 284938; 19
3; r; 686860; 1088; 94; 95; 286859; 20
3; r; 693904; 1088; 517; 133; 293903; 13
3; r; 700308; 1088; 272; 113; 300307; 20
3; r; 702229; 1088; 132; 99; 302228; 18
3; r; 707993; 1088; 298; 116; 307992; 20
3; r; 713757; 1088; 597; 138; 313756; 22
3; r; 716318; 1088; 840; 164; 316317; 19
3; r; 717599; 1088; 125; 98; 317598; 24
3; r; 719521; 1088; 607; 140; 319520; 16
3; r; 723365; 1088; 735; 151; 323364; 22
3; r; 728488; 1088; 862; 168; 328487; 23
3; r; 736815; 1088; 972; 179; 336814; 24
3; r; 745783; 1088; 365; 120; 345782; 26
3; r; 750267; 1088; 387; 122; 350266; 26
3; r; 755391; 1088; 242; 110; 355390; 21
3; r; 756672; 1088; 613; 141; 356671; 14
3; r; 763719; 1088; 162; 102; 363718; 18
3; r; 775252; 1088; 1040; 186; 375251; 24
3; r; 780377; 1088; 1002; 184; 380376; 20
3; r; 791905; 1088; 285; 114; 391904; 19
3; r; 800238; 1088; 888; 300; 237; 1
3; r; 805999; 1088; 985; 305; 5998; 1
3; r; 820084; 1088; 853; 297; 20083; 2
3; r; 822005; 1088; 1021; 307; 22004; 1
3; r; 823926; 1088; 1022; 308; 23925; 2
3; r; 825847; 1088; 631; 264; 25846; 13
3; r; 830328; 1088; 218; 223; 30327; 14
3; r; 832249; 1088; 883; 299; 32248; 2
3; r; 836731; 1088; 1086; 313; 36730; 2
3; r; 838652; 1088; 625; 263; 38651; 5
3; r; 843134; 1088; 25; 202; 43133; 8
3; r; 854659; 1088; 414; 244; 54658; 8
3; r; 859781; 1088; 816; 292; 59780; 2
3; r; 862342; 1088; 236; 225; 62341; 11
3; r; 870666; 1088; 880; 298; 70665; 5
3; r; 875789; 1088; 535; 256; 75788; 12
3; r; 876429; 1088; 722; 280; 76428; 4
3; r; 878990; 1088; 837; 295; 78989; 7
3; r; 880271; 1088; 163; 217; 80270; 8
3; r; 882192; 1088; 748; 281; 82191; 5
3; r; 887315; 1088; 701; 277; 87314; 7
3; r; 889236; 1088; 1068; 311; 89235; 6
3; r; 892438; 1088; 682; 272; 92437; 7
3; r; 898841; 1088; 684; 273; 98840; 5
3; r; 905885; 1088; 1032; 309; 105884; 9
3; r; 916130; 1088; 437; 245; 116129; 12
3; r; 918051; 1088; 66; 207; 118050; 16
3; r; 930217; 1088; 661; 267; 130216; 8
3; r; 932138; 1088; 759; 282; 132137; 16
3; r; 935980; 1088; 280; 232; 135979; 12
3; r; 937901; 1088; 711; 279; 137900; 4
3; r; 939822; 1088; 142; 215; 139821; 11
3; r; 941103; 1088; 394; 242; 141102; 12
3; r; 943024; 1088; 602; 258; 143023; 11
3; r; 950068; 1088; 603; 259; 150067; 9
3; r; 952630; 1088; 1000; 306; 152629; 11
3; r; 954551; 1088; 326; 237; 154550; 8
3; r; 959033; 1088; 677; 271; 159032; 9
3; r; 962875; 1088; 243; 226; 162874; 9
3; r; 965436; 1088; 663; 268; 165435; 13
3; r; 967357; 1088; 700; 276; 167356; 17
3; r; 968638; 1088; 781; 287; 168637; 8
3; r; 973120; 1088; 120; 213; 173119; 15
3; r; 975040; 1088; 283; 234; 175039; 14
3; r; 976321; 1088; 281; 233; 176320; 7
3; r; 976962; 1088; 386; 240; 176961; 9
3; r; 980804; 1088; 614; 262; 180803; 8
3; r; 989128; 1088; 341; 238; 189127; 14
3; r; 996172; 1088; 640; 265; 196171; 16
3; r; 997453; 1088; 801; 290; 197452; 21
3; r; 1000015; 1088; 290; 235; 200014; 16
3; r; 1005779; 1088; 311; 236; 205778; 9
3; r; 1006419; 1088; 827; 293; 206418; 20
3; r; 1008340; 1088; 510; 254; 208339; 9
3; r; 1012182; 1088; 497; 252; 212181; 9
3; r; 1016025; 1088; 393; 241; 216024; 12
3; r; 1017306; 1088; 187; 220; 217305; 11
3; r; 1032033; 1088; 925; 302; 232032; 15
3; r; 1032673; 1088; 278; 231; 232672; 21
3; r; 1035234; 1088; 440; 246; 235233; 11
3; r; 1036515; 1088; 674; 270; 236514; 12
3; r; 1039717; 1088; 91; 209; 239716; 16
3; r; 1052523; 1088; 589; 257; 252522; 14
3; r; 1055725; 1088; 610; 260; 255724; 10
3; r; 1058927; 1088; 513; 255; 258926; 11
3; r; 1063409; 1088; 360; 239; 263408; 14
3; r; 1068532; 1088; 692; 275; 268531; 28
3; r; 1069813; 1088; 181; 219; 269812; 19
3; r; 1073015; 1088; 111; 211; 273014; 16
3; r; 1076217; 1088; 1058; 310; 276216; 10
3; r; 1080700; 1088; 250; 227; 280699; 13
3; r; 1089665; 1088; 198; 221; 289664; 18
3; r; 1092226; 1088; 763; 283; 292225; 17
3; r; 1100551; 1088; 29; 203; 300550; 22
3; r; 1106955; 1088; 478; 251; 306954; 13
3; r; 1114640; 1088; 466; 250; 314639; 17
3; r; 1119123; 1088; 462; 248; 319122; 17
3; r; 1121044; 1088; 64; 206; 321043; 16
3; r; 1123606; 1088; 457; 247; 323605; 17
3; r; 1125528; 1088; 32; 204; 325527; 24
3; r; 1130651; 1088; 100; 210; 330650; 20
3; r; 1131932; 1088; 673; 269; 331931; 16
3; r; 1133213; 1088; 766; 284; 333212; 26
3; r; 1142820; 1088; 166; 218; 342819; 22
3; r; 1144741; 1088; 17; 200; 344740; 21
3; r; 1146022; 1088; 256; 228; 346021; 25
3; r; 1148584; 1088; 832; 294; 348583; 20
3; r; 1156911; 1088; 145; 216; 356910; 22
3; r; 1158192; 1088; 5; 198; 358191; 23
3; r; 1165878; 1088; 811; 291; 365877; 22
3; r; 1172923; 1088; 957; 303; 372922; 20
3; r; 1179328; 1088; 6; 199; 379327; 21
3; r; 1180609; 1088; 219; 224; 380608; 18
3; r; 1233797; 1088; 46; 205; 433796; 24
4; r; 641; 1088; 1010; 96; 640; 2
4; r; 12805; 1088; 497; 43; 12804; 9
4; r; 20488; 1088; 1014; 97; 20487; 3
4; r; 23689; 1088; 296; 24; 23688; 7
4; r; 24970; 1088; 756; 64; 24969; 5
4; r; 27531; 1088; 524; 45; 27530; 6
4; r; 28172; 1088; 810; 68; 28171; 7
4; r; 33294; 1088; 853; 77; 33293; 3
4; r; 33934; 1088; 845; 76; 33933; 6
4; r; 41617; 1088; 820; 71; 41616; 2
4; r; 42898; 1088; 581; 51; 42897; 7
4; r; 45459; 1088; 819; 70; 45458; 6
4; r; 52501; 1088; 231; 20; 52500; 13
4; r; 55062; 1088; 1083; 105; 55061; 1
4; r; 72989; 1088; 1001; 95; 72988; 10
4; r; 76190; 1088; 657; 59; 76189; 5
4; r; 81312; 1088; 948; 84; 81311; 4
4; r; 85794; 1088; 1036; 100; 85793; 10
4; r; 88355; 1088; 970; 89; 88354; 5
4; r; 93477; 1088; 479; 40; 93476; 21
4; r; 94118; 1088; 831; 73; 94117; 8
4; r; 99880; 1088; 610; 55; 99879; 6
4; r; 112686; 1088; 550; 48; 112685; 7
4; r; 113967; 1088; 574; 49; 113966; 6
4; r; 116528; 1088; 951; 85; 116527; 3
4; r; 121650; 1088; 773; 67; 121649; 5
4; r; 123571; 1088; 361; 31; 123570; 7
4; r; 125492; 1088; 158; 12; 125491; 9
4; r; 128694; 1088; 686; 60; 128693; 5
4; r; 135097; 1088; 608; 53; 135096; 19
4; r; 137018; 1088; 183; 15; 137017; 11
4; r; 138939; 1088; 972; 90; 138938; 8
4; r; 140860; 1088; 190; 16; 140859; 10
4; r; 144061; 1088; 996; 93; 144060; 14
4; r; 151746; 1088; 1062; 103; 151745; 11
4; r; 154948; 1088; 451; 37; 154947; 8
4; r; 156869; 1088; 936; 83; 156868; 9
4; r; 168395; 1088; 1000; 94; 168394; 9
4; r; 173518; 1088; 691; 61; 173517; 9
4; r; 182482; 1088; 734; 62; 182481; 10
4; r; 188886; 1088; 956; 86; 188885; 2
4; r; 194009; 1088; 597; 52; 194008; 11
4; r; 198491; 1088; 243; 22; 198490; 16
4; r; 204254; 1088; 825; 72; 204253; 13
4; r; 207456; 1088; 609; 54; 207455; 10
4; r; 211939; 1088; 78; 5; 211938; 17
4; r; 215140; 1088; 317; 26; 215139; 23
4; r; 215781; 1088; 654; 58; 215780; 14
4; r; 216421; 1088; 142; 9; 216420; 15
4; r; 217062; 1088; 480; 41; 217061; 21
4; r; 218983; 1088; 496; 42; 218982; 16
4; r; 220904; 1088; 422; 35; 220903; 11
4; r; 222185; 1088; 841; 74; 222184; 4
4; r; 234992; 1088; 174; 14; 234991; 15
4; r; 245238; 1088; 900; 81; 245237; 17
4; r; 247159; 1088; 307; 25; 247158; 13
4; r; 249080; 1088; 172; 13; 249079; 15
4; r; 252282; 1088; 27; 3; 252281; 10
4; r; 258686; 1088; 464; 39; 258685; 18
4; r; 261248; 1088; 631; 56; 261247; 14
4; r; 263809; 1088; 341; 29; 263808; 12
4; r; 270212; 1088; 383; 33; 270211; 21
4; r; 276615; 1088; 238; 21; 276614; 17
4; r; 277255; 1088; 100; 6; 277254; 18
4; r; 279176; 1088; 462; 38; 279175; 20
4; r; 283019; 1088; 360; 30; 283018; 21
4; r; 286221; 1088; 267; 23; 286220; 16
4; r; 289423; 1088; 10; 1; 289422; 21
4; r; 294546; 1088; 769; 66; 294545; 15
4; r; 295186; 1088; 228; 19; 295185; 22
4; r; 297748; 1088; 525; 46; 297747; 16
4; r; 301591; 1088; 647; 57; 301590; 15
4; r; 304153; 1088; 363; 32; 304152; 17
4; r; 309916; 1088; 535; 47; 309915; 24
4; r; 312478; 1088; 157; 11; 312477; 21
4; r; 322086; 1088; 1026; 98; 322085; 20
4; r; 328491; 1088; 430; 36; 328490; 19
4; r; 331693; 1088; 193; 17; 331692; 16
4; r; 340661; 1088; 867; 79; 340660; 28
4; r; 352192; 1088; 860; 78; 352191; 13
4; r; 355396; 1088; 326; 27; 355395; 26
4; r; 375258; 1088; 961; 88; 375257; 25
4; r; 400249; 1088; 987; 194; 248; 1
4; r; 406651; 1088; 850; 180; 6650; 2
4; r; 412413; 1088; 922; 186; 12412; 1
4; r; 413693; 1088; 1067; 199; 13692; 5
4; r; 417535; 1088; 707; 167; 17534; 4
4; r; 418175; 1088; 853; 181; 18174; 2
4; r; 423297; 1088; 518; 153; 23296; 5
4; r; 424578; 1088; 956; 189; 24577; 1
4; r; 427139; 1088; 661; 165; 27138; 9
4; r; 431621; 1088; 910; 184; 31620; 4
4; r; 433542; 1088; 164; 127; 33541; 8
4; r; 448268; 1088; 621; 160; 48267; 4
4; r; 448908; 1088; 918; 185; 48907; 2
4; r; 470040; 1088; 394; 146; 70039; 10
4; r; 471961; 1088; 693; 166; 71960; 11
4; r; 473882; 1088; 997; 195; 73881; 7
4; r; 479005; 1088; 948; 188; 79004; 3
4; r; 484768; 1088; 299; 139; 84767; 14
4; r; 488609; 1088; 844; 179; 88608; 6
4; r; 490530; 1088; 139; 123; 90529; 15
4; r; 491811; 1088; 198; 134; 91810; 13
4; r; 498855; 1088; 498; 149; 98854; 11
4; r; 500136; 1088; 205; 135; 100135; 14
4; r; 505259; 1088; 1011; 196; 105258; 7
4; r; 507180; 1088; 738; 172; 107179; 6
4; r; 511022; 1088; 727; 168; 111021; 11
4; r; 512303; 1088; 1079; 200; 112302; 6
4; r; 516145; 1088; 1048; 198; 116144; 5
4; r; 518066; 1088; 192; 132; 118065; 12
4; r; 519347; 1088; 184; 130; 119346; 9
4; r; 523189; 1088; 776; 175; 123188; 5
4; r; 529591; 1088; 384; 145; 129590; 7
4; r; 534713; 1088; 974; 191; 134712; 10
4; r; 542397; 1088; 638; 162; 142396; 10
4; r; 544318; 1088; 302; 140; 144317; 10
4; r; 547520; 1088; 505; 152; 147519; 12
4; r; 548801; 1088; 647; 164; 148800; 8
4; r; 550081; 1088; 501; 150; 150080; 15
4; r; 550722; 1088; 526; 154; 150721; 6
4; r; 555204; 1088; 160; 126; 155203; 12
4; r; 559046; 1088; 98; 118; 159045; 9
4; r; 570571; 1088; 323; 141; 170570; 10
4; r; 574413; 1088; 60; 111; 174412; 13
4; r; 582096; 1088; 186; 131; 182095; 12
4; r; 582736; 1088; 235; 136; 182735; 16
4; r; 584017; 1088; 349; 143; 184016; 17
4; r; 586579; 1088; 56; 110; 186578; 14
4; r; 589780; 1088; 67; 113; 189779; 19
4; r; 595544; 1088; 502; 151; 195543; 18
4; r; 602586; 1088; 365; 144; 202585; 17
4; r; 603227; 1088; 169; 128; 203226; 23
4; r; 605148; 1088; 860; 182; 205147; 11
4; r; 609631; 1088; 97; 117; 209630; 13
4; r; 611553; 1088; 148; 125; 211552; 14
4; r; 616676; 1088; 964; 190; 216675; 16
4; r; 622439; 1088; 741; 173; 222438; 15
4; r; 624360; 1088; 341; 142; 224359; 19
4; r; 630763; 1088; 611; 159; 230762; 8
4; r; 632684; 1088; 69; 115; 232683; 21
4; r; 635886; 1088; 112; 119; 235885; 20
4; r; 651254; 1088; 252; 137; 251253; 11
4; r; 652535; 1088; 63; 112; 252534; 18
4; r; 653175; 1088; 68; 114; 253174; 20
4; r; 656377; 1088; 178; 129; 256376; 17
4; r; 660859; 1088; 146; 124; 260858; 17
4; r; 661500; 1088; 1087; 201; 261499; 13
4; r; 662781; 1088; 71; 116; 262780; 19
4; r; 678151; 1088; 122; 120; 278150; 12
4; r; 680072; 1088; 123; 121; 280071; 15
4; r; 683914; 1088; 628; 161; 283913; 21
4; r; 696721; 1088; 836; 177; 296720; 18
4; r; 698643; 1088; 731; 169; 298642; 19
4; r; 707611; 1088; 283; 138; 307610; 20
4; r; 708892; 1088; 48; 109; 308891; 15
4; r; 719782; 1088; 598; 157; 319781; 24
4; r; 727469; 1088; 907; 183; 327468; 17
4; r; 758223; 1088; 32; 106; 358222; 26
4; r; 807042; 1088; 865; 299; 7041; 9
4; r; 819206; 1088; 905; 304; 19205; 6
4; r; 839054; 1088; 988; 313; 39053; 2
4; r; 839694; 1088; 799; 293; 39693; 8
4; r; 840335; 1088; 990; 314; 40334; 10
4; r; 844176; 1088; 977; 310; 44175; 3
4; r; 846097; 1088; 604; 268; 46096; 7
4; r; 848658; 1088; 613; 269; 48657; 7
4; r; 849939; 1088; 441; 253; 49938; 10
4; r; 854421; 1088; 888; 301; 54420; 1
4; r; 856342; 1088; 320; 238; 56341; 8
4; r; 858263; 1088; 703; 284; 58262; 6
4; r; 862105; 1088; 944; 307; 62104; 3
4; r; 863385; 1088; 1043; 320; 63384; 4
4; r; 871068; 1088; 984; 311; 71067; 4
4; r; 872989; 1088; 560; 265; 72988; 6
4; r; 874270; 1088; 340; 241; 74269; 13
4; r; 874910; 1088; 750; 287; 74909; 4
4; r; 876191; 1088; 987; 312; 76190; 1
4; r; 878752; 1088; 379; 247; 78751; 8
4; r; 882593; 1088; 549; 263; 82592; 7
4; r; 887076; 1088; 318; 236; 87075; 7
4; r; 895400; 1088; 783; 289; 95399; 3
4; r; 897961; 1088; 779; 288; 97960; 4
4; r; 899242; 1088; 1014; 317; 99241; 6
4; r; 903084; 1088; 309; 234; 103083; 11
4; r; 918453; 1088; 256; 227; 118452; 9
4; r; 921014; 1088; 683; 279; 121013; 7
4; r; 921654; 1088; 840; 298; 121653; 5
4; r; 930619; 1088; 786; 290; 130618; 5
4; r; 934460; 1088; 867; 300; 134459; 9
4; r; 935101; 1088; 670; 276; 135100; 8
4; r; 937662; 1088; 486; 257; 137661; 5
4; r; 951749; 1088; 582; 266; 151748; 14
4; r; 952389; 1088; 408; 249; 152388; 19
4; r; 954310; 1088; 253; 226; 154309; 8
4; r; 956231; 1088; 834; 297; 156230; 11
4; r; 969037; 1088; 1003; 316; 169036; 4
4; r; 977361; 1088; 19; 204; 177360; 18
4; r; 978641; 1088; 208; 220; 178640; 13
4; r; 990167; 1088; 660; 274; 190166; 13
4; r; 992088; 1088; 323; 239; 192087; 14
4; r; 997211; 1088; 491; 258; 197210; 8
4; r; 1003615; 1088; 635; 271; 203614; 11
4; r; 1006176; 1088; 88; 212; 206175; 15
4; r; 1007457; 1088; 267; 228; 207456; 15
4; r; 1012580; 1088; 695; 282; 212579; 14
4; r; 1014501; 1088; 963; 308; 214500; 14
4; r; 1016423; 1088; 794; 292; 216422; 10
4; r; 1017704; 1088; 431; 251; 217703; 18
4; r; 1021546; 1088; 659; 273; 221545; 13
4; r; 1040756; 1088; 227; 222; 240755; 15
4; r; 1044597; 1088; 60; 209; 244596; 17
4; r; 1045238; 1088; 1076; 322; 245237; 9
4; r; 1051642; 1088; 319; 237; 251641; 14
4; r; 1053563; 1088; 35; 206; 253562; 14
4; r; 1062527; 1088; 121; 215; 262526; 15
4; r; 1066369; 1088; 50; 208; 266368; 21
4; r; 1067009; 1088; 233; 224; 267008; 15
4; r; 1077254; 1088; 130; 216; 277253; 19
4; r; 1079176; 1088; 37; 207; 279175; 20
4; r; 1081737; 1088; 617; 270; 281736; 10
4; r; 1085579; 1088; 343; 242; 285578; 21
4; r; 1086219; 1088; 1039; 319; 286218; 11
4; r; 1093263; 1088; 671; 277; 293262; 15
4; r; 1093903; 1088; 376; 245; 293902; 20
4; r; 1096464; 1088; 331; 240; 296463; 13
4; r; 1104148; 1088; 1064; 321; 304147; 13
4; r; 1105429; 1088; 826; 294; 305428; 27
4; r; 1107991; 1088; 674; 278; 307990; 19
4; r; 1113114; 1088; 138; 217; 313113; 23
4; r; 1114395; 1088; 444; 254; 314394; 17
4; r; 1118877; 1088; 831; 295; 318876; 23
4; r; 1136809; 1088; 350; 244; 336808; 22
4; r; 1140011; 1088; 62; 210; 340010; 22
4; r; 1153462; 1088; 348; 243; 353461; 29
4; r; 1154103; 1088; 228; 223; 354102; 23
4; r; 1157306; 1088; 287; 231; 357305; 19
4; r; 1183571; 1088; 377; 246; 383570; 20
5; r; 5762; 1088; 1087; 100; 5761; 1
5; r; 9604; 1088; 949; 86; 9603; 2
5; r; 13445; 1088; 457; 50; 13444; 7
5; r; 14726; 1088; 355; 38; 14725; 7
5; r; 18568; 1088; 796; 76; 18567; 8
5; r; 28813; 1088; 373; 40; 28812; 11
5; r; 34575; 1088; 852; 80; 34574; 2
5; r; 40978; 1088; 656; 61; 40977; 3
5; r; 49941; 1088; 259; 24; 49940; 10
5; r; 64028; 1088; 918; 84; 64027; 3
5; r; 66589; 1088; 751; 71; 66588; 2
5; r; 68510; 1088; 869; 82; 68509; 12
5; r; 69791; 1088; 951; 87; 69790; 2
5; r; 72352; 1088; 432; 46; 72351; 9
5; r; 76194; 1088; 1081; 99; 76193; 7
5; r; 88360; 1088; 710; 67; 88359; 5
5; r; 90281; 1088; 1077; 97; 90280; 2
5; r; 92202; 1088; 290; 29; 92201; 6
5; r; 97325; 1088; 744; 69; 97324; 8
5; r; 100526; 1088; 789; 74; 100525; 9
5; r; 112052; 1088; 658; 62; 112051; 6
5; r; 115254; 1088; 747; 70; 115253; 6
5; r; 116534; 1088; 445; 48; 116533; 10
5; r; 117175; 1088; 764; 73; 117174; 8
5; r; 122298; 1088; 5; 2; 122297; 13
5; r; 131902; 1088; 1044; 93; 131901; 6
5; r; 132542; 1088; 276; 26; 132541; 10
5; r; 133822; 1088; 346; 35; 133821; 11
5; r; 144067; 1088; 31; 5; 144066; 10
5; r; 147909; 1088; 800; 77; 147908; 10
5; r; 152391; 1088; 256; 23; 152390; 10
5; r; 169681; 1088; 636; 60; 169680; 13
5; r; 171602; 1088; 835; 78; 171601; 9
5; r; 173523; 1088; 737; 68; 173522; 11
5; r; 174804; 1088; 633; 59; 174803; 7
5; r; 179927; 1088; 287; 28; 179926; 5
5; r; 185049; 1088; 198; 19; 185048; 15
5; r; 186970; 1088; 418; 44; 186969; 7
5; r; 190172; 1088; 350; 36; 190171; 10
5; r; 191453; 1088; 968; 88; 191452; 7
5; r; 192734; 1088; 997; 90; 192733; 14
5; r; 198497; 1088; 217; 21; 198496; 13
5; r; 201699; 1088; 975; 89; 201698; 11
5; r; 206181; 1088; 272; 25; 206180; 17
5; r; 210664; 1088; 859; 81; 210663; 16
5; r; 212585; 1088; 841; 79; 212584; 8
5; r; 220909; 1088; 14; 4; 220908; 23
5; r; 232436; 1088; 538; 52; 232435; 16
5; r; 237560; 1088; 149; 16; 237559; 17
5; r; 242683; 1088; 401; 43; 242682; 11
5; r; 243323; 1088; 372; 39; 243322; 22
5; r; 245244; 1088; 75; 10; 245243; 17
5; r; 247806; 1088; 1048; 94; 247805; 8
5; r; 253569; 1088; 165; 17; 253568; 20
5; r; 258691; 1088; 184; 18; 258690; 17
5; r; 269577; 1088; 792; 75; 269576; 16
5; r; 274700; 1088; 108; 12; 274699; 19
5; r; 276621; 1088; 429; 45; 276620; 25
5; r; 277902; 1088; 1079; 98; 277901; 23
5; r; 291990; 1088; 561; 53; 291989; 27
5; r; 293912; 1088; 696; 66; 293911; 17
5; r; 299674; 1088; 660; 63; 299673; 18
5; r; 300955; 1088; 620; 58; 300954; 25
5; r; 306719; 1088; 534; 51; 306718; 19
5; r; 310561; 1088; 130; 14; 310560; 29
5; r; 313763; 1088; 436; 47; 313762; 14
5; r; 315685; 1088; 51; 7; 315684; 23
5; r; 318887; 1088; 340; 33; 318886; 21
5; r; 320168; 1088; 1008; 91; 320167; 22
5; r; 324011; 1088; 940; 85; 324010; 26
5; r; 334899; 1088; 1036; 92; 334898; 25
5; r; 336180; 1088; 585; 57; 336179; 19
5; r; 336821; 1088; 398; 42; 336820; 22
5; r; 338102; 1088; 564; 54; 338101; 16
5; r; 354756; 1088; 354; 37; 354755; 20
5; r; 359241; 1088; 312; 32; 359240; 22
5; r; 365649; 1088; 455; 49; 365648; 22
5; r; 404094; 1088; 824; 178; 4093; 2
5; r; 412417; 1088; 690; 162; 12416; 3
5; r; 418180; 1088; 1019; 199; 18179; 1
5; r; 422021; 1088; 854; 180; 22020; 2
5; r; 423942; 1088; 822; 177; 23941; 2
5; r; 429064; 1088; 821; 176; 29063; 2
5; r; 433546; 1088; 741; 170; 33545; 6
5; r; 451473; 1088; 319; 132; 51472; 9
5; r; 455315; 1088; 240; 123; 55314; 12
5; r; 459157; 1088; 620; 157; 59156; 6
5; r; 462999; 1088; 820; 175; 62998; 2
5; r; 467481; 1088; 756; 171; 67480; 2
5; r; 470042; 1088; 1036; 201; 70041; 5
5; r; 473883; 1088; 202; 121; 73882; 12
5; r; 485407; 1088; 492; 148; 85406; 6
5; r; 489250; 1088; 541; 153; 89249; 7
5; r; 493091; 1088; 162; 117; 93090; 9
5; r; 499494; 1088; 1045; 204; 99493; 3
5; r; 503336; 1088; 835; 179; 103335; 7
5; r; 503976; 1088; 446; 141; 103975; 10
5; r; 506538; 1088; 350; 135; 106537; 11
5; r; 511020; 1088; 245; 124; 111019; 11
5; r; 512301; 1088; 453; 144; 112300; 5
5; r; 516783; 1088; 538; 152; 116782; 8
5; r; 519344; 1088; 909; 183; 119343; 4
5; r; 521905; 1088; 347; 134; 121904; 10
5; r; 524466; 1088; 983; 196; 124465; 4
5; r; 527027; 1088; 510; 150; 127026; 7
5; r; 533430; 1088; 295; 130; 133429; 9
5; r; 534711; 1088; 252; 125; 134710; 14
5; r; 539193; 1088; 985; 197; 139192; 5
5; r; 548157; 1088; 585; 156; 148156; 6
5; r; 551359; 1088; 925; 186; 151358; 11
5; r; 552640; 1088; 1028; 200; 152639; 6
5; r; 554561; 1088; 275; 126; 154560; 14
5; r; 557763; 1088; 692; 163; 157762; 11
5; r; 558403; 1088; 486; 147; 158402; 12
5; r; 567368; 1088; 219; 122; 167367; 11
5; r; 568008; 1088; 355; 136; 168007; 13
5; r; 576332; 1088; 797; 174; 176331; 9
5; r; 576972; 1088; 1062; 207; 176971; 13
5; r; 579534; 1088; 675; 161; 179533; 11
5; r; 581455; 1088; 699; 165; 181454; 16
5; r; 585297; 1088; 727; 169; 185296; 15
5; r; 587859; 1088; 763; 172; 187858; 11
5; r; 592342; 1088; 37; 106; 192341; 13
5; r; 595544; 1088; 547; 154; 195543; 12
5; r; 603227; 1088; 1037; 202; 203226; 20
5; r; 607710; 1088; 340; 133; 207709; 12
5; r; 608991; 1088; 447; 142; 208990; 15
5; r; 614113; 1088; 100; 113; 214112; 19
5; r; 617956; 1088; 277; 127; 217955; 16
5; r; 626921; 1088; 1007; 198; 226920; 24
5; r; 628842; 1088; 25; 104; 228841; 19
5; r; 633324; 1088; 662; 159; 233323; 15
5; r; 636525; 1088; 1043; 203; 236524; 14
5; r; 653814; 1088; 795; 173; 253813; 20
5; r; 658297; 1088; 145; 115; 258296; 18
5; r; 660218; 1088; 695; 164; 260217; 22
5; r; 662780; 1088; 974; 194; 262779; 17
5; r; 664061; 1088; 1068; 208; 264060; 22
5; r; 665982; 1088; 533; 151; 265981; 15
5; r; 667262; 1088; 285; 128; 267261; 12
5; r; 668543; 1088; 495; 149; 268542; 16
5; r; 677509; 1088; 406; 139; 277508; 16
5; r; 679430; 1088; 93; 112; 279429; 23
5; r; 680711; 1088; 31; 105; 280710; 16
5; r; 688396; 1088; 709; 167; 288395; 19
5; r; 694160; 1088; 65; 109; 294159; 12
5; r; 699924; 1088; 482; 146; 299923; 16
5; r; 707609; 1088; 170; 119; 307608; 24
5; r; 715296; 1088; 937; 188; 315295; 19
5; r; 716577; 1088; 189; 120; 316576; 14
5; r; 717858; 1088; 1059; 206; 317857; 30
5; r; 758221; 1088; 68; 110; 358220; 23
5; r; 810884; 1088; 517; 253; 10883; 5
5; r; 812164; 1088; 1041; 301; 12163; 4
5; r; 814725; 1088; 851; 280; 14724; 3
5; r; 816005; 1088; 1076; 303; 16004; 3
5; r; 818567; 1088; 948; 291; 18566; 2
5; r; 826889; 1088; 112; 217; 26888; 8
5; r; 829450; 1088; 504; 250; 29449; 7
5; r; 837773; 1088; 1084; 304; 37772; 4
5; r; 840975; 1088; 852; 281; 40974; 4
5; r; 842897; 1088; 914; 287; 42896; 4
5; r; 844818; 1088; 262; 235; 44817; 7
5; r; 848019; 1088; 624; 258; 48018; 12
5; r; 853141; 1088; 456; 248; 53140; 5
5; r; 855062; 1088; 409; 241; 55061; 14
5; r; 856983; 1088; 750; 272; 56982; 4
5; r; 863386; 1088; 942; 290; 63385; 4
5; r; 874271; 1088; 1087; 305; 74270; 1
5; r; 876832; 1088; 936; 289; 76831; 9
5; r; 879393; 1088; 355; 238; 79392; 11
5; r; 880033; 1088; 55; 212; 80032; 7
5; r; 883875; 1088; 1013; 298; 83874; 4
5; r; 886437; 1088; 460; 249; 86436; 7
5; r; 892840; 1088; 813; 277; 92839; 3
5; r; 894121; 1088; 629; 261; 94120; 7
5; r; 910128; 1088; 1009; 297; 110127; 5
5; r; 911409; 1088; 1053; 302; 111408; 4
5; r; 912049; 1088; 758; 274; 112048; 4
5; r; 913330; 1088; 1022; 299; 113329; 2
5; r; 914611; 1088; 736; 271; 114610; 9
5; r; 916532; 1088; 705; 269; 116531; 7
5; r; 924217; 1088; 251; 233; 124216; 9
5; r; 925498; 1088; 959; 292; 125497; 11
5; r; 933823; 1088; 615; 256; 133822; 4
5; r; 937025; 1088; 86; 214; 137024; 9
5; r; 938946; 1088; 599; 255; 138945; 15
5; r; 944068; 1088; 773; 276; 144067; 11
5; r; 948550; 1088; 992; 295; 148549; 11
5; r; 950471; 1088; 752; 273; 150470; 5
5; r; 961357; 1088; 516; 252; 161356; 10
5; r; 963918; 1088; 447; 246; 163917; 10
5; r; 969041; 1088; 861; 282; 169040; 19
5; r; 969681; 1088; 730; 270; 169680; 18
5; r; 975444; 1088; 1036; 300; 175443; 10
5; r; 981207; 1088; 172; 223; 181206; 14
5; r; 981848; 1088; 164; 221; 181847; 12
5; r; 986971; 1088; 256; 234; 186970; 12
5; r; 987611; 1088; 436; 244; 187610; 21
5; r; 992093; 1088; 177; 225; 192092; 15
5; r; 995935; 1088; 370; 239; 195934; 18
5; r; 998496; 1088; 628; 260; 198495; 20
5; r; 999136; 1088; 296; 236; 199135; 7
5; r; 1001057; 1088; 639; 264; 201056; 9
5; r; 1003618; 1088; 927; 288; 203617; 8
5; r; 1006180; 1088; 306; 237; 206179; 16
5; r; 1008101; 1088; 638; 263; 208100; 10
5; r; 1012584; 1088; 563; 254; 212583; 16
5; r; 1015145; 1088; 768; 275; 215144; 11
5; r; 1017066; 1088; 825; 278; 217065; 17
5; r; 1022188; 1088; 634; 262; 222187; 14
5; r; 1022828; 1088; 101; 216; 222827; 18
5; r; 1024749; 1088; 196; 227; 224748; 13
5; r; 1025390; 1088; 11; 209; 225389; 16
5; r; 1026671; 1088; 448; 247; 226670; 12
5; r; 1027952; 1088; 73; 213; 227951; 18
5; r; 1043319; 1088; 668; 268; 243318; 17
5; r; 1047802; 1088; 174; 224; 247801; 21
5; r; 1051645; 1088; 422; 242; 251644; 10
5; r; 1052285; 1088; 662; 265; 252284; 17
5; r; 1057408; 1088; 627; 259; 257407; 20
5; r; 1070214; 1088; 206; 230; 270213; 22
5; r; 1073416; 1088; 236; 231; 273415; 14
5; r; 1075337; 1088; 180; 226; 275336; 20
5; r; 1075977; 1088; 53; 211; 275976; 15
5; r; 1078539; 1088; 442; 245; 278538; 12
5; r; 1082381; 1088; 893; 283; 282380; 18
5; r; 1083662; 1088; 197; 228; 283661; 17
5; r; 1093269; 1088; 201; 229; 293268; 18
5; r; 1106079; 1088; 666; 266; 306078; 15
5; r; 1116328; 1088; 34; 210; 316327; 19
5; r; 1118250; 1088; 117; 218; 318249; 21
5; r; 1124016; 1088; 168; 222; 324015; 23
5; r; 1131065; 1088; 898; 284; 331064; 27
6; r; 7043; 1088; 790; 95; 7042; 3
6; r; 8963; 1088; 902; 110; 8962; 6
6; r; 12804; 1088; 1032; 128; 12803; 8
6; r; 16006; 1088; 631; 79; 16005; 12
6; r; 19848; 1088; 1048; 130; 19847; 3
6; r; 23049; 1088; 619; 77; 23048; 6
6; r; 26250; 1088; 1045; 129; 26249; 4
6; r; 31372; 1088; 442; 66; 31371; 5
6; r; 33933; 1088; 284; 43; 33932; 9
6; r; 36495; 1088; 986; 121; 36494; 1
6; r; 39056; 1088; 810; 97; 39055; 3
6; r; 41617; 1088; 888; 107; 41616; 1
6; r; 46099; 1088; 818; 98; 46098; 2
6; r; 50580; 1088; 64; 8; 50579; 11
6; r; 68508; 1088; 1082; 136; 68507; 1
6; r; 70429; 1088; 288; 45; 70428; 7
6; r; 71069; 1088; 942; 118; 71068; 5
6; r; 72990; 1088; 1087; 137; 72989; 1
6; r; 74911; 1088; 955; 120; 74910; 1
6; r; 80034; 1088; 989; 122; 80033; 2
6; r; 86437; 1088; 916; 111; 86436; 4
6; r; 91559; 1088; 162; 24; 91558; 9
6; r; 96682; 1088; 690; 84; 96681; 8
6; r; 102444; 1088; 493; 70; 102443; 5
6; r; 105005; 1088; 551; 73; 105004; 7
6; r; 105646; 1088; 342; 53; 105645; 7
6; r; 110768; 1088; 80; 10; 110767; 11
6; r; 113969; 1088; 367; 57; 113968; 10
6; r; 129337; 1088; 870; 106; 129336; 5
6; r; 134459; 1088; 366; 56; 134458; 13
6; r; 151748; 1088; 826; 100; 151747; 12
6; r; 156871; 1088; 894; 108; 156870; 7
6; r; 158152; 1088; 259; 40; 158151; 6
6; r; 161352; 1088; 101; 13; 161351; 14
6; r; 166475; 1088; 1013; 126; 166474; 6
6; r; 170957; 1088; 770; 94; 170956; 10
6; r; 172238; 1088; 38; 4; 172237; 14
6; r; 184404; 1088; 151; 23; 184403; 10
6; r; 201692; 1088; 172; 26; 201691; 16
6; r; 203613; 1088; 224; 37; 203612; 12
6; r; 206814; 1088; 1005; 125; 206813; 13
6; r; 210656; 1088; 276; 42; 210655; 21
6; r; 222183; 1088; 313; 49; 222182; 9
6; r; 222823; 1088; 206; 34; 222822; 16
6; r; 227306; 1088; 647; 80; 227305; 12
6; r; 229227; 1088; 359; 55; 229226; 19
6; r; 239473; 1088; 381; 59; 239472; 18
6; r; 241394; 1088; 49; 7; 241393; 14
6; r; 242034; 1088; 487; 69; 242033; 13
6; r; 242675; 1088; 98; 12; 242674; 13
6; r; 243315; 1088; 200; 30; 243314; 15
6; r; 247157; 1088; 170; 25; 247156; 13
6; r; 249078; 1088; 309; 47; 249077; 15
6; r; 261885; 1088; 122; 16; 261884; 22
6; r; 270850; 1088; 128; 18; 270849; 10
6; r; 272131; 1088; 203; 32; 272130; 14
6; r; 276614; 1088; 39; 5; 276613; 26
6; r; 279816; 1088; 754; 93; 279815; 14
6; r; 293903; 1088; 829; 102; 293902; 19
6; r; 302869; 1088; 336; 52; 302868; 16
6; r; 309273; 1088; 48; 6; 309272; 18
6; r; 309913; 1088; 397; 61; 309912; 18
6; r; 310554; 1088; 700; 85; 310553; 17
6; r; 313116; 1088; 930; 115; 313115; 13
6; r; 315677; 1088; 702; 86; 315676; 19
6; r; 316958; 1088; 3; 0; 316957; 23
6; r; 324642; 1088; 1000; 124; 324641; 17
6; r; 325282; 1088; 530; 72; 325281; 15
6; r; 332968; 1088; 868; 105; 332967; 25
6; r; 334249; 1088; 268; 41; 334248; 20
6; r; 336811; 1088; 736; 90; 336810; 22
6; r; 342574; 1088; 6; 1; 342573; 22
6; r; 344495; 1088; 17; 3; 344494; 24
6; r; 345136; 1088; 1062; 132; 345135; 14
6; r; 349619; 1088; 419; 63; 349618; 22
6; r; 350260; 1088; 317; 50; 350259; 13
6; r; 352181; 1088; 664; 83; 352180; 18
6; r; 354743; 1088; 594; 75; 354742; 28
6; r; 362429; 1088; 735; 89; 362428; 15
6; r; 366913; 1088; 1081; 135; 366912; 23
6; r; 398944; 1088; 440; 65; 398943; 17
6; r; 400224; 1088; 1083; 232; 223; 1
6; r; 403425; 1088; 1016; 226; 3424; 1
6; r; 405986; 1088; 1082; 231; 5985; 1
6; r; 414948; 1088; 797; 96; 414947; 22
6; r; 415588; 1088; 1047; 228; 15587; 2
6; r; 429033; 1088; 84; 147; 29032; 12
6; r; 434795; 1088; 788; 212; 34794; 4
6; r; 439277; 1088; 833; 213; 39276; 5
6; r; 445038; 1088; 753; 209; 45037; 6
6; r; 446319; 1088; 753; 92; 446318; 19
6; r; 446959; 1088; 553; 193; 46958; 3
6; r; 449520; 1088; 873; 217; 49519; 9
6; r; 457204; 1088; 607; 198; 57203; 7
6; r; 459765; 1088; 390; 182; 59764; 9
6; r; 468728; 1088; 187; 163; 68727; 17
6; r; 471289; 1088; 882; 218; 71288; 3
6; r; 471930; 1088; 94; 149; 71929; 11
6; r; 480893; 1088; 176; 160; 80892; 14
6; r; 485375; 1088; 462; 190; 85374; 7
6; r; 487296; 1088; 53; 144; 87295; 9
6; r; 491137; 1088; 860; 215; 91136; 11
6; r; 494338; 1088; 559; 194; 94337; 5
6; r; 504584; 1088; 717; 205; 104583; 3
6; r; 506505; 1088; 657; 201; 106504; 3
6; r; 509066; 1088; 587; 197; 109065; 6
6; r; 510347; 1088; 939; 224; 110346; 5
6; r; 511628; 1088; 191; 164; 111627; 8
6; r; 522513; 1088; 908; 220; 122512; 4
6; r; 525074; 1088; 923; 221; 125073; 2
6; r; 528275; 1088; 258; 170; 128274; 9
6; r; 535958; 1088; 1061; 229; 135957; 10
6; r; 542362; 1088; 866; 216; 142361; 7
6; r; 545564; 1088; 441; 189; 145563; 9
6; r; 550046; 1088; 391; 183; 150045; 9
6; r; 553888; 1088; 735; 206; 153887; 8
6; r; 558370; 1088; 345; 179; 158369; 9
6; r; 566693; 1088; 20; 140; 166692; 14
6; r; 580140; 1088; 768; 210; 180139; 7
6; r; 580781; 1088; 1013; 225; 180780; 7
6; r; 582062; 1088; 1026; 227; 182061; 9
6; r; 585903; 1088; 180; 161; 185902; 8
6; r; 589105; 1088; 673; 203; 189104; 12
6; r; 592307; 1088; 736; 207; 192306; 12
6; r; 595509; 1088; 473; 191; 195508; 14
6; r; 598711; 1088; 403; 186; 198710; 13
6; r; 600632; 1088; 896; 219; 200631; 18
6; r; 603834; 1088; 412; 187; 203833; 18
6; r; 612798; 1088; 157; 159; 212797; 10
6; r; 617280; 1088; 146; 157; 217279; 17
6; r; 620482; 1088; 30; 142; 220481; 19
6; r; 623044; 1088; 202; 167; 223043; 14
6; r; 628167; 1088; 264; 172; 228166; 12
6; r; 629448; 1088; 336; 177; 229447; 21
6; r; 637772; 1088; 16; 139; 237771; 10
6; r; 641614; 1088; 154; 158; 241613; 19
6; r; 645456; 1088; 141; 155; 245455; 16
6; r; 653141; 1088; 335; 176; 253140; 13
6; r; 655062; 1088; 310; 175; 255061; 16
6; r; 655702; 1088; 128; 154; 255701; 16
6; r; 658904; 1088; 352; 180; 258903; 11
6; r; 664026; 1088; 489; 192; 264025; 15
6; r; 669150; 1088; 933; 223; 269149; 19
6; r; 671071; 1088; 7; 138; 271070; 15
6; r; 681316; 1088; 299; 173; 281315; 15
6; r; 683238; 1088; 72; 146; 283237; 17
6; r; 684519; 1088; 110; 153; 284518; 19
6; r; 690923; 1088; 925; 222; 290922; 21
6; r; 703731; 1088; 636; 199; 303730; 17
6; r; 705012; 1088; 103; 151; 305011; 18
6; r; 713979; 1088; 184; 162; 313978; 19
6; r; 730632; 1088; 209; 169; 330631; 17
6; r; 733194; 1088; 353; 181; 333193; 19
6; r; 736398; 1088; 108; 152; 336397; 22
6; r; 758827; 1088; 337; 178; 358826; 24
6; r; 800001; 1088; 1050; 342; 0; 1
6; r; 808323; 1088; 787; 312; 8322; 4
6; r; 815365; 1088; 752; 309; 15364; 3
6; r; 826889; 1088; 1037; 341; 26888; 5
6; r; 830090; 1088; 988; 335; 30089; 1
6; r; 830730; 1088; 887; 319; 30729; 2
6; r; 835212; 1088; 388; 271; 35211; 9
6; r; 853779; 1088; 1020; 339; 53778; 1
6; r; 855700; 1088; 922; 326; 55699; 1
6; r; 860822; 1088; 989; 336; 60821; 2
6; r; 867865; 1088; 953; 329; 67864; 1
6; r; 869786; 1088; 651; 297; 69785; 5
6; r; 872988; 1088; 954; 330; 72987; 1
6; r; 875549; 1088; 921; 325; 75548; 1
6; r; 883230; 1088; 278; 262; 83229; 11
6; r; 888353; 1088; 686; 301; 88352; 12
6; r; 899879; 1088; 638; 296; 99878; 5
6; r; 903080; 1088; 1055; 343; 103079; 2
6; r; 905001; 1088; 945; 328; 105000; 5
6; r; 910123; 1088; 910; 323; 110122; 4
6; r; 912684; 1088; 842; 317; 112683; 5
6; r; 918447; 1088; 94; 244; 118446; 10
6; r; 921648; 1088; 261; 257; 121647; 8
6; r; 923569; 1088; 736; 306; 123568; 6
6; r; 924209; 1088; 321; 266; 124208; 7
6; r; 931893; 1088; 804; 314; 131892; 7
6; r; 933173; 1088; 504; 285; 133172; 12
6; r; 934454; 1088; 789; 313; 134453; 4
6; r; 938296; 1088; 778; 310; 138295; 8
6; r; 945339; 1088; 1028; 340; 145338; 10
6; r; 946620; 1088; 342; 268; 146619; 14
6; r; 947901; 1088; 438; 278; 147900; 7
6; r; 952384; 1088; 1060; 344; 152383; 8
6; r; 956226; 1088; 78; 242; 156225; 12
6; r; 957507; 1088; 903; 321; 157506; 12
6; r; 960709; 1088; 32; 236; 160708; 14
6; r; 962630; 1088; 275; 261; 162629; 13
6; r; 963270; 1088; 177; 251; 163269; 10
6; r; 965191; 1088; 212; 253; 165190; 11
6; r; 967112; 1088; 678; 300; 167111; 5
6; r; 969033; 1088; 477; 281; 169032; 11
6; r; 970954; 1088; 877; 318; 170953; 5
6; r; 980558; 1088; 907; 322; 180557; 11
6; r; 991444; 1088; 655; 298; 191443; 9
6; r; 994006; 1088; 967; 333; 194005; 7
6; r; 997848; 1088; 624; 294; 197847; 4
6; r; 999769; 1088; 90; 243; 199768; 13
6; r; 1006813; 1088; 386; 270; 206812; 11
6; r; 1008734; 1088; 550; 290; 208733; 10
6; r; 1010655; 1088; 808; 316; 210654; 9
6; r; 1016418; 1088; 48; 238; 216417; 16
6; r; 1024102; 1088; 434; 276; 224101; 13
6; r; 1027303; 1088; 673; 299; 227302; 15
6; r; 1029224; 1088; 379; 269; 229223; 15
6; r; 1031786; 1088; 265; 258; 231785; 16
6; r; 1033067; 1088; 568; 293; 233066; 19
6; r; 1035628; 1088; 530; 289; 235627; 10
6; r; 1038830; 1088; 997; 337; 238829; 18
6; r; 1039470; 1088; 223; 255; 239469; 18
6; r; 1041391; 1088; 290; 263; 241390; 11
6; r; 1048435; 1088; 204; 252; 248434; 18
6; r; 1050356; 1088; 159; 248; 250355; 18
6; r; 1053558; 1088; 520; 288; 253557; 11
6; r; 1054839; 1088; 1071; 345; 254838; 20
6; r; 1056120; 1088; 402; 272; 256119; 13
6; r; 1057401; 1088; 268; 260; 257400; 17
6; r; 1063803; 1088; 415; 274; 263802; 19
6; r; 1068286; 1088; 76; 241; 268285; 14
6; r; 1073408; 1088; 311; 265; 273407; 18
6; r; 1075329; 1088; 417; 275; 275328; 19
6; r; 1084295; 1088; 566; 292; 284294; 14
6; r; 1084935; 1088; 451; 279; 284934; 15
6; r; 1088778; 1088; 462; 280; 288777; 19
6; r; 1099023; 1088; 251; 256; 299022; 24
6; r; 1103506; 1088; 73; 240; 303505; 22
6; r; 1112472; 1088; 214; 254; 312471; 19
6; r; 1115033; 1088; 695; 302; 315032; 17
6; r; 1120797; 1088; 324; 267; 320796; 27
6; r; 1127841; 1088; 502; 283; 327840; 18
6; r; 1136166; 1088; 9; 233; 336165; 20
6; r; 1138728; 1088; 636; 295; 338727; 24
6; r; 1143852; 1088; 297; 264; 343851; 24
6; r; 1147694; 1088; 266; 259; 347693; 22
6; r; 1162426; 1088; 807; 315; 362425; 26
7; r; 17927; 1088; 327; 32; 17926; 6
7; r; 21767; 1088; 416; 45; 21766; 9
7; r; 25609; 1088; 555; 60; 25608; 4
7; r; 27530; 1088; 595; 63; 27529; 11
7; r; 29451; 1088; 454; 48; 29450; 4
7; r; 31372; 1088; 494; 52; 31371; 4
7; r; 36494; 1088; 710; 75; 36493; 4
7; r; 39695; 1088; 388; 41; 39694; 5
7; r; 45457; 1088; 754; 77; 45456; 2
7; r; 48659; 1088; 592; 62; 48658; 4
7; r; 51220; 1088; 86; 7; 51219; 10
7; r; 53781; 1088; 456; 49; 53780; 9
7; r; 72350; 1088; 502; 54; 72349; 11
7; r; 73631; 1088; 547; 59; 73630; 8
7; r; 83236; 1088; 421; 46; 83235; 14
7; r; 90279; 1088; 949; 93; 90278; 3
7; r; 92200; 1088; 325; 31; 92199; 10
7; r; 94121; 1088; 656; 68; 94120; 3
7; r; 105007; 1088; 946; 92; 105006; 7
7; r; 108849; 1088; 689; 73; 108848; 5
7; r; 110130; 1088; 366; 34; 110129; 14
7; r; 117173; 1088; 825; 82; 117172; 9
7; r; 119094; 1088; 878; 87; 119093; 9
7; r; 129979; 1088; 115; 9; 129978; 12
7; r; 133821; 1088; 714; 76; 133820; 6
7; r; 136382; 1088; 602; 64; 136381; 11
7; r; 137023; 1088; 882; 89; 137022; 8
7; r; 145346; 1088; 779; 80; 145345; 4
7; r; 151108; 1088; 383; 40; 151107; 9
7; r; 153669; 1088; 189; 18; 153668; 16
7; r; 161993; 1088; 805; 81; 161992; 11
7; r; 164554; 1088; 402; 43; 164553; 15
7; r; 169036; 1088; 879; 88; 169035; 11
7; r; 172237; 1088; 389; 42; 172236; 12
7; r; 176080; 1088; 1027; 97; 176079; 11
7; r; 181843; 1088; 768; 78; 181842; 12
7; r; 185045; 1088; 270; 25; 185044; 12
7; r; 186966; 1088; 1034; 98; 186965; 20
7; r; 188247; 1088; 666; 69; 188246; 15
7; r; 191449; 1088; 641; 67; 191448; 9
7; r; 192089; 1088; 235; 22; 192088; 19
7; r; 199773; 1088; 912; 90; 199772; 11
7; r; 204255; 1088; 587; 61; 204254; 9
7; r; 204895; 1088; 474; 50; 204894; 12
7; r; 213861; 1088; 670; 71; 213860; 13
7; r; 220264; 1088; 628; 65; 220263; 15
7; r; 223466; 1088; 4; 0; 223465; 15
7; r; 226027; 1088; 537; 58; 226026; 13
7; r; 229229; 1088; 867; 86; 229228; 16
7; r; 231790; 1088; 490; 51; 231789; 15
7; r; 233711; 1088; 267; 23; 233710; 15
7; r; 240114; 1088; 1065; 100; 240113; 16
7; r; 242035; 1088; 141; 13; 242034; 18
7; r; 242675; 1088; 177; 14; 242674; 18
7; r; 243956; 1088; 695; 74; 243955; 16
7; r; 245877; 1088; 24; 2; 245876; 24
7; r; 251640; 1088; 372; 38; 251639; 14
7; r; 252921; 1088; 43; 4; 252920; 17
7; r; 257404; 1088; 300; 28; 257403; 10
7; r; 259325; 1088; 1018; 96; 259324; 10
7; r; 261887; 1088; 507; 55; 261886; 16
7; r; 264448; 1088; 371; 37; 264447; 18
7; r; 267649; 1088; 376; 39; 267648; 22
7; r; 270851; 1088; 87; 8; 270850; 11
7; r; 277255; 1088; 403; 44; 277254; 15
7; r; 291344; 1088; 632; 66; 291343; 13
7; r; 292625; 1088; 183; 15; 292624; 24
7; r; 293906; 1088; 26; 3; 293905; 14
7; r; 295827; 1088; 128; 11; 295826; 17
7; r; 297108; 1088; 187; 17; 297107; 19
7; r; 299029; 1088; 669; 70; 299028; 23
7; r; 307355; 1088; 65; 5; 307354; 26
7; r; 318242; 1088; 536; 57; 318241; 16
7; r; 320164; 1088; 859; 85; 320163; 16
7; r; 321445; 1088; 136; 12; 321444; 18
7; r; 333618; 1088; 319; 30; 333617; 21
7; r; 335540; 1088; 341; 33; 335539; 19
7; r; 336181; 1088; 269; 24; 336180; 20
7; r; 405122; 1088; 1082; 213; 5121; 1
7; r; 415364; 1088; 906; 191; 15363; 4
7; r; 418566; 1088; 1086; 214; 18565; 1
7; r; 421127; 1088; 581; 165; 21126; 5
7; r; 424968; 1088; 929; 195; 24967; 12
7; r; 429450; 1088; 231; 121; 29449; 11
7; r; 434572; 1088; 953; 199; 34571; 1
7; r; 439053; 1088; 980; 203; 39052; 3
7; r; 442255; 1088; 585; 166; 42254; 4
7; r; 453780; 1088; 1049; 209; 53779; 5
7; r; 456981; 1088; 626; 169; 56980; 3
7; r; 457621; 1088; 1045; 208; 57620; 2
7; r; 466586; 1088; 262; 125; 66585; 9
7; r; 467866; 1088; 984; 204; 67865; 4
7; r; 473629; 1088; 632; 172; 73628; 16
7; r; 475550; 1088; 722; 179; 75549; 4
7; r; 478751; 1088; 950; 198; 78750; 3
7; r; 481312; 1088; 189; 117; 81311; 9
7; r; 482593; 1088; 651; 173; 82592; 3
7; r; 493478; 1088; 416; 143; 93477; 9
7; r; 504363; 1088; 376; 140; 104362; 8
7; r; 508845; 1088; 924; 193; 108844; 11
7; r; 510766; 1088; 320; 134; 110765; 10
7; r; 518448; 1088; 629; 171; 118447; 11
7; r; 522930; 1088; 807; 184; 122929; 8
7; r; 528053; 1088; 494; 154; 128052; 7
7; r; 536377; 1088; 244; 124; 136376; 8
7; r; 538298; 1088; 663; 174; 138297; 9
7; r; 540859; 1088; 415; 142; 140858; 6
7; r; 542780; 1088; 713; 178; 142779; 4
7; r; 549824; 1088; 511; 157; 149823; 11
7; r; 554306; 1088; 781; 182; 154305; 9
7; r; 566472; 1088; 353; 137; 166471; 7
7; r; 567753; 1088; 451; 149; 167752; 9
7; r; 569674; 1088; 100; 109; 169673; 14
7; r; 572235; 1088; 836; 188; 172234; 12
7; r; 574156; 1088; 466; 151; 174155; 15
7; r; 579278; 1088; 293; 130; 179277; 8
7; r; 581199; 1088; 452; 150; 181198; 7
7; r; 592084; 1088; 970; 202; 192083; 11
7; r; 594005; 1088; 834; 186; 194004; 16
7; r; 598488; 1088; 573; 164; 198487; 9
7; r; 606812; 1088; 230; 120; 206811; 8
7; r; 609373; 1088; 111; 110; 209372; 15
7; r; 615776; 1088; 957; 200; 215775; 15
7; r; 618978; 1088; 82; 108; 218977; 15
7; r; 620899; 1088; 279; 127; 220898; 14
7; r; 622820; 1088; 835; 187; 222819; 8
7; r; 642030; 1088; 241; 123; 242029; 14
7; r; 643951; 1088; 417; 144; 243950; 15
7; r; 645232; 1088; 543; 159; 245231; 9
7; r; 649074; 1088; 1070; 210; 249073; 14
7; r; 663160; 1088; 5; 101; 263159; 17
7; r; 665722; 1088; 445; 148; 265721; 10
7; r; 667643; 1088; 483; 152; 267642; 17
7; r; 669565; 1088; 118; 111; 269564; 17
7; r; 677249; 1088; 664; 175; 277248; 17
7; r; 683012; 1088; 432; 147; 283011; 16
7; r; 683652; 1088; 891; 190; 283651; 21
7; r; 693259; 1088; 678; 176; 293258; 20
7; r; 695180; 1088; 68; 106; 295179; 18
7; r; 700304; 1088; 601; 167; 300303; 22
7; r; 702865; 1088; 545; 160; 302864; 17
7; r; 703506; 1088; 70; 107; 303505; 15
7; r; 707348; 1088; 133; 112; 307347; 19
7; r; 709910; 1088; 935; 196; 309909; 14
7; r; 711191; 1088; 734; 180; 311190; 23
7; r; 715673; 1088; 489; 153; 315672; 26
7; r; 723358; 1088; 797; 183; 323357; 19
7; r; 726560; 1088; 337; 135; 326559; 19
7; r; 729123; 1088; 240; 122; 329122; 21
7; r; 731045; 1088; 997; 205; 331044; 20
7; r; 733607; 1088; 368; 139; 333606; 15
7; r; 736170; 1088; 860; 189; 336169; 18
7; r; 752823; 1088; 711; 177; 352822; 19
7; r; 757947; 1088; 352; 136; 357946; 20
7; r; 761151; 1088; 136; 113; 361150; 21
7; r; 764354; 1088; 190; 118; 364353; 22
7; r; 816242; 1088; 815; 289; 16241; 3
7; r; 826485; 1088; 687; 273; 26484; 4
7; r; 827125; 1088; 406; 248; 27124; 12
7; r; 829046; 1088; 717; 277; 29045; 4
7; r; 834808; 1088; 731; 281; 34807; 6
7; r; 838650; 1088; 976; 303; 38649; 3
7; r; 842492; 1088; 956; 299; 42491; 1
7; r; 846974; 1088; 142; 232; 46973; 11
7; r; 848895; 1088; 1043; 308; 48894; 6
7; r; 855297; 1088; 803; 288; 55296; 7
7; r; 859779; 1088; 623; 267; 59778; 3
7; r; 862340; 1088; 1031; 306; 62339; 7
7; r; 866821; 1088; 500; 258; 66820; 13
7; r; 868102; 1088; 164; 233; 68101; 6
7; r; 870023; 1088; 985; 304; 70022; 1
7; r; 876425; 1088; 886; 291; 76424; 6
7; r; 878346; 1088; 1; 215; 78345; 16
7; r; 882188; 1088; 905; 294; 82187; 10
7; r; 886670; 1088; 587; 264; 86669; 4
7; r; 898197; 1088; 649; 269; 98196; 5
7; r; 919969; 1088; 647; 268; 119968; 9
7; r; 921250; 1088; 948; 298; 121249; 5
7; r; 924452; 1088; 891; 292; 124451; 10
7; r; 931495; 1088; 612; 266; 131494; 6
7; r; 935977; 1088; 395; 247; 135976; 7
7; r; 938538; 1088; 931; 295; 138537; 10
7; r; 941099; 1088; 546; 262; 141098; 5
7; r; 943020; 1088; 711; 276; 143019; 15
7; r; 945581; 1088; 281; 238; 145580; 13
7; r; 948783; 1088; 349; 242; 148782; 14
7; r; 950064; 1088; 726; 280; 150063; 15
7; r; 952625; 1088; 1032; 307; 152624; 9
7; r; 954546; 1088; 656; 270; 154545; 3
7; r; 964150; 1088; 704; 275; 164149; 8
7; r; 972474; 1088; 1078; 311; 172473; 8
7; r; 975676; 1088; 312; 240; 175675; 11
7; r; 977597; 1088; 78; 227; 177596; 12
7; r; 989123; 1088; 744; 283; 189122; 18
7; r; 991044; 1088; 72; 226; 191043; 17
7; r; 1000650; 1088; 935; 296; 200649; 17
7; r; 1008975; 1088; 56; 224; 208974; 11
7; r; 1011536; 1088; 793; 285; 211535; 15
7; r; 1012817; 1088; 36; 220; 212816; 15
7; r; 1019220; 1088; 537; 261; 219219; 12
7; r; 1020501; 1088; 963; 300; 220500; 13
7; r; 1023703; 1088; 342; 241; 223702; 11
7; r; 1028185; 1088; 370; 244; 228184; 11
7; r; 1029466; 1088; 169; 234; 229465; 18
7; r; 1033308; 1088; 203; 236; 233307; 19
7; r; 1040992; 1088; 600; 265; 240991; 14
7; r; 1043553; 1088; 386; 246; 243552; 16
7; r; 1048676; 1088; 1065; 310; 248675; 15
7; r; 1050597; 1088; 798; 287; 250596; 21
7; r; 1051237; 1088; 424; 249; 251236; 21
7; r; 1051877; 1088; 350; 243; 251876; 18
7; r; 1052518; 1088; 471; 254; 252517; 12
7; r; 1068527; 1088; 865; 290; 268526; 16
7; r; 1071088; 1088; 1060; 309; 271087; 16
7; r; 1071729; 1088; 49; 221; 271728; 20
7; r; 1073650; 1088; 54; 223; 273649; 23
7; r; 1083895; 1088; 474; 255; 283894; 18
7; r; 1089658; 1088; 82; 228; 289657; 25
7; r; 1090939; 1088; 485; 257; 290938; 29
7; r; 1091579; 1088; 722; 279; 291578; 24
7; r; 1092220; 1088; 659; 271; 292219; 22
7; r; 1094782; 1088; 66; 225; 294781; 24
7; r; 1096704; 1088; 371; 245; 296703; 15
7; r; 1103107; 1088; 718; 278; 303106; 11
7; r; 1106950; 1088; 732; 282; 306949; 15
7; r; 1111434; 1088; 522; 259; 311433; 19
7; r; 1116558; 1088; 120; 230; 316557; 19
7; r; 1117839; 1088; 50; 222; 317838; 18
7; r; 1130010; 1088; 902; 293; 330009; 19
7; r; 1131291; 1088; 251; 237; 331290; 27
7; r; 1132572; 1088; 100; 229; 332571; 25
7; r; 1133213; 1088; 754; 284; 333212; 23
7; r; 1149229; 1088; 975; 302; 349228; 18
7; r; 1158839; 1088; 568; 263; 358838; 23
8; r; 7683; 1088; 979; 90; 7682; 2
8; r; 10883; 1088; 421; 42; 10882; 7
8; r; 17925; 1088; 853; 79; 17924; 4
8; r; 24967; 1088; 1021; 97; 24966; 1
8; r; 30089; 1088; 887; 80; 30088; 4
8; r; 30729; 1088; 918; 81; 30728; 2
8; r; 32650; 1088; 721; 63; 32649; 3
8; r; 34571; 1088; 331; 33; 34570; 11
8; r; 36492; 1088; 988; 91; 36491; 1
8; r; 44175; 1088; 818; 72; 44174; 3
8; r; 54419; 1088; 955; 86; 54418; 3
8; r; 58261; 1088; 121; 9; 58260; 15
8; r; 67865; 1088; 978; 89; 67864; 2
8; r; 69146; 1088; 850; 78; 69145; 3
8; r; 70426; 1088; 675; 60; 70425; 7
8; r; 72348; 1088; 976; 88; 72347; 5
8; r; 78110; 1088; 989; 92; 78109; 1
8; r; 87073; 1088; 755; 67; 87072; 2
8; r; 87713; 1088; 409; 39; 87712; 9
8; r; 91555; 1088; 1015; 96; 91554; 3
8; r; 97958; 1088; 1071; 99; 97957; 5
8; r; 99239; 1088; 393; 37; 99238; 7
8; r; 103721; 1088; 258; 27; 103720; 5
8; r; 108844; 1088; 614; 56; 108843; 6
8; r; 111405; 1088; 990; 93; 111404; 10
8; r; 113326; 1088; 620; 57; 113325; 10
8; r; 114607; 1088; 724; 64; 114606; 2
8; r; 117168; 1088; 933; 85; 117167; 11
8; r; 121650; 1088; 286; 28; 121649; 11
8; r; 122930; 1088; 427; 43; 122929; 6
8; r; 123571; 1088; 819; 73; 123570; 5
8; r; 128053; 1088; 741; 65; 128052; 7
8; r; 129974; 1088; 176; 17; 129973; 12
8; r; 135096; 1088; 1084; 100; 135095; 7
8; r; 138938; 1088; 572; 51; 138937; 7
8; r; 140219; 1088; 772; 69; 140218; 6
8; r; 145982; 1088; 242; 24; 145981; 11
8; r; 147903; 1088; 826; 75; 147902; 9
8; r; 153665; 1088; 796; 71; 153664; 22
8; r; 160709; 1088; 201; 21; 160708; 14
8; r; 169033; 1088; 604; 55; 169032; 8
8; r; 172875; 1088; 418; 40; 172874; 9
8; r; 188882; 1088; 305; 31; 188881; 16
8; r; 191443; 1088; 575; 52; 191442; 15
8; r; 193364; 1088; 6; 1; 193363; 14
8; r; 196566; 1088; 928; 83; 196565; 8
8; r; 204251; 1088; 992; 94; 204250; 13
8; r; 211296; 1088; 255; 26; 211295; 9
8; r; 223462; 1088; 130; 11; 223461; 12
8; r; 229866; 1088; 316; 32; 229865; 10
8; r; 231787; 1088; 196; 18; 231786; 15
8; r; 233068; 1088; 501; 48; 233067; 19
8; r; 233708; 1088; 924; 82; 233707; 11
8; r; 234349; 1088; 153; 14; 234348; 23
8; r; 237551; 1088; 59; 2; 237550; 16
8; r; 243314; 1088; 667; 59; 243313; 13
8; r; 249078; 1088; 127; 10; 249077; 10
8; r; 250359; 1088; 101; 8; 250358; 18
8; r; 251640; 1088; 454; 44; 251639; 11
8; r; 256763; 1088; 589; 54; 256762; 15
8; r; 257403; 1088; 237; 23; 257402; 20
8; r; 259965; 1088; 62; 3; 259964; 19
8; r; 261245; 1088; 199; 19; 261244; 16
8; r; 263807; 1088; 99; 7; 263806; 17
8; r; 268289; 1088; 463; 45; 268288; 16
8; r; 275333; 1088; 348; 34; 275332; 15
8; r; 278535; 1088; 164; 15; 278534; 12
8; r; 283658; 1088; 646; 58; 283657; 7
8; r; 285579; 1088; 137; 13; 285578; 11
8; r; 289421; 1088; 79; 4; 289420; 17
8; r; 293263; 1088; 473; 47; 293262; 14
8; r; 295825; 1088; 693; 61; 295824; 20
8; r; 300948; 1088; 351; 35; 300947; 21
8; r; 311194; 1088; 580; 53; 311193; 22
8; r; 316318; 1088; 767; 68; 316317; 16
8; r; 321443; 1088; 293; 29; 321442; 19
8; r; 329770; 1088; 4; 0; 329769; 22
8; r; 342582; 1088; 403; 38; 342581; 14
8; r; 346426; 1088; 85; 6; 346425; 19
8; r; 348988; 1088; 931; 84; 348987; 22
8; r; 408323; 1088; 381; 130; 8322; 7
8; r; 410244; 1088; 651; 152; 10243; 4
8; r; 410884; 1088; 1039; 186; 10883; 4
8; r; 416006; 1088; 1050; 188; 16005; 1
8; r; 423049; 1088; 1052; 189; 23048; 1
8; r; 429451; 1088; 683; 157; 29450; 4
8; r; 430091; 1088; 510; 138; 30090; 11
8; r; 435854; 1088; 855; 175; 35853; 2
8; r; 440976; 1088; 233; 121; 40975; 10
8; r; 449940; 1088; 408; 133; 49939; 11
8; r; 450581; 1088; 917; 179; 50580; 3
8; r; 453783; 1088; 533; 142; 53782; 13
8; r; 458905; 1088; 1044; 187; 58904; 5
8; r; 459545; 1088; 50; 103; 59544; 13
8; r; 463387; 1088; 854; 174; 63386; 3
8; r; 464668; 1088; 630; 151; 64667; 10
8; r; 471711; 1088; 689; 158; 71710; 4
8; r; 472991; 1088; 691; 159; 72990; 3
8; r; 475552; 1088; 658; 154; 75551; 3
8; r; 476833; 1088; 782; 168; 76832; 3
8; r; 486437; 1088; 656; 153; 86436; 5
8; r; 489639; 1088; 749; 161; 89638; 4
8; r; 495401; 1088; 758; 162; 95400; 6
8; r; 499882; 1088; 844; 173; 99881; 4
8; r; 510766; 1088; 814; 169; 110765; 4
8; r; 513327; 1088; 1079; 191; 113326; 9
8; r; 517809; 1088; 573; 143; 117808; 8
8; r; 519730; 1088; 574; 144; 119729; 11
8; r; 523572; 1088; 1007; 183; 123571; 4
8; r; 525493; 1088; 627; 150; 125492; 16
8; r; 538300; 1088; 186; 117; 138299; 9
8; r; 542782; 1088; 972; 181; 142781; 5
8; r; 551106; 1088; 1081; 192; 151105; 5
8; r; 553667; 1088; 918; 180; 153666; 4
8; r; 561350; 1088; 228; 119; 161349; 9
8; r; 568393; 1088; 765; 165; 168392; 10
8; r; 569674; 1088; 581; 145; 169673; 13
8; r; 570314; 1088; 995; 182; 170313; 13
8; r; 572235; 1088; 406; 132; 172234; 18
8; r; 574797; 1088; 251; 122; 174796; 9
8; r; 576718; 1088; 24; 101; 176717; 10
8; r; 578639; 1088; 469; 136; 178638; 11
8; r; 580560; 1088; 714; 160; 180559; 14
8; r; 583121; 1088; 347; 126; 183120; 14
8; r; 589524; 1088; 597; 146; 189523; 11
8; r; 600410; 1088; 103; 108; 200409; 18
8; r; 601691; 1088; 402; 131; 201690; 11
8; r; 606814; 1088; 178; 115; 206813; 11
8; r; 616420; 1088; 914; 178; 216419; 9
8; r; 618341; 1088; 168; 111; 218340; 17
8; r; 620902; 1088; 1070; 190; 220901; 17
8; r; 626025; 1088; 97; 107; 226024; 20
8; r; 629867; 1088; 306; 123; 229866; 16
8; r; 635631; 1088; 70; 105; 235630; 13
8; r; 637552; 1088; 511; 139; 237551; 18
8; r; 643956; 1088; 174; 112; 243955; 15
8; r; 645237; 1088; 1030; 185; 245236; 13
8; r; 647158; 1088; 825; 171; 247157; 21
8; r; 649079; 1088; 892; 176; 249078; 13
8; r; 669570; 1088; 1026; 184; 269569; 22
8; r; 673412; 1088; 665; 155; 273411; 18
8; r; 677895; 1088; 133; 110; 277894; 19
8; r; 680457; 1088; 505; 137; 280456; 16
8; r; 683019; 1088; 124; 109; 283018; 20
8; r; 684300; 1088; 31; 102; 284299; 25
8; r; 687502; 1088; 309; 124; 287501; 19
8; r; 696470; 1088; 513; 141; 296469; 16
8; r; 698392; 1088; 463; 135; 298391; 23
8; r; 699673; 1088; 181; 116; 299672; 16
8; r; 700313; 1088; 175; 113; 300312; 21
8; r; 706077; 1088; 619; 148; 306076; 24
8; r; 707998; 1088; 231; 120; 307997; 16
8; r; 708639; 1088; 623; 149; 308638; 18
8; r; 716967; 1088; 834; 172; 316966; 23
8; r; 812164; 1088; 727; 269; 12163; 7
8; r; 837773; 1088; 603; 252; 37772; 11
8; r; 839694; 1088; 888; 278; 39693; 3
8; r; 841615; 1088; 921; 283; 41614; 3
8; r; 843536; 1088; 655; 259; 43535; 3
8; r; 845457; 1088; 1078; 299; 45456; 6
8; r; 853141; 1088; 919; 282; 53140; 1
8; r; 856982; 1088; 983; 290; 56981; 2
8; r; 860183; 1088; 718; 267; 60182; 3
8; r; 862744; 1088; 1083; 301; 62743; 3
8; r; 868507; 1088; 572; 248; 68506; 11
8; r; 883233; 1088; 847; 276; 83232; 3
8; r; 884514; 1088; 355; 225; 84513; 9
8; r; 885795; 1088; 952; 287; 85794; 2
8; r; 890277; 1088; 564; 247; 90276; 12
8; r; 892198; 1088; 477; 237; 92197; 4
8; r; 894119; 1088; 548; 244; 94118; 6
8; r; 899882; 1088; 890; 280; 99881; 2
8; r; 905005; 1088; 652; 258; 105004; 5
8; r; 910768; 1088; 950; 286; 110767; 6
8; r; 917811; 1088; 366; 229; 117810; 11
8; r; 924854; 1088; 1000; 292; 124853; 7
8; r; 940862; 1088; 1036; 295; 140861; 7
8; r; 942143; 1088; 1076; 298; 142142; 6
8; r; 945345; 1088; 810; 274; 145344; 6
8; r; 953669; 1088; 699; 265; 153668; 11
8; r; 957511; 1088; 889; 279; 157510; 7
8; r; 960712; 1088; 722; 268; 160711; 9
8; r; 961993; 1088; 782; 273; 161992; 12
8; r; 963274; 1088; 305; 218; 163273; 10
8; r; 965195; 1088; 1080; 300; 165194; 9
8; r; 967756; 1088; 706; 266; 167755; 13
8; r; 970317; 1088; 357; 226; 170316; 16
8; r; 972238; 1088; 369; 230; 172237; 18
8; r; 975440; 1088; 276; 216; 175439; 18
8; r; 981203; 1088; 47; 198; 181202; 14
8; r; 981843; 1088; 924; 284; 181842; 10
8; r; 987606; 1088; 30; 197; 187605; 15
8; r; 990168; 1088; 513; 242; 190167; 10
8; r; 992730; 1088; 127; 204; 192729; 11
8; r; 999133; 1088; 244; 215; 199132; 12
8; r; 1000414; 1088; 661; 260; 200413; 14
8; r; 1002335; 1088; 227; 212; 202334; 17
8; r; 1014502; 1088; 443; 235; 214501; 12
8; r; 1017703; 1088; 308; 219; 217702; 18
8; r; 1019624; 1088; 119; 203; 219623; 17
8; r; 1022185; 1088; 335; 224; 222184; 15
8; r; 1025386; 1088; 1031; 294; 225385; 18
8; r; 1031149; 1088; 503; 240; 231148; 14
8; r; 1034991; 1088; 505; 241; 234990; 13
8; r; 1038833; 1088; 666; 261; 238832; 12
8; r; 1042676; 1088; 187; 209; 242675; 10
8; r; 1043316; 1088; 195; 210; 243315; 13
8; r; 1044597; 1088; 463; 236; 244596; 12
8; r; 1046518; 1088; 397; 232; 246517; 18
8; r; 1054201; 1088; 51; 199; 254200; 20
8; r; 1057403; 1088; 1005; 293; 257402; 9
8; r; 1060605; 1088; 943; 285; 260604; 15
8; r; 1070211; 1088; 759; 272; 270210; 19
8; r; 1082377; 1088; 108; 202; 282376; 18
8; r; 1086219; 1088; 7; 193; 286218; 11
8; r; 1088140; 1088; 734; 270; 288139; 17
8; r; 1093263; 1088; 235; 214; 293262; 14
8; r; 1097746; 1088; 394; 231; 297745; 16
8; r; 1100308; 1088; 173; 206; 300307; 18
8; r; 1104791; 1088; 26; 196; 304790; 13
8; r; 1106072; 1088; 184; 208; 306071; 14
8; r; 1110555; 1088; 292; 217; 310554; 15
8; r; 1113757; 1088; 1058; 297; 313756; 27
8; r; 1132972; 1088; 328; 221; 332971; 25
8; r; 1135534; 1088; 687; 264; 335533; 15
8; r; 1136815; 1088; 637; 256; 336814; 23
8; r; 1143220; 1088; 409; 233; 343219; 20
8; r; 1152827; 1088; 901; 281; 352826; 26
8; r; 1164359; 1088; 561; 246; 364358; 25
8; r; 1166281; 1088; 21; 195; 366280; 27
8; r; 1170765; 1088; 498; 239; 370764; 20
8; r; 1183582; 1088; 1057; 296; 383581; 18
9; r; 3842; 1088; 1069; 107; 3841; 4
9; r; 5762; 1088; 418; 43; 5761; 6
9; r; 12165; 1088; 1031; 101; 12164; 9
9; r; 29451; 1088; 576; 58; 29450; 9
9; r; 31372; 1088; 1011; 99; 31371; 3
9; r; 33293; 1088; 1052; 105; 33292; 3
9; r; 35854; 1088; 150; 16; 35853; 10
9; r; 38415; 1088; 976; 96; 38414; 4
9; r; 41617; 1088; 1049; 104; 41616; 1
9; r; 45459; 1088; 852; 82; 45458; 2
9; r; 50580; 1088; 448; 47; 50579; 7
9; r; 54422; 1088; 1007; 98; 54421; 5
9; r; 56983; 1088; 677; 69; 56982; 6
9; r; 59544; 1088; 723; 70; 59543; 6
9; r; 60184; 1088; 371; 39; 60183; 14
9; r; 63386; 1088; 822; 80; 63385; 4
9; r; 78113; 1088; 791; 74; 78112; 2
9; r; 80675; 1088; 639; 65; 80674; 12
9; r; 88359; 1088; 882; 86; 88358; 4
9; r; 93481; 1088; 494; 53; 93480; 6
9; r; 96043; 1088; 1045; 103; 96042; 7
9; r; 99244; 1088; 548; 56; 99243; 10
9; r; 105647; 1088; 921; 93; 105646; 4
9; r; 107568; 1088; 869; 84; 107567; 7
9; r; 112050; 1088; 600; 61; 112049; 9
9; r; 120375; 1088; 261; 26; 120374; 14
9; r; 121015; 1088; 128; 12; 121014; 9
9; r; 121655; 1088; 326; 32; 121654; 10
9; r; 130620; 1088; 363; 37; 130619; 14
9; r; 137664; 1088; 916; 92; 137663; 5
9; r; 144068; 1088; 428; 45; 144067; 10
9; r; 144709; 1088; 135; 14; 144708; 18
9; r; 145990; 1088; 813; 77; 145989; 9
9; r; 147911; 1088; 106; 7; 147910; 14
9; r; 149832; 1088; 902; 89; 149831; 10
9; r; 151113; 1088; 521; 54; 151112; 10
9; r; 152394; 1088; 898; 88; 152393; 10
9; r; 155596; 1088; 351; 34; 155595; 9
9; r; 156877; 1088; 443; 46; 156876; 9
9; r; 158798; 1088; 656; 67; 158797; 10
9; r; 160079; 1088; 1080; 108; 160078; 6
9; r; 176727; 1088; 457; 48; 176726; 17
9; r; 179928; 1088; 1035; 102; 179927; 11
9; r; 182489; 1088; 121; 9; 182488; 10
9; r; 186332; 1088; 892; 87; 186331; 13
9; r; 187613; 1088; 189; 20; 187612; 13
9; r; 188894; 1088; 126; 11; 188893; 13
9; r; 190815; 1088; 819; 78; 190814; 12
9; r; 192096; 1088; 242; 24; 192095; 13
9; r; 193377; 1088; 365; 38; 193376; 13
9; r; 218351; 1088; 478; 52; 218350; 11
9; r; 224115; 1088; 46; 5; 224114; 22
9; r; 231799; 1088; 473; 51; 231798; 13
9; r; 236921; 1088; 47; 6; 236920; 16
9; r; 237562; 1088; 245; 25; 237561; 20
9; r; 243325; 1088; 904; 90; 243324; 10
9; r; 244606; 1088; 468; 49; 244605; 9
9; r; 247167; 1088; 202; 22; 247166; 13
9; r; 252289; 1088; 396; 41; 252288; 20
9; r; 258052; 1088; 361; 36; 258051; 15
9; r; 259973; 1088; 289; 27; 259972; 15
9; r; 261254; 1088; 171; 18; 261253; 17
9; r; 261894; 1088; 841; 81; 261893; 10
9; r; 263816; 1088; 40; 4; 263815; 17
9; r; 267018; 1088; 977; 97; 267017; 20
9; r; 270860; 1088; 927; 94; 270859; 13
9; r; 271500; 1088; 290; 28; 271499; 21
9; r; 276624; 1088; 603; 62; 276623; 20
9; r; 277264; 1088; 384; 40; 277263; 16
9; r; 281107; 1088; 3; 0; 281106; 16
9; r; 283669; 1088; 4; 1; 283668; 21
9; r; 285590; 1088; 633; 63; 285589; 18
9; r; 292634; 1088; 471; 50; 292633; 18
9; r; 299039; 1088; 667; 68; 299038; 27
9; r; 308006; 1088; 16; 3; 308005; 19
9; r; 309288; 1088; 335; 33; 309287; 30
9; r; 310569; 1088; 726; 71; 310568; 29
9; r; 403842; 1088; 665; 167; 3841; 6
9; r; 410244; 1088; 712; 174; 10243; 4
9; r; 417286; 1088; 781; 181; 17285; 4
9; r; 417926; 1088; 201; 128; 17925; 11
9; r; 426249; 1088; 705; 173; 26248; 7
9; r; 428810; 1088; 789; 182; 28809; 5
9; r; 435854; 1088; 921; 191; 35853; 1
9; r; 437775; 1088; 419; 144; 37774; 6
9; r; 441617; 1088; 675; 170; 41616; 6
9; r; 448660; 1088; 981; 198; 48659; 5
9; r; 455704; 1088; 249; 133; 55703; 9
9; r; 469790; 1088; 800; 184; 69789; 8
9; r; 471071; 1088; 746; 177; 71070; 4
9; r; 478113; 1088; 973; 195; 78112; 3
9; r; 480674; 1088; 844; 189; 80673; 5
9; r; 486436; 1088; 212; 130; 86435; 9
9; r; 493479; 1088; 982; 199; 93478; 3
9; r; 501803; 1088; 153; 121; 101802; 6
9; r; 504364; 1088; 343; 139; 104363; 9
9; r; 507566; 1088; 444; 148; 107565; 9
9; r; 512049; 1088; 976; 196; 112048; 5
9; r; 513970; 1088; 1070; 205; 113969; 12
9; r; 517812; 1088; 610; 161; 117811; 8
9; r; 521654; 1088; 654; 165; 121653; 5
9; r; 526777; 1088; 455; 149; 126776; 7
9; r; 532539; 1088; 115; 119; 132538; 14
9; r; 537021; 1088; 272; 134; 137020; 15
9; r; 542143; 1088; 189; 125; 142142; 11
9; r; 543424; 1088; 1034; 202; 143423; 14
9; r; 545345; 1088; 661; 166; 145344; 16
9; r; 551108; 1088; 524; 155; 151107; 7
9; r; 554950; 1088; 929; 193; 154949; 13
9; r; 556871; 1088; 310; 138; 156870; 15
9; r; 558151; 1088; 200; 127; 158150; 12
9; r; 560073; 1088; 815; 187; 160072; 4
9; r; 561994; 1088; 84; 117; 161993; 13
9; r; 563275; 1088; 689; 171; 163274; 6
9; r; 569678; 1088; 506; 154; 169677; 12
9; r; 572239; 1088; 398; 143; 172238; 13
9; r; 578642; 1088; 355; 140; 178641; 12
9; r; 582485; 1088; 365; 141; 182484; 17
9; r; 589529; 1088; 504; 153; 189528; 8
9; r; 594011; 1088; 841; 188; 194010; 8
9; r; 597853; 1088; 144; 120; 197852; 20
9; r; 610660; 1088; 302; 137; 210659; 13
9; r; 618984; 1088; 602; 160; 218983; 18
9; r; 621545; 1088; 623; 162; 221544; 10
9; r; 623466; 1088; 748; 178; 223465; 6
9; r; 624106; 1088; 188; 124; 224105; 16
9; r; 630509; 1088; 62; 115; 230508; 18
9; r; 633071; 1088; 31; 112; 233070; 14
9; r; 638834; 1088; 16; 110; 238833; 23
9; r; 643315; 1088; 562; 158; 243314; 20
9; r; 643955; 1088; 547; 157; 243954; 16
9; r; 647798; 1088; 437; 145; 247797; 21
9; r; 649079; 1088; 22; 111; 249078; 21
9; r; 653562; 1088; 1068; 204; 253561; 18
9; r; 655483; 1088; 438; 146; 255482; 17
9; r; 664448; 1088; 530; 156; 264447; 17
9; r; 667650; 1088; 630; 163; 267649; 11
9; r; 672774; 1088; 1031; 201; 272773; 22
9; r; 674695; 1088; 774; 180; 274694; 17
9; r; 679819; 1088; 163; 122; 279818; 13
9; r; 682381; 1088; 868; 190; 282380; 14
9; r; 688785; 1088; 727; 176; 288784; 20
9; r; 689426; 1088; 226; 131; 289425; 22
9; r; 691988; 1088; 793; 183; 291987; 21
9; r; 694550; 1088; 716; 175; 294549; 10
9; r; 699675; 1088; 239; 132; 299674; 24
9; r; 704159; 1088; 808; 185; 304158; 16
9; r; 706081; 1088; 703; 172; 306080; 19
9; r; 710565; 1088; 199; 126; 310564; 23
9; r; 753499; 1088; 812; 186; 353498; 18
9; r; 811524; 1088; 1046; 328; 11523; 2
9; r; 813445; 1088; 321; 246; 13444; 8
9; r; 823048; 1088; 592; 278; 23047; 4
9; r; 826890; 1088; 909; 314; 26889; 4
9; r; 830731; 1088; 791; 301; 30730; 2
9; r; 831371; 1088; 662; 283; 31370; 9
9; r; 837774; 1088; 560; 271; 37773; 3
9; r; 841616; 1088; 841; 307; 41615; 8
9; r; 843537; 1088; 1016; 325; 43536; 1
9; r; 846098; 1088; 921; 315; 46097; 1
9; r; 848019; 1088; 1008; 323; 48018; 4
9; r; 852501; 1088; 218; 232; 52500; 8
9; r; 867870; 1088; 951; 319; 67869; 4
9; r; 874913; 1088; 835; 306; 74912; 6
9; r; 877474; 1088; 1013; 324; 77473; 6
9; r; 880035; 1088; 158; 224; 80034; 9
9; r; 881316; 1088; 744; 296; 81315; 10
9; r; 883237; 1088; 739; 294; 83236; 5
9; r; 889640; 1088; 323; 247; 89639; 9
9; r; 890280; 1088; 716; 291; 90279; 5
9; r; 895403; 1088; 587; 275; 95402; 4
9; r; 905007; 1088; 703; 288; 105006; 13
9; r; 905647; 1088; 751; 297; 105646; 7
9; r; 911410; 1088; 713; 290; 111409; 6
9; r; 913331; 1088; 806; 304; 113330; 7
9; r; 913971; 1088; 446; 261; 113970; 7
9; r; 915892; 1088; 554; 270; 115891; 9
9; r; 921654; 1088; 711; 289; 121653; 6
9; r; 922935; 1088; 580; 274; 122934; 7
9; r; 926137; 1088; 730; 293; 126136; 13
9; r; 932540; 1088; 125; 218; 132539; 13
9; r; 933821; 1088; 728; 292; 133820; 8
9; r; 935742; 1088; 657; 282; 135741; 8
9; r; 940865; 1088; 435; 259; 140864; 14
9; r; 944066; 1088; 205; 230; 144065; 19
9; r; 945347; 1088; 673; 285; 145346; 13
9; r; 951109; 1088; 168; 225; 151108; 11
9; r; 952390; 1088; 671; 284; 152389; 7
9; r; 954311; 1088; 993; 321; 154310; 9
9; r; 974161; 1088; 5; 207; 174160; 15
9; r; 975442; 1088; 142; 222; 175441; 10
9; r; 979924; 1088; 419; 257; 179923; 8
9; r; 983766; 1088; 908; 313; 183765; 7
9; r; 985047; 1088; 368; 254; 185046; 15
9; r; 985687; 1088; 677; 286; 185686; 7
9; r; 990169; 1088; 21; 210; 190168; 10
9; r; 994651; 1088; 247; 235; 194650; 15
9; r; 1001054; 1088; 373; 255; 201053; 15
9; r; 1002975; 1088; 1053; 329; 202974; 8
9; r; 1006817; 1088; 454; 263; 206816; 9
9; r; 1013220; 1088; 546; 269; 213219; 9
9; r; 1017703; 1088; 569; 272; 217702; 23
9; r; 1022186; 1088; 408; 256; 222185; 10
9; r; 1024107; 1088; 45; 213; 224106; 14
9; r; 1027949; 1088; 759; 298; 227948; 16
9; r; 1031791; 1088; 129; 219; 231790; 16
9; r; 1033072; 1088; 172; 226; 233071; 15
9; r; 1034353; 1088; 22; 211; 234352; 10
9; r; 1036914; 1088; 458; 264; 236913; 11
9; r; 1038194; 1088; 259; 237; 238193; 21
9; r; 1043958; 1088; 601; 279; 243957; 12
9; r; 1046519; 1088; 792; 302; 246518; 20
9; r; 1057406; 1088; 928; 316; 257405; 12
9; r; 1065730; 1088; 428; 258; 265729; 13
9; r; 1069572; 1088; 245; 234; 269571; 20
9; r; 1070213; 1088; 477; 266; 270212; 14
9; r; 1081100; 1088; 46; 214; 281099; 15
9; r; 1084302; 1088; 66; 215; 284301; 23
9; r; 1088784; 1088; 8; 208; 288783; 12
9; r; 1090065; 1088; 1059; 330; 290064; 17
9; r; 1091346; 1088; 1024; 326; 291345; 18
9; r; 1093908; 1088; 336; 249; 293907; 13
9; r; 1099671; 1088; 833; 305; 299670; 15
9; r; 1102872; 1088; 899; 312; 302871; 22
9; r; 1104153; 1088; 314; 244; 304152; 18
9; r; 1108635; 1088; 273; 239; 308634; 17
9; r; 1111837; 1088; 327; 248; 311836; 19
9; r; 1114398; 1088; 590; 276; 314397; 15
9; r; 1115680; 1088; 10; 209; 315679; 17
9; r; 1119523; 1088; 971; 320; 319522; 19
9; r; 1120164; 1088; 1060; 331; 320163; 24
9; r; 1124647; 1088; 285; 241; 324646; 22
9; r; 1125928; 1088; 203; 229; 325927; 20
9; r; 1131692; 1088; 897; 311; 331691; 11
9; r; 1133613; 1088; 804; 303; 333612; 16
9; r; 1152828; 1088; 526; 268; 352827; 24
9; r; 1164998; 1088; 364; 253; 364997; 18
9; r; 1187421; 1088; 206; 231; 387420; 22
