iter; type; time slot; d_nodes; s_nodes; pid; nslot; nhop
0; r; 25230; 1088; 159; 1; 24763; 6
0; r; 29715; 1088; 131; 14; 17608; 8
0; r; 36763; 1088; 560; 9; 30943; 5
0; r; 43810; 1088; 1049; 29; 21774; 1
0; r; 53420; 1088; 1019; 32; 29062; 1
0; r; 57904; 1088; 920; 8; 52775; 1
0; r; 61109; 1088; 295; 12; 52441; 9
0; r; 62390; 1088; 597; 5; 59294; 9
0; r; 63031; 1088; 530; 13; 52979; 10
0; r; 68797; 1088; 996; 0; 68665; 9
0; r; 71361; 1088; 840; 33; 46696; 5
0; r; 72642; 1088; 418; 26; 53200; 7
0; r; 82253; 1088; 890; 35; 54909; 1
0; r; 89300; 1088; 288; 3; 86615; 7
0; r; 95066; 1088; 990; 17; 80958; 7
0; r; 98271; 1088; 66; 7; 94035; 13
0; r; 107881; 1088; 98; 30; 84988; 8
0; r; 111086; 1088; 292; 4; 108174; 6
0; r; 118134; 1088; 881; 34; 92079; 4
0; r; 126462; 1088; 630; 2; 124956; 9
0; r; 128384; 1088; 38; 11; 121581; 10
0; r; 129024; 1088; 1033; 38; 96458; 6
0; r; 131586; 1088; 942; 23; 112957; 3
0; r; 135430; 1088; 346; 22; 118435; 10
0; r; 158496; 1088; 797; 19; 142732; 7
0; r; 160419; 1088; 348; 25; 141334; 8
0; r; 171953; 1088; 275; 15; 159346; 7
0; r; 172594; 1088; 188; 27; 153049; 10
0; r; 175798; 1088; 22; 31; 152711; 8
0; r; 176439; 1088; 93; 24; 157758; 11
0; r; 183488; 1088; 222; 10; 177257; 10
0; r; 191180; 1088; 284; 6; 187308; 8
0; r; 196307; 1088; 143; 28; 176649; 10
0; r; 215540; 1088; 544; 18; 200174; 8
0; r; 242478; 1088; 521; 20; 226367; 7
0; r; 249534; 1088; 518; 21; 232835; 8
0; r; 411777; 1088; 178; 39; 11552; 9
0; r; 430374; 1088; 553; 48; 24644; 6
0; r; 452796; 1088; 90; 54; 43206; 12
0; r; 457280; 1088; 259; 43; 55119; 5
0; r; 458561; 1088; 565; 74; 39678; 7
0; r; 472654; 1088; 454; 56; 62305; 4
0; r; 491233; 1088; 876; 66; 76488; 5
0; r; 494437; 1088; 939; 61; 82750; 5
0; r; 495718; 1088; 951; 46; 90900; 1
0; r; 513017; 1088; 827; 42; 110904; 10
0; r; 513658; 1088; 718; 82; 93359; 3
0; r; 516863; 1088; 1049; 84; 94827; 1
0; r; 518144; 1088; 482; 91; 92716; 5
0; r; 528394; 1088; 883; 60; 116815; 3
0; r; 532879; 1088; 616; 64; 119965; 3
0; r; 533520; 1088; 721; 62; 121235; 2
0; r; 535441; 1088; 854; 85; 113291; 2
0; r; 538645; 1088; 701; 44; 135441; 7
0; r; 539286; 1088; 887; 45; 135535; 2
0; r; 554664; 1088; 907; 75; 135754; 4
0; r; 555305; 1088; 25; 53; 147164; 9
0; r; 557869; 1088; 911; 51; 150926; 4
0; r; 571965; 1088; 821; 94; 143001; 3
0; r; 575170; 1088; 871; 58; 164422; 10
0; r; 575811; 1088; 311; 68; 160201; 8
0; r; 576452; 1088; 213; 41; 174956; 12
0; r; 577733; 1088; 847; 93; 149775; 3
0; r; 579656; 1088; 1004; 47; 174516; 4
0; r; 581578; 1088; 21; 73; 163068; 8
0; r; 589905; 1088; 998; 78; 170641; 12
0; r; 591827; 1088; 649; 40; 191165; 7
0; r; 593108; 1088; 424; 81; 173435; 8
0; r; 596312; 1088; 525; 89; 172674; 7
0; r; 596952; 1088; 389; 71; 180337; 5
0; r; 600796; 1088; 30; 69; 184896; 9
0; r; 617453; 1088; 339; 57; 206719; 10
0; r; 618094; 1088; 1000; 86; 195902; 6
0; r; 623220; 1088; 712; 88; 200168; 4
0; r; 627705; 1088; 193; 87; 205175; 7
0; r; 632829; 1088; 382; 49; 226489; 8
0; r; 633470; 1088; 88; 59; 222043; 8
0; r; 636033; 1088; 771; 80; 216420; 6
0; r; 637315; 1088; 104; 65; 222577; 12
0; r; 639237; 1088; 792; 90; 213877; 10
0; r; 658457; 1088; 182; 55; 248312; 9
0; r; 671274; 1088; 1010; 72; 253300; 5
0; r; 676402; 1088; 713; 77; 257268; 7
0; r; 677043; 1088; 966; 79; 257442; 8
0; r; 678325; 1088; 236; 67; 263546; 9
0; r; 680248; 1088; 1066; 83; 259303; 8
0; r; 680889; 1088; 147; 63; 268496; 13
0; r; 687300; 1088; 432; 95; 257746; 10
0; r; 690506; 1088; 89; 50; 283611; 10
0; r; 721919; 1088; 203; 52; 314020; 13
0; r; 725125; 1088; 795; 70; 309155; 9
0; r; 739885; 1088; 829; 92; 314256; 15
0; r; 818862; 1088; 709; 103; 15020; 8
0; r; 837444; 1088; 786; 119; 16784; 3
0; r; 838725; 1088; 360; 106; 30890; 7
0; r; 846412; 1088; 858; 96; 46232; 9
0; r; 857303; 1088; 702; 123; 34688; 8
0; r; 865631; 1088; 468; 132; 36627; 8
0; r; 871397; 1088; 64; 112; 56969; 10
0; r; 873319; 1088; 957; 108; 62466; 9
0; r; 881007; 1088; 988; 130; 53330; 1
0; r; 884210; 1088; 976; 124; 61239; 5
0; r; 902150; 1088; 22; 125; 79063; 11
0; r; 904071; 1088; 626; 120; 83202; 6
0; r; 910477; 1088; 691; 135; 80308; 3
0; r; 916885; 1088; 853; 104; 112510; 3
0; r; 919448; 1088; 955; 116; 102086; 1
0; r; 923292; 1088; 278; 100; 121455; 8
0; r; 928416; 1088; 472; 99; 127566; 8
0; r; 934823; 1088; 677; 97; 134257; 5
0; r; 936104; 1088; 592; 129; 110687; 3
0; r; 939949; 1088; 183; 98; 139270; 8
0; r; 942512; 1088; 148; 117; 124513; 9
0; r; 943153; 1088; 1005; 110; 130353; 5
0; r; 961730; 1088; 502; 118; 141882; 10
0; r; 966855; 1088; 199; 127; 142493; 11
0; r; 967496; 1088; 1064; 101; 165580; 7
0; r; 972622; 1088; 196; 113; 158125; 6
0; r; 980950; 1088; 410; 131; 152413; 7
0; r; 981591; 1088; 487; 105; 175835; 7
0; r; 993122; 1088; 645; 114; 178523; 6
0; r; 993763; 1088; 864; 128; 169177; 9
0; r; 996966; 1088; 255; 102; 193678; 8
0; r; 1000169; 1088; 406; 109; 188513; 9
0; r; 1025806; 1088; 295; 107; 217138; 8
0; r; 1030291; 1088; 34; 122; 208028; 10
0; r; 1039902; 1088; 126; 121; 218305; 9
0; r; 1043108; 1088; 1073; 115; 226328; 7
0; r; 1055928; 1088; 298; 133; 226758; 12
0; r; 1064905; 1088; 526; 111; 251998; 9
0; r; 1074532; 1088; 234; 126; 250953; 12
0; r; 1077739; 1088; 32; 134; 248379; 14
1; r; 1923; 1088; 691; 40; 1922; 3
1; r; 18579; 1088; 845; 48; 18578; 3
1; r; 26266; 1088; 387; 20; 26265; 5
1; r; 32670; 1088; 478; 26; 32669; 5
1; r; 47402; 1088; 811; 46; 47401; 4
1; r; 48042; 1088; 917; 51; 48041; 4
1; r; 58934; 1088; 677; 38; 58933; 7
1; r; 67262; 1088; 471; 24; 67261; 9
1; r; 80076; 1088; 1082; 58; 80075; 1
1; r; 80717; 1088; 599; 33; 80716; 10
1; r; 82639; 1088; 756; 44; 82638; 5
1; r; 83921; 1088; 421; 22; 83920; 5
1; r; 87124; 1088; 715; 42; 87123; 4
1; r; 91610; 1088; 505; 29; 91609; 6
1; r; 97376; 1088; 724; 43; 97375; 3
1; r; 98017; 1088; 126; 2; 98016; 8
1; r; 98658; 1088; 872; 49; 98657; 4
1; r; 99298; 1088; 489; 27; 99297; 5
1; r; 110189; 1088; 238; 15; 110188; 11
1; r; 111471; 1088; 713; 41; 111470; 4
1; r; 117237; 1088; 874; 50; 117236; 7
1; r; 117878; 1088; 1083; 59; 117877; 1
1; r; 130692; 1088; 141; 3; 130691; 13
1; r; 136458; 1088; 687; 39; 136457; 4
1; r; 153755; 1088; 164; 7; 153754; 6
1; r; 165289; 1088; 170; 9; 165288; 14
1; r; 172336; 1088; 370; 19; 172335; 7
1; r; 182586; 1088; 1036; 55; 182585; 5
1; r; 183867; 1088; 497; 28; 183866; 9
1; r; 192196; 1088; 634; 37; 192195; 9
1; r; 192837; 1088; 108; 1; 192836; 10
1; r; 194119; 1088; 993; 54; 194118; 8
1; r; 197963; 1088; 507; 30; 197962; 10
1; r; 204369; 1088; 225; 14; 204368; 8
1; r; 205009; 1088; 924; 52; 205008; 9
1; r; 210134; 1088; 441; 23; 210133; 8
1; r; 214620; 1088; 789; 45; 214619; 6
1; r; 218465; 1088; 613; 35; 218464; 6
1; r; 221028; 1088; 173; 10; 221027; 12
1; r; 224232; 1088; 958; 53; 224231; 10
1; r; 225514; 1088; 610; 34; 225513; 5
1; r; 228077; 1088; 392; 21; 228076; 6
1; r; 228718; 1088; 1064; 56; 228717; 14
1; r; 229359; 1088; 351; 18; 229358; 7
1; r; 230640; 1088; 160; 6; 230639; 6
1; r; 231922; 1088; 592; 32; 231921; 7
1; r; 234485; 1088; 1071; 57; 234484; 10
1; r; 235126; 1088; 186; 12; 235125; 8
1; r; 243455; 1088; 293; 17; 243454; 6
1; r; 253067; 1088; 252; 16; 253066; 8
1; r; 254349; 1088; 145; 4; 254348; 9
1; r; 265886; 1088; 5; 0; 265885; 12
1; r; 271012; 1088; 146; 5; 271011; 9
1; r; 276780; 1088; 827; 47; 276779; 11
1; r; 283189; 1088; 214; 13; 283188; 10
1; r; 283830; 1088; 176; 11; 283829; 9
1; r; 310755; 1088; 168; 8; 310754; 14
1; r; 321656; 1088; 631; 36; 321655; 11
1; r; 343470; 1088; 565; 31; 343469; 9
1; r; 407695; 1088; 919; 105; 7694; 1
1; r; 426272; 1088; 810; 100; 26271; 4
1; r; 430116; 1088; 306; 68; 30115; 9
1; r; 449975; 1088; 811; 101; 49974; 4
1; r; 451897; 1088; 560; 84; 51896; 7
1; r; 458945; 1088; 792; 99; 58944; 13
1; r; 464070; 1088; 979; 109; 64069; 3
1; r; 478164; 1088; 413; 74; 78163; 6
1; r; 482008; 1088; 571; 85; 82007; 7
1; r; 482649; 1088; 609; 88; 82648; 10
1; r; 483930; 1088; 973; 108; 83929; 5
1; r; 490977; 1088; 708; 94; 90976; 7
1; r; 492899; 1088; 749; 96; 92898; 3
1; r; 494820; 1088; 820; 102; 94819; 2
1; r; 497382; 1088; 18; 60; 97381; 15
1; r; 502508; 1088; 393; 72; 102507; 9
1; r; 515323; 1088; 423; 76; 115322; 6
1; r; 517244; 1088; 202; 65; 117243; 10
1; r; 519166; 1088; 658; 91; 119165; 5
1; r; 519807; 1088; 836; 104; 119806; 7
1; r; 524290; 1088; 111; 63; 124289; 10
1; r; 525570; 1088; 588; 86; 125569; 5
1; r; 540308; 1088; 527; 83; 140307; 7
1; r; 546075; 1088; 405; 73; 146074; 7
1; r; 551200; 1088; 622; 89; 151199; 3
1; r; 560811; 1088; 346; 69; 160810; 9
1; r; 564016; 1088; 1043; 112; 164015; 3
1; r; 566578; 1088; 779; 97; 166577; 5
1; r; 569140; 1088; 370; 70; 169139; 9
1; r; 573626; 1088; 646; 90; 173625; 6
1; r; 587081; 1088; 517; 80; 187080; 5
1; r; 588363; 1088; 518; 81; 188362; 6
1; r; 592207; 1088; 936; 107; 192206; 8
1; r; 593488; 1088; 21; 61; 193487; 10
1; r; 603740; 1088; 1027; 111; 203739; 7
1; r; 608866; 1088; 827; 103; 208865; 13
1; r; 619761; 1088; 417; 75; 219760; 9
1; r; 621043; 1088; 690; 92; 221042; 6
1; r; 623607; 1088; 501; 78; 223606; 9
1; r; 624248; 1088; 29; 62; 224247; 10
1; r; 626812; 1088; 932; 106; 226811; 8
1; r; 630017; 1088; 526; 82; 230016; 7
1; r; 633221; 1088; 373; 71; 233220; 9
1; r; 642194; 1088; 171; 64; 242193; 13
1; r; 650526; 1088; 696; 93; 250525; 10
1; r; 658220; 1088; 504; 79; 258219; 9
1; r; 671042; 1088; 785; 98; 271041; 8
1; r; 674250; 1088; 604; 87; 274249; 7
1; r; 685145; 1088; 1009; 110; 285144; 8
1; r; 825633; 1088; 598; 128; 25632; 11
1; r; 837162; 1088; 890; 139; 37161; 1
1; r; 839084; 1088; 1005; 142; 39083; 4
1; r; 842928; 1088; 870; 137; 42927; 6
1; r; 848052; 1088; 1008; 144; 48051; 6
1; r; 850614; 1088; 1042; 146; 50613; 4
1; r; 851895; 1088; 495; 127; 51894; 8
1; r; 861505; 1088; 881; 138; 61504; 4
1; r; 863427; 1088; 620; 130; 63426; 3
1; r; 876241; 1088; 1034; 145; 76240; 4
1; r; 878163; 1088; 425; 125; 78162; 6
1; r; 880726; 1088; 615; 129; 80725; 5
1; r; 895461; 1088; 16; 113; 95460; 10
1; r; 896743; 1088; 254; 122; 96742; 7
1; r; 917239; 1088; 833; 136; 117238; 9
1; r; 918520; 1088; 1064; 148; 118519; 8
1; r; 919161; 1088; 798; 134; 119160; 7
1; r; 927491; 1088; 978; 141; 127490; 5
1; r; 930054; 1088; 384; 124; 130053; 8
1; r; 931335; 1088; 802; 135; 131334; 7
1; r; 931975; 1088; 469; 126; 131974; 7
1; r; 946712; 1088; 947; 140; 146711; 5
1; r; 950555; 1088; 205; 117; 150554; 13
1; r; 971056; 1088; 244; 121; 171055; 9
1; r; 973618; 1088; 1063; 147; 173617; 8
1; r; 976180; 1088; 728; 132; 176179; 9
1; r; 981306; 1088; 143; 116; 181305; 8
1; r; 986432; 1088; 333; 123; 186431; 12
1; r; 1000530; 1088; 51; 114; 200529; 13
1; r; 1004377; 1088; 240; 120; 204376; 12
1; r; 1029377; 1088; 1007; 143; 229376; 8
1; r; 1031943; 1088; 229; 119; 231942; 13
1; r; 1061502; 1088; 207; 118; 261501; 15
1; r; 1066024; 1088; 629; 131; 266023; 9
2; r; 7691; 1088; 785; 34; 7690; 3
2; r; 14098; 1088; 1084; 51; 14097; 1
2; r; 22425; 1088; 86; 3; 22424; 12
2; r; 28830; 1088; 922; 45; 28829; 1
2; r; 30752; 1088; 693; 28; 30751; 9
2; r; 45488; 1088; 163; 5; 45487; 8
2; r; 53177; 1088; 191; 9; 53176; 6
2; r; 58944; 1088; 514; 22; 58943; 5
2; r; 71118; 1088; 186; 8; 71117; 9
2; r; 80086; 1088; 887; 42; 80085; 2
2; r; 82008; 1088; 847; 40; 82007; 4
2; r; 87134; 1088; 760; 33; 87133; 9
2; r; 87775; 1088; 756; 32; 87774; 3
2; r; 91620; 1088; 865; 41; 91619; 8
2; r; 99309; 1088; 645; 25; 99308; 6
2; r; 99950; 1088; 823; 36; 99949; 3
2; r; 101231; 1088; 327; 16; 101230; 8
2; r; 103153; 1088; 278; 13; 103152; 11
2; r; 109558; 1088; 733; 31; 109557; 7
2; r; 117887; 1088; 985; 49; 117886; 1
2; r; 130061; 1088; 230; 10; 130060; 8
2; r; 131342; 1088; 47; 2; 131341; 15
2; r; 146719; 1088; 706; 29; 146718; 9
2; r; 150563; 1088; 916; 44; 150562; 4
2; r; 151203; 1088; 448; 21; 151202; 7
2; r; 156969; 1088; 911; 43; 156968; 6
2; r; 163374; 1088; 172; 7; 163373; 10
2; r; 164015; 1088; 960; 47; 164014; 8
2; r; 165937; 1088; 935; 46; 165936; 6
2; r; 167859; 1088; 654; 27; 167858; 5
2; r; 169140; 1088; 43; 1; 169139; 10
2; r; 170422; 1088; 115; 4; 170421; 7
2; r; 176829; 1088; 570; 23; 176828; 6
2; r; 189643; 1088; 828; 38; 189642; 7
2; r; 194129; 1088; 331; 17; 194128; 11
2; r; 200536; 1088; 971; 48; 200535; 5
2; r; 203098; 1088; 651; 26; 203097; 7
2; r; 203738; 1088; 27; 0; 203737; 8
2; r; 207583; 1088; 837; 39; 207582; 8
2; r; 208865; 1088; 344; 18; 208864; 7
2; r; 209506; 1088; 348; 19; 209505; 8
2; r; 210787; 1088; 796; 35; 210786; 9
2; r; 211428; 1088; 726; 30; 211427; 8
2; r; 215272; 1088; 307; 14; 215271; 9
2; r; 223603; 1088; 269; 12; 223602; 10
2; r; 226808; 1088; 164; 6; 226807; 8
2; r; 228731; 1088; 313; 15; 228730; 10
2; r; 230013; 1088; 1027; 50; 230012; 8
2; r; 231295; 1088; 827; 37; 231294; 9
2; r; 233218; 1088; 247; 11; 233217; 6
2; r; 240268; 1088; 391; 20; 240267; 7
2; r; 410251; 1088; 460; 75; 10250; 6
2; r; 417299; 1088; 1076; 100; 17298; 3
2; r; 422424; 1088; 84; 58; 22423; 8
2; r; 444206; 1088; 267; 64; 44205; 10
2; r; 457022; 1088; 852; 90; 57021; 2
2; r; 461506; 1088; 692; 84; 61505; 5
2; r; 462147; 1088; 70; 57; 62146; 11
2; r; 470475; 1088; 293; 65; 70474; 6
2; r; 475601; 1088; 985; 95; 75600; 1
2; r; 478163; 1088; 294; 66; 78162; 5
2; r; 480727; 1088; 751; 86; 80726; 3
2; r; 483930; 1088; 1065; 98; 83929; 7
2; r; 485852; 1088; 626; 79; 85851; 7
2; r; 498025; 1088; 249; 63; 98024; 7
2; r; 498666; 1088; 641; 81; 98665; 6
2; r; 509559; 1088; 1087; 101; 109558; 1
2; r; 519168; 1088; 224; 62; 119167; 8
2; r; 524293; 1088; 583; 77; 124292; 5
2; r; 529419; 1088; 375; 70; 129418; 9
2; r; 533263; 1088; 387; 73; 133262; 5
2; r; 535826; 1088; 571; 76; 135825; 8
2; r; 540311; 1088; 68; 56; 140310; 10
2; r; 541592; 1088; 1011; 96; 141591; 4
2; r; 545437; 1088; 942; 93; 145436; 4
2; r; 546719; 1088; 16; 52; 146718; 9
2; r; 553766; 1088; 769; 87; 153765; 6
2; r; 557610; 1088; 46; 53; 157609; 10
2; r; 558892; 1088; 1072; 99; 158891; 7
2; r; 562096; 1088; 981; 94; 162095; 2
2; r; 569142; 1088; 218; 61; 169141; 7
2; r; 574269; 1088; 639; 80; 174268; 6
2; r; 576192; 1088; 672; 83; 176191; 6
2; r; 585804; 1088; 378; 71; 185803; 9
2; r; 590930; 1088; 302; 68; 190929; 8
2; r; 595416; 1088; 296; 67; 195415; 8
2; r; 597338; 1088; 1031; 97; 197337; 8
2; r; 600543; 1088; 702; 85; 200542; 7
2; r; 603747; 1088; 108; 60; 203746; 8
2; r; 607592; 1088; 55; 55; 207591; 10
2; r; 608232; 1088; 356; 69; 208231; 8
2; r; 615282; 1088; 106; 59; 215281; 10
2; r; 644125; 1088; 395; 74; 244124; 7
2; r; 655024; 1088; 48; 54; 255023; 12
2; r; 656306; 1088; 382; 72; 256305; 8
2; r; 697997; 1088; 899; 91; 297996; 12
2; r; 812169; 1088; 850; 142; 12168; 2
2; r; 818575; 1088; 916; 145; 18574; 2
2; r; 830104; 1088; 630; 131; 30103; 9
2; r; 838432; 1088; 216; 111; 38431; 8
2; r; 839073; 1088; 601; 129; 39072; 8
2; r; 843556; 1088; 939; 148; 43555; 4
2; r; 862771; 1088; 919; 146; 62770; 1
2; r; 864052; 1088; 574; 126; 64051; 7
2; r; 865974; 1088; 250; 113; 65973; 7
2; r; 869177; 1088; 815; 139; 69176; 3
2; r; 873020; 1088; 492; 124; 73019; 6
2; r; 874302; 1088; 774; 135; 74301; 5
2; r; 883269; 1088; 973; 150; 83268; 5
2; r; 899927; 1088; 886; 143; 99926; 2
2; r; 903771; 1088; 43; 104; 103770; 12
2; r; 920430; 1088; 184; 110; 120429; 8
2; r; 921071; 1088; 802; 137; 121070; 10
2; r; 921712; 1088; 1017; 151; 121711; 2
2; r; 924915; 1088; 723; 133; 124914; 3
2; r; 948622; 1088; 349; 117; 148621; 6
2; r; 953747; 1088; 1043; 152; 153746; 3
2; r; 959513; 1088; 448; 122; 159512; 6
2; r; 960154; 1088; 146; 109; 160153; 8
2; r; 969766; 1088; 1074; 153; 169765; 4
2; r; 971047; 1088; 29; 103; 171046; 11
2; r; 972329; 1088; 910; 144; 172328; 4
2; r; 972969; 1088; 291; 116; 172968; 7
2; r; 974892; 1088; 386; 118; 174891; 7
2; r; 987708; 1088; 577; 127; 187707; 6
2; r; 991552; 1088; 265; 114; 191551; 13
2; r; 992193; 1088; 932; 147; 192192; 6
2; r; 994757; 1088; 834; 140; 194756; 7
2; r; 995398; 1088; 608; 130; 195397; 5
2; r; 1002447; 1088; 807; 138; 202446; 9
2; r; 1005010; 1088; 710; 132; 205009; 4
2; r; 1008853; 1088; 58; 106; 208852; 8
2; r; 1014619; 1088; 945; 149; 214618; 3
2; r; 1015901; 1088; 595; 128; 215900; 7
2; r; 1019747; 1088; 280; 115; 219746; 7
2; r; 1020387; 1088; 1; 102; 220386; 12
2; r; 1030640; 1088; 460; 123; 230639; 6
2; r; 1032562; 1088; 145; 108; 232561; 10
2; r; 1041534; 1088; 245; 112; 241533; 11
2; r; 1042175; 1088; 797; 136; 242174; 7
2; r; 1071660; 1088; 837; 141; 271659; 9
2; r; 1080635; 1088; 444; 121; 280634; 9
2; r; 1093457; 1088; 68; 107; 293456; 12
2; r; 1111419; 1088; 56; 105; 311418; 11
3; r; 10899; 1088; 389; 22; 10898; 4
3; r; 28837; 1088; 283; 18; 28836; 9
3; r; 36525; 1088; 823; 43; 36524; 2
3; r; 41650; 1088; 432; 26; 41649; 11
3; r; 49339; 1088; 62; 6; 49338; 12
3; r; 57029; 1088; 1050; 57; 57028; 1
3; r; 60872; 1088; 997; 52; 60871; 7
3; r; 62153; 1088; 545; 33; 62152; 8
3; r; 65998; 1088; 810; 42; 65997; 4
3; r; 74967; 1088; 189; 13; 74966; 8
3; r; 75608; 1088; 850; 46; 75607; 2
3; r; 82016; 1088; 844; 45; 82015; 4
3; r; 93547; 1088; 59; 5; 93546; 7
3; r; 104437; 1088; 835; 44; 104436; 6
3; r; 105078; 1088; 1030; 53; 105077; 8
3; r; 105719; 1088; 1081; 59; 105718; 2
3; r; 107641; 1088; 932; 49; 107640; 10
3; r; 111486; 1088; 272; 17; 111485; 8
3; r; 117893; 1088; 1043; 56; 117892; 3
3; r; 130066; 1088; 1038; 55; 130065; 5
3; r; 131347; 1088; 517; 31; 131346; 4
3; r; 133269; 1088; 269; 16; 133268; 11
3; r; 137112; 1088; 544; 32; 137111; 8
3; r; 138393; 1088; 669; 38; 138392; 11
3; r; 148003; 1088; 855; 47; 148002; 3
3; r; 151207; 1088; 958; 50; 151206; 8
3; r; 162740; 1088; 698; 39; 162739; 8
3; r; 171709; 1088; 441; 27; 171708; 7
3; r; 172349; 1088; 795; 41; 172348; 9
3; r; 175552; 1088; 99; 8; 175551; 13
3; r; 180678; 1088; 32; 2; 180677; 8
3; r; 190287; 1088; 427; 24; 190286; 6
3; r; 203741; 1088; 507; 30; 203740; 9
3; r; 205663; 1088; 887; 48; 205662; 3
3; r; 206304; 1088; 992; 51; 206303; 8
3; r; 210789; 1088; 23; 1; 210788; 12
3; r; 212712; 1088; 1073; 58; 212711; 5
3; r; 215915; 1088; 216; 14; 215914; 11
3; r; 220402; 1088; 620; 36; 220401; 5
3; r; 226808; 1088; 65; 7; 226807; 9
3; r; 233856; 1088; 108; 10; 233855; 8
3; r; 235137; 1088; 658; 37; 235136; 5
3; r; 240905; 1088; 101; 9; 240904; 11
3; r; 243467; 1088; 47; 4; 243466; 9
3; r; 244108; 1088; 617; 35; 244107; 4
3; r; 244749; 1088; 360; 21; 244748; 9
3; r; 246671; 1088; 339; 20; 246670; 11
3; r; 247312; 1088; 554; 34; 247311; 7
3; r; 248594; 1088; 4; 0; 248593; 14
3; r; 257566; 1088; 313; 19; 257565; 10
3; r; 258207; 1088; 177; 12; 258206; 9
3; r; 270383; 1088; 499; 28; 270382; 11
3; r; 271665; 1088; 728; 40; 271664; 9
3; r; 274870; 1088; 502; 29; 274869; 8
3; r; 276152; 1088; 430; 25; 276151; 12
3; r; 283843; 1088; 115; 11; 283842; 13
3; r; 331928; 1088; 408; 23; 331927; 11
3; r; 346695; 1088; 34; 3; 346694; 14
3; r; 407691; 1088; 898; 105; 7690; 6
3; r; 409613; 1088; 782; 97; 9612; 2
3; r; 424345; 1088; 987; 109; 24344; 1
3; r; 428188; 1088; 618; 90; 28187; 4
3; r; 433953; 1088; 738; 95; 33952; 6
3; r; 436516; 1088; 979; 108; 36515; 2
3; r; 449328; 1088; 483; 80; 49327; 6
3; r; 449969; 1088; 258; 72; 49968; 6
3; r; 453172; 1088; 1041; 113; 53171; 5
3; r; 456376; 1088; 560; 86; 56375; 5
3; r; 465984; 1088; 988; 110; 65983; 1
3; r; 483923; 1088; 811; 98; 83922; 4
3; r; 485204; 1088; 242; 71; 85203; 8
3; r; 488407; 1088; 1014; 111; 88406; 5
3; r; 499939; 1088; 884; 104; 99938; 3
3; r; 518522; 1088; 1017; 112; 118521; 1
3; r; 521084; 1088; 909; 106; 121083; 3
3; r; 526852; 1088; 492; 82; 126851; 5
3; r; 527492; 1088; 223; 70; 127491; 6
3; r; 528133; 1088; 150; 67; 128132; 12
3; r; 528773; 1088; 589; 88; 128772; 5
3; r; 530695; 1088; 549; 84; 130694; 6
3; r; 531977; 1088; 409; 76; 131976; 12
3; r; 535181; 1088; 558; 85; 135180; 7
3; r; 538384; 1088; 821; 100; 138383; 3
3; r; 539025; 1088; 643; 92; 139024; 5
3; r; 542871; 1088; 856; 103; 142870; 3
3; r; 555047; 1088; 432; 77; 155046; 10
3; r; 574912; 1088; 636; 91; 174911; 9
3; r; 583240; 1088; 400; 75; 183239; 10
3; r; 592851; 1088; 1067; 116; 192850; 5
3; r; 594773; 1088; 842; 102; 194772; 5
3; r; 608227; 1088; 599; 89; 208226; 10
3; r; 610150; 1088; 652; 93; 210149; 11
3; r; 610791; 1088; 1045; 115; 210790; 3
3; r; 611432; 1088; 187; 69; 211431; 8
3; r; 612073; 1088; 586; 87; 212072; 5
3; r; 613995; 1088; 3; 60; 213994; 12
3; r; 617200; 1088; 965; 107; 217199; 5
3; r; 619764; 1088; 458; 78; 219763; 10
3; r; 621687; 1088; 826; 101; 221686; 8
3; r; 624891; 1088; 711; 94; 224890; 7
3; r; 625532; 1088; 17; 61; 225531; 10
3; r; 633865; 1088; 168; 68; 233864; 12
3; r; 639632; 1088; 35; 63; 239631; 12
3; r; 651167; 1088; 140; 66; 251166; 10
3; r; 657577; 1088; 507; 83; 257576; 7
3; r; 662065; 1088; 813; 99; 262064; 6
3; r; 671040; 1088; 489; 81; 271039; 5
3; r; 683865; 1088; 468; 79; 283864; 11
3; r; 687711; 1088; 276; 73; 287710; 7
3; r; 690275; 1088; 27; 62; 290274; 9
3; r; 692839; 1088; 356; 74; 292838; 9
3; r; 704382; 1088; 764; 96; 304381; 10
3; r; 708228; 1088; 85; 64; 308227; 10
3; r; 805128; 1088; 1051; 169; 5127; 1
3; r; 807691; 1088; 943; 160; 7690; 3
3; r; 810254; 1088; 988; 162; 10253; 1
3; r; 818581; 1088; 446; 136; 18580; 6
3; r; 828189; 1088; 535; 140; 28188; 6
3; r; 832674; 1088; 550; 143; 32673; 5
3; r; 837799; 1088; 954; 161; 37798; 1
3; r; 845486; 1088; 932; 159; 45485; 7
3; r; 846126; 1088; 876; 155; 46125; 4
3; r; 857658; 1088; 1014; 165; 57657; 2
3; r; 860221; 1088; 880; 156; 60220; 2
3; r; 861502; 1088; 443; 135; 61501; 6
3; r; 862143; 1088; 306; 129; 62142; 10
3; r; 862784; 1088; 252; 127; 62783; 10
3; r; 872393; 1088; 1047; 168; 72392; 2
3; r; 873674; 1088; 739; 150; 73673; 6
3; r; 880722; 1088; 824; 153; 80721; 4
3; r; 896099; 1088; 1041; 167; 96098; 6
3; r; 898662; 1088; 698; 147; 98661; 8
3; r; 899943; 1088; 431; 134; 99942; 13
3; r; 903788; 1088; 841; 154; 103787; 6
3; r; 912119; 1088; 706; 148; 112118; 7
3; r; 917246; 1088; 1012; 164; 117245; 3
3; r; 922372; 1088; 541; 142; 122371; 6
3; r; 930702; 1088; 296; 128; 130701; 6
3; r; 940954; 1088; 908; 157; 140953; 7
3; r; 949925; 1088; 162; 123; 149924; 12
3; r; 955051; 1088; 427; 133; 155050; 6
3; r; 957614; 1088; 995; 163; 157613; 15
3; r; 963381; 1088; 218; 125; 163380; 9
3; r; 970430; 1088; 508; 139; 170429; 7
3; r; 982603; 1088; 395; 131; 182602; 13
3; r; 986447; 1088; 1029; 166; 186446; 6
3; r; 987729; 1088; 623; 146; 187728; 4
3; r; 988370; 1088; 931; 158; 188369; 12
3; r; 991574; 1088; 91; 118; 191573; 9
3; r; 992215; 1088; 315; 130; 192214; 7
3; r; 1006952; 1088; 808; 152; 206951; 6
3; r; 1009516; 1088; 800; 151; 209515; 8
3; r; 1012720; 1088; 191; 124; 212719; 10
3; r; 1017848; 1088; 113; 120; 217847; 10
3; r; 1019129; 1088; 150; 122; 219128; 10
3; r; 1021052; 1088; 579; 144; 221051; 7
3; r; 1026820; 1088; 78; 117; 226819; 10
3; r; 1028743; 1088; 396; 132; 228742; 9
3; r; 1030665; 1088; 733; 149; 230664; 11
3; r; 1033869; 1088; 537; 141; 233868; 8
3; r; 1038996; 1088; 129; 121; 238995; 15
3; r; 1041559; 1088; 109; 119; 241558; 9
3; r; 1054377; 1088; 238; 126; 254376; 11
3; r; 1074890; 1088; 499; 138; 274889; 13
4; r; 4485; 1088; 951; 50; 4484; 1
4; r; 23703; 1088; 396; 21; 23702; 15
4; r; 28828; 1088; 813; 45; 28827; 4
4; r; 32032; 1088; 581; 33; 32031; 5
4; r; 39079; 1088; 721; 40; 39078; 3
4; r; 41641; 1088; 503; 28; 41640; 7
4; r; 42922; 1088; 250; 8; 42921; 8
4; r; 51893; 1088; 120; 3; 51892; 9
4; r; 52534; 1088; 881; 47; 52533; 2
4; r; 60221; 1088; 790; 42; 60220; 2
4; r; 67911; 1088; 989; 54; 67910; 1
4; r; 79442; 1088; 682; 37; 79441; 3
4; r; 87130; 1088; 328; 11; 87129; 6
4; r; 89693; 1088; 1046; 60; 89692; 7
4; r; 92255; 1088; 556; 31; 92254; 6
4; r; 92896; 1088; 587; 34; 92895; 5
4; r; 100584; 1088; 419; 25; 100583; 9
4; r; 103146; 1088; 318; 9; 103145; 9
4; r; 103787; 1088; 791; 43; 103786; 2
4; r; 121725; 1088; 980; 53; 121724; 2
4; r; 131977; 1088; 460; 26; 131976; 7
4; r; 141587; 1088; 967; 51; 141586; 6
4; r; 145432; 1088; 390; 20; 145431; 7
4; r; 146714; 1088; 706; 39; 146713; 8
4; r; 149917; 1088; 473; 27; 149916; 6
4; r; 150558; 1088; 1044; 59; 150557; 4
4; r; 151199; 1088; 802; 44; 151198; 6
4; r; 151839; 1088; 324; 10; 151838; 6
4; r; 153121; 1088; 152; 5; 153120; 7
4; r; 160170; 1088; 350; 14; 160169; 6
4; r; 162733; 1088; 784; 41; 162732; 3
4; r; 176190; 1088; 977; 52; 176189; 4
4; r; 183240; 1088; 904; 48; 183239; 5
4; r; 187725; 1088; 580; 32; 187724; 7
4; r; 191570; 1088; 417; 24; 191569; 6
4; r; 194774; 1088; 1006; 55; 194773; 6
4; r; 195415; 1088; 330; 12; 195414; 15
4; r; 198619; 1088; 925; 49; 198618; 9
4; r; 201182; 1088; 49; 2; 201181; 9
4; r; 201823; 1088; 216; 7; 201822; 8
4; r; 217843; 1088; 371; 18; 217842; 11
4; r; 218483; 1088; 183; 6; 218482; 8
4; r; 226812; 1088; 1031; 57; 226811; 7
4; r; 228735; 1088; 380; 19; 228734; 8
4; r; 229375; 1088; 10; 0; 229374; 9
4; r; 230657; 1088; 631; 35; 230656; 8
4; r; 232580; 1088; 680; 36; 232579; 6
4; r; 233861; 1088; 1023; 56; 233860; 12
4; r; 239628; 1088; 335; 13; 239627; 9
4; r; 243472; 1088; 353; 15; 243471; 5
4; r; 258211; 1088; 415; 23; 258210; 10
4; r; 259493; 1088; 1036; 58; 259492; 4
4; r; 260134; 1088; 505; 29; 260133; 8
4; r; 262697; 1088; 133; 4; 262696; 11
4; r; 268465; 1088; 402; 22; 268464; 12
4; r; 281927; 1088; 36; 1; 281926; 13
4; r; 284490; 1088; 552; 30; 284489; 5
4; r; 294106; 1088; 827; 46; 294105; 9
4; r; 303084; 1088; 694; 38; 303083; 9
4; r; 408333; 1088; 947; 106; 8332; 3
4; r; 426270; 1088; 667; 94; 26269; 7
4; r; 441005; 1088; 424; 83; 41004; 5
4; r; 442286; 1088; 436; 85; 42285; 8
4; r; 451259; 1088; 1076; 113; 51258; 2
4; r; 455745; 1088; 1008; 108; 55744; 7
4; r; 458308; 1088; 683; 96; 58307; 4
4; r; 465995; 1088; 275; 76; 65994; 9
4; r; 466636; 1088; 457; 87; 66635; 6
4; r; 467917; 1088; 136; 70; 67916; 13
4; r; 470480; 1088; 1051; 111; 70479; 1
4; r; 478168; 1088; 569; 91; 78167; 10
4; r; 483932; 1088; 803; 100; 83931; 7
4; r; 489058; 1088; 324; 77; 89057; 5
4; r; 489699; 1088; 1044; 110; 89698; 3
4; r; 500590; 1088; 385; 80; 100589; 9
4; r; 502512; 1088; 789; 99; 102511; 3
4; r; 508279; 1088; 1083; 114; 108278; 1
4; r; 522374; 1088; 805; 101; 122373; 6
4; r; 524938; 1088; 76; 68; 124937; 11
4; r; 528142; 1088; 926; 105; 128141; 10
4; r; 531986; 1088; 236; 75; 131985; 10
4; r; 535830; 1088; 681; 95; 135829; 4
4; r; 536471; 1088; 843; 104; 136470; 3
4; r; 543519; 1088; 502; 88; 143518; 8
4; r; 544160; 1088; 1067; 112; 144159; 7
4; r; 546723; 1088; 585; 92; 146722; 5
4; r; 549286; 1088; 196; 73; 149285; 8
4; r; 553131; 1088; 15; 62; 153130; 10
4; r; 555695; 1088; 609; 93; 155694; 7
4; r; 556336; 1088; 535; 89; 156335; 6
4; r; 563384; 1088; 28; 64; 163383; 10
4; r; 567870; 1088; 732; 98; 167869; 7
4; r; 569151; 1088; 341; 78; 169150; 8
4; r; 569792; 1088; 1032; 109; 169791; 7
4; r; 571073; 1088; 806; 102; 171072; 6
4; r; 583886; 1088; 366; 79; 183885; 10
4; r; 584527; 1088; 162; 72; 184526; 9
4; r; 587091; 1088; 112; 69; 187090; 11
4; r; 588372; 1088; 430; 84; 188371; 10
4; r; 589013; 1088; 705; 97; 189012; 8
4; r; 592858; 1088; 61; 67; 192857; 9
4; r; 596062; 1088; 47; 66; 196061; 9
4; r; 605674; 1088; 27; 63; 205673; 8
4; r; 608877; 1088; 11; 61; 208876; 9
4; r; 613362; 1088; 992; 107; 213361; 13
4; r; 622333; 1088; 442; 86; 222332; 9
4; r; 622974; 1088; 831; 103; 222973; 8
4; r; 628102; 1088; 389; 81; 228101; 9
4; r; 628742; 1088; 538; 90; 228741; 9
4; r; 635151; 1088; 207; 74; 235150; 10
4; r; 641561; 1088; 35; 65; 241560; 13
4; r; 663998; 1088; 398; 82; 263997; 13
4; r; 804489; 1088; 816; 149; 4488; 3
4; r; 813460; 1088; 912; 153; 13459; 3
4; r; 824993; 1088; 974; 160; 24992; 5
4; r; 828197; 1088; 710; 144; 28196; 5
4; r; 834603; 1088; 246; 128; 34602; 7
4; r; 839728; 1088; 614; 139; 39727; 5
4; r; 857027; 1088; 721; 145; 57026; 3
4; r; 857668; 1088; 758; 147; 57667; 6
4; r; 858950; 1088; 905; 152; 58949; 6
4; r; 864074; 1088; 167; 124; 64073; 11
4; r; 864715; 1088; 324; 132; 64714; 6
4; r; 878172; 1088; 1037; 163; 78171; 5
4; r; 882657; 1088; 231; 127; 82656; 11
4; r; 910845; 1088; 1019; 161; 110844; 2
4; r; 913408; 1088; 971; 159; 113407; 4
4; r; 914690; 1088; 270; 129; 114689; 10
4; r; 928786; 1088; 772; 148; 128785; 6
4; r; 938398; 1088; 644; 142; 138397; 7
4; r; 941603; 1088; 410; 133; 141602; 8
4; r; 948651; 1088; 950; 157; 148650; 2
4; r; 952495; 1088; 34; 116; 152494; 16
4; r; 958902; 1088; 452; 134; 158901; 6
4; r; 964670; 1088; 210; 126; 164669; 11
4; r; 971718; 1088; 839; 150; 171717; 4
4; r; 983893; 1088; 1035; 162; 183892; 4
4; r; 990301; 1088; 179; 125; 190300; 9
4; r; 990942; 1088; 603; 138; 190941; 11
4; r; 993504; 1088; 1041; 164; 193503; 4
4; r; 996067; 1088; 969; 158; 196066; 6
4; r; 1000553; 1088; 924; 154; 200552; 7
4; r; 1005681; 1088; 926; 155; 205680; 9
4; r; 1008886; 1088; 643; 141; 208885; 5
4; r; 1015295; 1088; 292; 130; 215294; 6
4; r; 1015936; 1088; 726; 146; 215935; 11
4; r; 1021705; 1088; 64; 119; 221704; 11
4; r; 1030034; 1088; 72; 120; 230033; 11
4; r; 1031958; 1088; 563; 136; 231957; 9
4; r; 1033239; 1088; 31; 115; 233238; 10
4; r; 1041574; 1088; 107; 123; 241573; 11
4; r; 1042856; 1088; 83; 121; 242855; 12
4; r; 1043497; 1088; 598; 137; 243496; 11
4; r; 1053113; 1088; 624; 140; 253112; 5
4; r; 1063373; 1088; 35; 117; 263372; 10
4; r; 1083258; 1088; 892; 151; 283257; 12
4; r; 1096730; 1088; 58; 118; 296729; 10
5; r; 8973; 1088; 941; 45; 8972; 4
5; r; 10895; 1088; 1052; 52; 10894; 1
5; r; 24345; 1088; 1047; 51; 24344; 2
5; r; 27548; 1088; 837; 41; 27547; 5
5; r; 58293; 1088; 295; 12; 58292; 8
5; r; 67262; 1088; 514; 24; 67261; 8
5; r; 68544; 1088; 637; 34; 68543; 7
5; r; 71108; 1088; 208; 8; 71107; 8
5; r; 74312; 1088; 756; 39; 74311; 2
5; r; 76875; 1088; 1022; 49; 76874; 1
5; r; 82641; 1088; 948; 46; 82640; 2
5; r; 87767; 1088; 364; 15; 87766; 10
5; r; 90330; 1088; 923; 44; 90329; 2
5; r; 99301; 1088; 422; 18; 99300; 7
5; r; 102505; 1088; 214; 9; 102504; 8
5; r; 103146; 1088; 85; 5; 103145; 7
5; r; 108911; 1088; 1025; 50; 108910; 7
5; r; 111475; 1088; 1010; 47; 111474; 4
5; r; 126850; 1088; 785; 40; 126849; 2
5; r; 127490; 1088; 619; 32; 127489; 5
5; r; 129412; 1088; 708; 37; 129411; 4
5; r; 131334; 1088; 861; 42; 131333; 11
5; r; 136461; 1088; 677; 35; 136460; 4
5; r; 139024; 1088; 332; 14; 139023; 10
5; r; 149274; 1088; 501; 22; 149273; 7
5; r; 152477; 1088; 722; 38; 152476; 4
5; r; 155680; 1088; 486; 21; 155679; 5
5; r; 162727; 1088; 876; 43; 162726; 4
5; r; 174258; 1088; 30; 2; 174257; 11
5; r; 178744; 1088; 1011; 48; 178743; 4
5; r; 188354; 1088; 58; 4; 188353; 8
5; r; 190918; 1088; 10; 0; 190917; 10
5; r; 208218; 1088; 540; 27; 208217; 6
5; r; 209500; 1088; 306; 13; 209499; 8
5; r; 215265; 1088; 628; 33; 215264; 10
5; r; 220392; 1088; 512; 23; 220391; 8
5; r; 233208; 1088; 517; 25; 233207; 10
5; r; 239615; 1088; 226; 10; 239614; 7
5; r; 244102; 1088; 688; 36; 244101; 8
5; r; 246025; 1088; 394; 16; 246024; 6
5; r; 248589; 1088; 578; 29; 248588; 8
5; r; 249230; 1088; 18; 1; 249229; 9
5; r; 255640; 1088; 129; 6; 255639; 13
5; r; 262050; 1088; 472; 20; 262049; 8
5; r; 265256; 1088; 459; 19; 265255; 5
5; r; 272308; 1088; 40; 3; 272307; 14
5; r; 273590; 1088; 597; 30; 273589; 9
5; r; 284489; 1088; 399; 17; 284488; 11
5; r; 290260; 1088; 241; 11; 290259; 11
5; r; 413457; 1088; 903; 96; 13456; 5
5; r; 417300; 1088; 63; 57; 17299; 8
5; r; 431396; 1088; 812; 90; 31395; 3
5; r; 439723; 1088; 939; 97; 39722; 4
5; r; 448053; 1088; 704; 85; 48052; 7
5; r; 452537; 1088; 92; 59; 52536; 8
5; r; 458303; 1088; 599; 81; 58302; 9
5; r; 460866; 1088; 956; 98; 60865; 1
5; r; 462148; 1088; 1047; 106; 62147; 4
5; r; 465991; 1088; 213; 64; 65990; 9
5; r; 466632; 1088; 1049; 107; 66631; 1
5; r; 467914; 1088; 707; 86; 67913; 6
5; r; 476244; 1088; 901; 95; 76243; 4
5; r; 480089; 1088; 378; 72; 80088; 8
5; r; 482652; 1088; 601; 82; 82651; 7
5; r; 485216; 1088; 223; 65; 85215; 9
5; r; 492905; 1088; 226; 66; 92904; 7
5; r; 494826; 1088; 124; 61; 94825; 10
5; r; 501874; 1088; 1024; 101; 101873; 9
5; r; 503155; 1088; 718; 88; 103154; 3
5; r; 504436; 1088; 547; 78; 104435; 7
5; r; 505717; 1088; 1052; 108; 105716; 1
5; r; 511482; 1088; 890; 92; 111481; 1
5; r; 524298; 1088; 539; 76; 124297; 7
5; r; 525579; 1088; 818; 91; 125578; 3
5; r; 534549; 1088; 605; 83; 134548; 8
5; r; 537753; 1088; 258; 68; 137752; 8
5; r; 540316; 1088; 897; 94; 140315; 10
5; r; 549287; 1088; 892; 93; 149286; 9
5; r; 551850; 1088; 16; 54; 151849; 9
5; r; 552491; 1088; 710; 87; 152490; 4
5; r; 554413; 1088; 688; 84; 154412; 4
5; r; 555054; 1088; 1001; 100; 155053; 6
5; r; 556977; 1088; 88; 58; 156976; 8
5; r; 565305; 1088; 540; 77; 165304; 6
5; r; 569791; 1088; 1026; 103; 169790; 11
5; r; 573636; 1088; 107; 60; 173635; 11
5; r; 574918; 1088; 44; 56; 174917; 12
5; r; 580685; 1088; 1033; 105; 180684; 6
5; r; 596064; 1088; 453; 74; 196063; 5
5; r; 602470; 1088; 960; 99; 202469; 6
5; r; 615928; 1088; 1025; 102; 215927; 10
5; r; 616569; 1088; 1; 53; 216568; 12
5; r; 618492; 1088; 561; 79; 218491; 10
5; r; 622978; 1088; 308; 70; 222977; 11
5; r; 637719; 1088; 237; 67; 237718; 11
5; r; 647334; 1088; 401; 73; 247333; 11
5; r; 649898; 1088; 507; 75; 249897; 7
5; r; 651180; 1088; 144; 63; 251179; 12
5; r; 653103; 1088; 1032; 104; 253102; 9
5; r; 658231; 1088; 762; 89; 258230; 13
5; r; 667207; 1088; 566; 80; 267206; 9
5; r; 669771; 1088; 303; 69; 269770; 10
5; r; 674260; 1088; 30; 55; 274259; 11
5; r; 678747; 1088; 140; 62; 278746; 10
5; r; 811536; 1088; 784; 148; 11535; 3
5; r; 819866; 1088; 451; 126; 19865; 5
5; r; 824351; 1088; 690; 141; 24350; 3
5; r; 824992; 1088; 492; 130; 24991; 7
5; r; 825633; 1088; 1010; 154; 25632; 2
5; r; 840365; 1088; 951; 151; 40364; 1
5; r; 844848; 1088; 17; 110; 44847; 9
5; r; 846770; 1088; 750; 146; 46769; 4
5; r; 855097; 1088; 693; 142; 55096; 11
5; r; 857019; 1088; 551; 134; 57018; 8
5; r; 858300; 1088; 520; 132; 58299; 5
5; r; 865348; 1088; 635; 137; 65347; 6
5; r; 868551; 1088; 342; 121; 68550; 13
5; r; 871114; 1088; 207; 119; 71113; 10
5; r; 873677; 1088; 457; 127; 73676; 5
5; r; 878804; 1088; 315; 120; 78803; 9
5; r; 882648; 1088; 1048; 155; 82647; 3
5; r; 885852; 1088; 752; 147; 85851; 5
5; r; 892898; 1088; 402; 123; 92897; 7
5; r; 894820; 1088; 967; 152; 94819; 7
5; r; 899306; 1088; 415; 124; 99305; 6
5; r; 901869; 1088; 707; 143; 101868; 7
5; r; 908918; 1088; 741; 145; 108917; 7
5; r; 910199; 1088; 186; 118; 110198; 11
5; r; 913402; 1088; 1083; 157; 113401; 1
5; r; 926857; 1088; 58; 112; 126856; 8
5; r; 929420; 1088; 805; 149; 129419; 5
5; r; 935828; 1088; 833; 150; 135827; 6
5; r; 938391; 1088; 525; 133; 138390; 7
5; r; 946721; 1088; 970; 153; 146720; 7
5; r; 951847; 1088; 473; 129; 151846; 9
5; r; 953129; 1088; 438; 125; 153128; 7
5; r; 958896; 1088; 571; 135; 158895; 5
5; r; 960177; 1088; 596; 136; 160176; 11
5; r; 967865; 1088; 156; 115; 167864; 8
5; r; 972990; 1088; 160; 116; 172989; 7
5; r; 976835; 1088; 148; 114; 176834; 8
5; r; 978117; 1088; 93; 113; 178116; 13
5; r; 981961; 1088; 662; 139; 181960; 11
5; r; 983883; 1088; 468; 128; 183882; 7
5; r; 985164; 1088; 183; 117; 185163; 10
5; r; 985804; 1088; 1057; 156; 185803; 9
5; r; 993494; 1088; 10; 109; 193493; 12
5; r; 999902; 1088; 510; 131; 199901; 5
5; r; 1001184; 1088; 665; 140; 201183; 8
5; r; 1004387; 1088; 353; 122; 204386; 6
5; r; 1005669; 1088; 57; 111; 205668; 10
6; r; 2565; 1088; 951; 57; 2564; 1
6; r; 7049; 1088; 523; 30; 7048; 4
6; r; 19220; 1088; 791; 46; 19219; 3
6; r; 23065; 1088; 884; 54; 23064; 2
6; r; 24987; 1088; 847; 51; 24986; 2
6; r; 30751; 1088; 220; 14; 30750; 9
6; r; 36518; 1088; 459; 27; 36517; 7
6; r; 44846; 1088; 785; 45; 44845; 3
6; r; 45486; 1088; 1038; 66; 45485; 6
6; r; 48049; 1088; 219; 13; 48048; 9
6; r; 50612; 1088; 1016; 65; 50611; 1
6; r; 53175; 1088; 806; 47; 53174; 6
6; r; 60223; 1088; 694; 40; 60222; 11
6; r; 64708; 1088; 83; 4; 64707; 9
6; r; 78806; 1088; 308; 21; 78805; 7
6; r; 80087; 1088; 885; 55; 80086; 3
6; r; 80727; 1088; 954; 58; 80726; 3
6; r; 87134; 1088; 513; 29; 87133; 5
6; r; 98026; 1088; 231; 17; 98025; 9
6; r; 101229; 1088; 486; 28; 101228; 5
6; r; 109559; 1088; 874; 53; 109558; 5
6; r; 113403; 1088; 342; 23; 113402; 9
6; r; 117247; 1088; 600; 34; 117246; 10
6; r; 121732; 1088; 582; 32; 121731; 6
6; r; 123013; 1088; 191; 11; 123012; 7
6; r; 138389; 1088; 815; 48; 138388; 4
6; r; 146077; 1088; 695; 41; 146076; 10
6; r; 153766; 1088; 655; 36; 153765; 3
6; r; 156970; 1088; 589; 33; 156969; 5
6; r; 162094; 1088; 378; 25; 162093; 8
6; r; 169782; 1088; 672; 38; 169781; 5
6; r; 174906; 1088; 934; 56; 174905; 4
6; r; 183876; 1088; 1075; 69; 183875; 4
6; r; 184517; 1088; 828; 50; 184516; 7
6; r; 185157; 1088; 148; 9; 185156; 8
6; r; 185798; 1088; 1002; 64; 185797; 5
6; r; 190283; 1088; 632; 35; 190282; 7
6; r; 190924; 1088; 128; 8; 190923; 10
6; r; 202459; 1088; 52; 1; 202458; 8
6; r; 215273; 1088; 322; 22; 215272; 6
6; r; 224885; 1088; 228; 16; 224884; 7
6; r; 225525; 1088; 370; 24; 225524; 11
6; r; 238342; 1088; 769; 42; 238341; 7
6; r; 238983; 1088; 86; 5; 238982; 11
6; r; 242185; 1088; 870; 52; 242184; 7
6; r; 249875; 1088; 967; 60; 249874; 5
6; r; 251797; 1088; 991; 62; 251796; 12
6; r; 258847; 1088; 666; 37; 258846; 9
6; r; 261409; 1088; 408; 26; 261408; 11
6; r; 263972; 1088; 291; 20; 263971; 10
6; r; 274865; 1088; 825; 49; 274864; 9
6; r; 279991; 1088; 163; 10; 279990; 10
6; r; 283837; 1088; 1056; 67; 283836; 11
6; r; 290888; 1088; 968; 61; 290887; 7
6; r; 296657; 1088; 79; 3; 296656; 12
6; r; 300503; 1088; 63; 2; 300502; 9
6; r; 304348; 1088; 117; 7; 304347; 11
6; r; 305630; 1088; 1058; 68; 305629; 8
6; r; 312040; 1088; 772; 44; 312039; 6
6; r; 313963; 1088; 999; 63; 313962; 8
6; r; 317167; 1088; 236; 18; 317166; 11
6; r; 321013; 1088; 574; 31; 321012; 9
6; r; 326782; 1088; 770; 43; 326781; 9
6; r; 344731; 1088; 238; 19; 344730; 10
6; r; 349218; 1088; 101; 6; 349217; 14
6; r; 351783; 1088; 16; 0; 351782; 13
6; r; 353067; 1088; 225; 15; 353066; 9
6; r; 361403; 1088; 212; 12; 361402; 12
6; r; 396709; 1088; 958; 59; 396708; 11
6; r; 421065; 1088; 556; 91; 21064; 3
6; r; 424910; 1088; 915; 107; 24909; 2
6; r; 433237; 1088; 977; 111; 33236; 4
6; r; 433878; 1088; 609; 94; 33877; 6
6; r; 440924; 1088; 505; 90; 40923; 5
6; r; 449252; 1088; 638; 97; 49251; 5
6; r; 453096; 1088; 177; 78; 53095; 8
6; r; 455659; 1088; 753; 101; 55658; 3
6; r; 462065; 1088; 616; 95; 62064; 8
6; r; 462706; 1088; 602; 93; 62705; 8
6; r; 463347; 1088; 646; 98; 63346; 5
6; r; 465910; 1088; 961; 108; 65909; 8
6; r; 479364; 1088; 1010; 114; 79363; 5
6; r; 488334; 1088; 477; 87; 88333; 7
6; r; 495381; 1088; 824; 103; 95380; 2
6; r; 503710; 1088; 686; 99; 103709; 4
6; r; 504991; 1088; 852; 105; 104990; 2
6; r; 508834; 1088; 1013; 115; 108833; 2
6; r; 512037; 1088; 813; 102; 112036; 5
6; r; 522929; 1088; 1045; 116; 122928; 3
6; r; 524211; 1088; 711; 100; 124210; 5
6; r; 533821; 1088; 880; 106; 133820; 3
6; r; 535744; 1088; 127; 76; 135743; 11
6; r; 544075; 1088; 976; 110; 144074; 3
6; r; 544716; 1088; 282; 84; 144715; 8
6; r; 545357; 1088; 266; 83; 145356; 10
6; r; 551126; 1088; 76; 75; 151125; 11
6; r; 560096; 1088; 37; 72; 160095; 14
6; r; 562019; 1088; 496; 89; 162018; 10
6; r; 572271; 1088; 997; 112; 172270; 9
6; r; 574833; 1088; 328; 86; 174832; 6
6; r; 581882; 1088; 255; 82; 181881; 7
6; r; 595978; 1088; 493; 88; 195977; 5
6; r; 599182; 1088; 181; 79; 199181; 10
6; r; 600463; 1088; 963; 109; 200462; 9
6; r; 601103; 1088; 1009; 113; 201102; 8
6; r; 604947; 1088; 14; 71; 204946; 10
6; r; 612637; 1088; 627; 96; 212636; 10
6; r; 616483; 1088; 162; 77; 216482; 9
6; r; 619046; 1088; 57; 73; 219045; 11
6; r; 619687; 1088; 196; 80; 219686; 10
6; r; 626738; 1088; 834; 104; 226737; 9
6; r; 644688; 1088; 68; 74; 244687; 11
6; r; 649176; 1088; 246; 81; 249175; 9
6; r; 711607; 1088; 2; 70; 311606; 15
6; r; 802563; 1088; 480; 141; 2562; 5
6; r; 816017; 1088; 745; 151; 16016; 4
6; r; 824986; 1088; 31; 118; 24985; 9
6; r; 834597; 1088; 1046; 157; 34596; 2
6; r; 840363; 1088; 290; 129; 40362; 7
6; r; 842285; 1088; 389; 137; 42284; 6
6; r; 855098; 1088; 781; 153; 55097; 3
6; r; 863425; 1088; 726; 150; 63424; 10
6; r; 864066; 1088; 723; 149; 64065; 6
6; r; 869191; 1088; 224; 127; 69190; 7
6; r; 878161; 1088; 537; 143; 78160; 9
6; r; 888411; 1088; 308; 131; 88410; 6
6; r; 890973; 1088; 1083; 158; 90972; 1
6; r; 892895; 1088; 607; 144; 92894; 5
6; r; 906987; 1088; 376; 136; 106986; 10
6; r; 908269; 1088; 139; 123; 108268; 11
6; r; 912755; 1088; 64; 121; 112754; 11
6; r; 916600; 1088; 149; 125; 116599; 8
6; r; 923008; 1088; 24; 117; 123007; 9
6; r; 923649; 1088; 638; 148; 123648; 6
6; r; 928133; 1088; 56; 120; 128132; 8
6; r; 944152; 1088; 49; 119; 144151; 9
6; r; 944792; 1088; 634; 147; 144791; 6
6; r; 945433; 1088; 969; 155; 145432; 5
6; r; 946714; 1088; 762; 152; 146713; 9
6; r; 947995; 1088; 103; 122; 147994; 10
6; r; 955044; 1088; 982; 156; 155043; 4
6; r; 957607; 1088; 622; 145; 157606; 4
6; r; 960169; 1088; 328; 132; 160168; 8
6; r; 974265; 1088; 339; 133; 174264; 8
6; r; 976188; 1088; 147; 124; 176187; 11
6; r; 979389; 1088; 364; 135; 179388; 11
6; r; 983875; 1088; 925; 154; 183874; 11
6; r; 992846; 1088; 478; 140; 192845; 11
6; r; 996691; 1088; 633; 146; 196690; 8
6; r; 997332; 1088; 306; 130; 197331; 10
6; r; 1008870; 1088; 405; 138; 208869; 8
6; r; 1015279; 1088; 507; 142; 215278; 8
6; r; 1027459; 1088; 475; 139; 227458; 11
6; r; 1053754; 1088; 282; 128; 253753; 11
6; r; 1057601; 1088; 173; 126; 257600; 11
7; r; 16659; 1088; 1016; 50; 16658; 1
7; r; 37159; 1088; 659; 39; 37158; 4
7; r; 49329; 1088; 95; 5; 49328; 6
7; r; 51252; 1088; 953; 48; 51251; 4
7; r; 52533; 1088; 54; 2; 52532; 9
7; r; 53174; 1088; 564; 34; 53173; 8
7; r; 58939; 1088; 986; 49; 58938; 1
7; r; 60221; 1088; 890; 45; 60220; 1
7; r; 61502; 1088; 624; 37; 61501; 4
7; r; 65345; 1088; 754; 41; 65344; 2
7; r; 71111; 1088; 157; 11; 71110; 8
7; r; 78159; 1088; 292; 20; 78158; 5
7; r; 90970; 1088; 642; 38; 90969; 6
7; r; 91611; 1088; 585; 35; 91610; 4
7; r; 98018; 1088; 114; 8; 98017; 11
7; r; 105066; 1088; 325; 24; 105065; 7
7; r; 106348; 1088; 728; 40; 106347; 8
7; r; 112113; 1088; 1032; 51; 112112; 6
7; r; 114035; 1088; 1082; 53; 114034; 1
7; r; 121081; 1088; 560; 33; 121080; 6
7; r; 133254; 1088; 851; 43; 133253; 3
7; r; 139020; 1088; 942; 47; 139019; 3
7; r; 139661; 1088; 103; 6; 139660; 11
7; r; 140302; 1088; 1087; 54; 140301; 2
7; r; 145429; 1088; 314; 21; 145428; 6
7; r; 163368; 1088; 224; 16; 163367; 8
7; r; 171699; 1088; 929; 46; 171698; 8
7; r; 183873; 1088; 320; 23; 183872; 8
7; r; 188999; 1088; 789; 42; 188998; 4
7; r; 199891; 1088; 489; 30; 199890; 6
7; r; 201813; 1088; 338; 25; 201812; 8
7; r; 202454; 1088; 212; 14; 202453; 7
7; r; 208861; 1088; 83; 4; 208860; 9
7; r; 210142; 1088; 130; 9; 210141; 6
7; r; 221033; 1088; 59; 3; 221032; 8
7; r; 227441; 1088; 867; 44; 227440; 7
7; r; 231927; 1088; 150; 10; 231926; 7
7; r; 251154; 1088; 214; 15; 251153; 7
7; r; 253718; 1088; 165; 12; 253717; 13
7; r; 254359; 1088; 271; 19; 254358; 11
7; r; 269743; 1088; 37; 1; 269742; 13
7; r; 271666; 1088; 194; 13; 271665; 13
7; r; 274230; 1088; 615; 36; 274229; 5
7; r; 279358; 1088; 462; 29; 279357; 10
7; r; 280000; 1088; 367; 26; 279999; 11
7; r; 282564; 1088; 13; 0; 282563; 12
7; r; 287052; 1088; 501; 31; 287051; 10
7; r; 289616; 1088; 318; 22; 289615; 9
7; r; 296030; 1088; 538; 32; 296029; 9
7; r; 296671; 1088; 258; 18; 296670; 11
7; r; 300522; 1088; 113; 7; 300521; 12
7; r; 310788; 1088; 235; 17; 310787; 12
7; r; 317206; 1088; 1042; 52; 317205; 11
7; r; 406409; 1088; 789; 88; 6408; 3
7; r; 419221; 1088; 1079; 100; 19220; 2
7; r; 426909; 1088; 1020; 98; 26908; 1
7; r; 429471; 1088; 922; 95; 29470; 1
7; r; 446767; 1088; 83; 58; 46766; 11
7; r; 455097; 1088; 905; 94; 55096; 8
7; r; 457660; 1088; 661; 81; 57659; 9
7; r; 459582; 1088; 535; 75; 59581; 6
7; r; 470472; 1088; 457; 73; 70471; 5
7; r; 472395; 1088; 837; 91; 72394; 8
7; r; 476881; 1088; 1009; 96; 76880; 4
7; r; 478163; 1088; 418; 71; 78162; 6
7; r; 489695; 1088; 1018; 97; 89694; 2
7; r; 492258; 1088; 872; 92; 92257; 8
7; r; 498024; 1088; 587; 79; 98023; 6
7; r; 499305; 1088; 679; 82; 99304; 3
7; r; 501226; 1088; 686; 83; 101225; 3
7; r; 506992; 1088; 814; 89; 106991; 3
7; r; 508914; 1088; 1043; 99; 108913; 5
7; r; 512118; 1088; 343; 67; 112117; 8
7; r; 518526; 1088; 25; 56; 118525; 9
7; r; 521729; 1088; 574; 77; 121728; 8
7; r; 537107; 1088; 135; 60; 137106; 11
7; r; 548639; 1088; 121; 59; 148638; 10
7; r; 549279; 1088; 738; 84; 149278; 7
7; r; 562734; 1088; 390; 69; 162733; 6
7; r; 567860; 1088; 771; 87; 167859; 6
7; r; 574266; 1088; 171; 61; 174265; 12
7; r; 575548; 1088; 764; 86; 175547; 11
7; r; 578752; 1088; 226; 63; 178751; 6
7; r; 583878; 1088; 234; 65; 183877; 15
7; r; 589004; 1088; 522; 74; 189003; 5
7; r; 596693; 1088; 430; 72; 196692; 11
7; r; 605023; 1088; 313; 66; 205022; 8
7; r; 606946; 1088; 763; 85; 206945; 10
7; r; 613997; 1088; 632; 80; 213996; 9
7; r; 620407; 1088; 402; 70; 220406; 13
7; r; 621048; 1088; 8; 55; 221047; 13
7; r; 622971; 1088; 832; 90; 222970; 8
7; r; 631945; 1088; 229; 64; 231944; 10
7; r; 671703; 1088; 549; 76; 271702; 7
7; r; 691636; 1088; 195; 62; 291635; 8
7; r; 804485; 1088; 950; 145; 4484; 2
7; r; 817294; 1088; 592; 124; 17293; 5
7; r; 817934; 1088; 743; 134; 17933; 5
7; r; 840355; 1088; 619; 127; 40354; 4
7; r; 842277; 1088; 421; 115; 42276; 7
7; r; 843558; 1088; 377; 113; 43557; 7
7; r; 844199; 1088; 659; 129; 44198; 4
7; r; 846762; 1088; 15; 103; 46761; 10
7; r; 851248; 1088; 988; 149; 51247; 1
7; r; 856373; 1088; 980; 148; 56372; 2
7; r; 858296; 1088; 11; 102; 58295; 10
7; r; 875591; 1088; 425; 116; 75590; 6
7; r; 879435; 1088; 977; 147; 79434; 4
7; r; 880716; 1088; 675; 131; 80715; 5
7; r; 883920; 1088; 145; 107; 83919; 10
7; r; 889045; 1088; 1078; 152; 89044; 3
7; r; 898012; 1088; 1006; 150; 98011; 5
7; r; 904420; 1088; 171; 108; 104419; 13
7; r; 906983; 1088; 336; 111; 106982; 9
7; r; 918516; 1088; 914; 143; 118515; 3
7; r; 923001; 1088; 795; 136; 123000; 7
7; r; 924923; 1088; 471; 118; 124922; 9
7; r; 944146; 1088; 88; 105; 144145; 9
7; r; 945427; 1088; 677; 132; 145426; 7
7; r; 952474; 1088; 575; 121; 152473; 7
7; r; 960164; 1088; 187; 109; 160163; 7
7; r; 961446; 1088; 787; 135; 161445; 3
7; r; 967213; 1088; 940; 144; 167212; 6
7; r; 976825; 1088; 660; 130; 176824; 10
7; r; 977466; 1088; 589; 123; 177465; 5
7; r; 982592; 1088; 120; 106; 182591; 8
7; r; 985796; 1088; 800; 137; 185795; 7
7; r; 994766; 1088; 742; 133; 194765; 6
7; r; 997970; 1088; 876; 141; 197969; 5
7; r; 1001173; 1088; 605; 126; 201172; 5
7; r; 1006940; 1088; 494; 119; 206939; 7
7; r; 1009503; 1088; 851; 140; 209502; 6
7; r; 1010784; 1088; 828; 138; 210783; 10
7; r; 1016551; 1088; 588; 122; 216550; 6
7; r; 1022961; 1088; 230; 110; 222960; 7
7; r; 1024243; 1088; 340; 112; 224242; 11
7; r; 1031933; 1088; 468; 117; 231932; 10
7; r; 1044111; 1088; 49; 104; 244110; 9
7; r; 1045394; 1088; 837; 139; 245393; 7
7; r; 1058217; 1088; 957; 146; 258216; 10
7; r; 1060140; 1088; 627; 128; 260139; 10
7; r; 1061422; 1088; 604; 125; 261421; 7
7; r; 1074891; 1088; 9; 101; 274890; 13
7; r; 1103122; 1088; 568; 120; 303121; 10
7; r; 1108270; 1088; 891; 142; 308269; 8
7; r; 1117293; 1088; 401; 114; 317292; 11
8; r; 19867; 1088; 880; 39; 19866; 3
8; r; 23069; 1088; 986; 43; 23068; 1
8; r; 23709; 1088; 1038; 47; 23708; 4
8; r; 51257; 1088; 921; 41; 51256; 1
8; r; 52538; 1088; 601; 27; 52537; 9
8; r; 56383; 1088; 395; 17; 56382; 6
8; r; 58946; 1088; 874; 38; 58945; 4
8; r; 59587; 1088; 830; 36; 59586; 6
8; r; 69197; 1088; 540; 25; 69196; 7
8; r; 69838; 1088; 999; 46; 69837; 6
8; r; 78808; 1088; 199; 10; 78807; 12
8; r; 79448; 1088; 44; 3; 79447; 12
8; r; 90979; 1088; 779; 34; 90978; 4
8; r; 93542; 1088; 689; 31; 93541; 3
8; r; 96104; 1088; 750; 32; 96103; 6
8; r; 99949; 1088; 207; 11; 99948; 8
8; r; 101231; 1088; 54; 5; 101230; 11
8; r; 108281; 1088; 987; 44; 108280; 2
8; r; 109562; 1088; 886; 40; 109561; 2
8; r; 110843; 1088; 599; 26; 110842; 14
8; r; 119811; 1088; 603; 28; 119810; 6
8; r; 124938; 1088; 13; 2; 124937; 12
8; r; 133909; 1088; 335; 13; 133908; 9
8; r; 140314; 1088; 618; 29; 140313; 6
8; r; 149926; 1088; 928; 42; 149925; 11
8; r; 150567; 1088; 503; 21; 150566; 13
8; r; 154411; 1088; 434; 18; 154410; 16
8; r; 175556; 1088; 46; 4; 175555; 9
8; r; 176838; 1088; 109; 7; 176837; 11
8; r; 182604; 1088; 145; 9; 182603; 7
8; r; 183885; 1088; 435; 19; 183884; 11
8; r; 187728; 1088; 996; 45; 187727; 7
8; r; 190931; 1088; 530; 23; 190930; 9
8; r; 191572; 1088; 774; 33; 191571; 6
8; r; 197978; 1088; 318; 12; 197977; 9
8; r; 199899; 1088; 807; 35; 199898; 9
8; r; 215281; 1088; 375; 16; 215280; 7
8; r; 218485; 1088; 438; 20; 218484; 10
8; r; 221048; 1088; 8; 1; 221047; 11
8; r; 224894; 1088; 4; 0; 224893; 11
8; r; 253740; 1088; 537; 24; 253739; 11
8; r; 280040; 1088; 364; 14; 280039; 14
8; r; 289023; 1088; 832; 37; 289022; 8
8; r; 411534; 1088; 942; 88; 11533; 3
8; r; 415380; 1088; 545; 70; 15379; 5
8; r; 428836; 1088; 308; 57; 28835; 8
8; r; 433321; 1088; 636; 74; 33320; 9
8; r; 441650; 1088; 151; 50; 41649; 11
8; r; 444213; 1088; 908; 87; 44212; 5
8; r; 451900; 1088; 786; 78; 51899; 2
8; r; 455103; 1088; 454; 65; 55102; 6
8; r; 461511; 1088; 847; 83; 61510; 2
8; r; 470481; 1088; 184; 53; 70480; 10
8; r; 479450; 1088; 192; 54; 79449; 8
8; r; 482653; 1088; 992; 89; 82652; 9
8; r; 484575; 1088; 338; 61; 84574; 11
8; r; 489059; 1088; 658; 76; 89058; 4
8; r; 494184; 1088; 314; 58; 94183; 7
8; r; 495465; 1088; 204; 55; 95464; 8
8; r; 503792; 1088; 498; 68; 103791; 9
8; r; 511481; 1088; 804; 81; 111480; 7
8; r; 514043; 1088; 906; 86; 114042; 6
8; r; 516605; 1088; 650; 75; 116604; 3
8; r; 517246; 1088; 368; 62; 117245; 12
8; r; 519809; 1088; 787; 79; 119808; 2
8; r; 524293; 1088; 589; 72; 124292; 4
8; r; 527497; 1088; 751; 77; 127496; 3
8; r; 535186; 1088; 533; 69; 135185; 8
8; r; 546077; 1088; 803; 80; 146076; 8
8; r; 550561; 1088; 882; 85; 150560; 3
8; r; 551202; 1088; 117; 49; 151201; 8
8; r; 557610; 1088; 153; 51; 157609; 8
8; r; 564018; 1088; 565; 71; 164017; 7
8; r; 581958; 1088; 476; 67; 181957; 8
8; r; 593493; 1088; 1028; 90; 193492; 7
8; r; 594775; 1088; 430; 64; 194774; 9
8; r; 610152; 1088; 1043; 91; 210151; 4
8; r; 622969; 1088; 426; 63; 222968; 11
8; r; 625533; 1088; 62; 48; 225532; 12
8; r; 627456; 1088; 165; 52; 227455; 13
8; r; 629380; 1088; 330; 59; 229379; 12
8; r; 630021; 1088; 467; 66; 230020; 11
8; r; 640277; 1088; 600; 73; 240276; 11
8; r; 644124; 1088; 858; 84; 244123; 14
8; r; 648614; 1088; 258; 56; 248613; 10
8; r; 655665; 1088; 337; 60; 255664; 16
8; r; 673629; 1088; 837; 82; 273628; 9
8; r; 800001; 1088; 890; 128; 0; 1
8; r; 812174; 1088; 979; 132; 12173; 4
8; r; 824986; 1088; 828; 122; 24985; 8
8; r; 827549; 1088; 1083; 137; 27548; 2
8; r; 839722; 1088; 951; 131; 39721; 1
8; r; 841003; 1088; 873; 127; 41002; 5
8; r; 846129; 1088; 853; 123; 46128; 2
8; r; 847411; 1088; 872; 126; 47410; 4
8; r; 853176; 1088; 113; 99; 53175; 11
8; r; 856380; 1088; 48; 96; 56379; 10
8; r; 857021; 1088; 1049; 134; 57020; 1
8; r; 861505; 1088; 703; 118; 61504; 7
8; r; 874319; 1088; 14; 92; 74318; 12
8; r; 880726; 1088; 1072; 136; 80725; 6
8; r; 886492; 1088; 22; 93; 86491; 11
8; r; 889695; 1088; 344; 109; 89694; 10
8; r; 892258; 1088; 69; 98; 92257; 11
8; r; 903150; 1088; 385; 110; 103149; 7
8; r; 904432; 1088; 314; 107; 104431; 10
8; r; 909557; 1088; 706; 119; 109556; 5
8; r; 917244; 1088; 1037; 133; 117243; 3
8; r; 931341; 1088; 158; 102; 131340; 9
8; r; 944795; 1088; 827; 121; 144794; 8
8; r; 949922; 1088; 122; 100; 149921; 8
8; r; 964017; 1088; 291; 106; 164016; 8
8; r; 964658; 1088; 1060; 135; 164657; 12
8; r; 966580; 1088; 532; 117; 166579; 8
8; r; 969142; 1088; 761; 120; 169141; 9
8; r; 970424; 1088; 281; 105; 170423; 10
8; r; 980035; 1088; 441; 112; 180034; 8
8; r; 987085; 1088; 334; 108; 187084; 9
8; r; 987726; 1088; 457; 113; 187725; 4
8; r; 990289; 1088; 498; 114; 190288; 12
8; r; 994134; 1088; 276; 104; 194133; 11
8; r; 998620; 1088; 26; 94; 198619; 8
8; r; 1010797; 1088; 859; 124; 210796; 12
8; r; 1017206; 1088; 528; 116; 217205; 10
8; r; 1026180; 1088; 34; 95; 226179; 12
8; r; 1027462; 1088; 860; 125; 227461; 11
8; r; 1032592; 1088; 132; 101; 232591; 15
8; r; 1038362; 1088; 504; 115; 238361; 8
8; r; 1041567; 1088; 939; 130; 241566; 7
8; r; 1047337; 1088; 202; 103; 247336; 11
8; r; 1062086; 1088; 400; 111; 262085; 12
9; r; 22425; 1088; 947; 33; 22424; 2
9; r; 23706; 1088; 1019; 36; 23705; 1
9; r; 43567; 1088; 631; 25; 43566; 9
9; r; 45489; 1088; 543; 20; 45488; 8
9; r; 48052; 1088; 253; 10; 48051; 7
9; r; 52537; 1088; 510; 17; 52536; 7
9; r; 54459; 1088; 812; 32; 54458; 4
9; r; 69192; 1088; 395; 13; 69191; 5
9; r; 72396; 1088; 667; 27; 72395; 7
9; r; 87774; 1088; 176; 8; 87773; 10
9; r; 88414; 1088; 691; 28; 88413; 2
9; r; 89695; 1088; 698; 29; 89694; 8
9; r; 96741; 1088; 156; 7; 96740; 7
9; r; 104430; 1088; 953; 34; 104429; 1
9; r; 114041; 1088; 458; 16; 114040; 7
9; r; 114682; 1088; 378; 12; 114681; 7
9; r; 121729; 1088; 535; 19; 121728; 8
9; r; 123010; 1088; 6; 0; 123009; 13
9; r; 126854; 1088; 729; 30; 126853; 7
9; r; 131339; 1088; 558; 21; 131338; 6
9; r; 132620; 1088; 513; 18; 132619; 8
9; r; 133261; 1088; 97; 5; 133260; 9
9; r; 135183; 1088; 23; 1; 135182; 12
9; r; 136465; 1088; 775; 31; 136464; 4
9; r; 139028; 1088; 569; 23; 139027; 8
9; r; 145436; 1088; 1065; 37; 145435; 6
9; r; 155689; 1088; 274; 11; 155688; 8
9; r; 160816; 1088; 594; 24; 160815; 11
9; r; 165301; 1088; 421; 15; 165300; 6
9; r; 167864; 1088; 57; 3; 167863; 9
9; r; 181961; 1088; 654; 26; 181960; 8
9; r; 189011; 1088; 44; 2; 189010; 13
9; r; 190292; 1088; 130; 6; 190291; 9
9; r; 196701; 1088; 226; 9; 196700; 10
9; r; 407690; 1088; 1085; 103; 7689; 1
9; r; 424348; 1088; 755; 86; 24347; 5
9; r; 429472; 1088; 1072; 102; 29471; 4
9; r; 431395; 1088; 934; 93; 31394; 7
9; r; 446129; 1088; 93; 42; 46128; 11
9; r; 452535; 1088; 551; 74; 52534; 5
9; r; 453175; 1088; 915; 91; 53174; 2
9; r; 453816; 1088; 652; 80; 53815; 3
9; r; 457020; 1088; 468; 67; 57019; 9
9; r; 458301; 1088; 917; 92; 58300; 2
9; r; 462146; 1088; 940; 95; 62145; 4
9; r; 464709; 1088; 79; 41; 64708; 11
9; r; 468554; 1088; 281; 58; 68553; 9
9; r; 476885; 1088; 525; 71; 76884; 3
9; r; 478807; 1088; 540; 72; 78806; 8
9; r; 480729; 1088; 7; 38; 80728; 10
9; r; 482010; 1088; 1027; 99; 82009; 8
9; r; 500591; 1088; 1018; 98; 100590; 1
9; r; 505718; 1088; 811; 88; 105717; 4
9; r; 507640; 1088; 13; 39; 107639; 10
9; r; 512125; 1088; 420; 63; 112124; 6
9; r; 512766; 1088; 898; 90; 112765; 6
9; r; 515969; 1088; 159; 46; 115968; 9
9; r; 516610; 1088; 187; 49; 116609; 14
9; r; 521735; 1088; 677; 82; 121734; 5
9; r; 523657; 1088; 214; 53; 123656; 11
9; r; 524298; 1088; 687; 83; 124297; 4
9; r; 528783; 1088; 411; 62; 128782; 8
9; r; 530065; 1088; 564; 75; 130064; 9
9; r; 533910; 1088; 343; 60; 133909; 9
9; r; 540959; 1088; 439; 65; 140958; 7
9; r; 551853; 1088; 613; 77; 151852; 6
9; r; 552494; 1088; 1002; 97; 152493; 5
9; r; 566590; 1088; 832; 89; 166589; 7
9; r; 567231; 1088; 259; 55; 167230; 7
9; r; 567872; 1088; 541; 73; 167871; 5
9; r; 568513; 1088; 621; 78; 168512; 5
9; r; 569795; 1088; 770; 87; 169794; 7
9; r; 571077; 1088; 648; 79; 171076; 6
9; r; 575562; 1088; 574; 76; 175561; 6
9; r; 591582; 1088; 466; 66; 191581; 9
9; r; 601193; 1088; 386; 61; 201192; 7
9; r; 607600; 1088; 206; 51; 207599; 12
9; r; 612726; 1088; 163; 47; 212725; 8
9; r; 614007; 1088; 339; 59; 214006; 8
9; r; 621695; 1088; 697; 85; 221694; 8
9; r; 626823; 1088; 937; 94; 226822; 8
9; r; 628104; 1088; 666; 81; 228103; 8
9; r; 630027; 1088; 172; 48; 230026; 11
9; r; 635792; 1088; 964; 96; 235791; 7
9; r; 640919; 1088; 41; 40; 240918; 10
9; r; 642200; 1088; 212; 52; 242199; 9
9; r; 646044; 1088; 224; 54; 246043; 9
9; r; 651170; 1088; 503; 70; 251169; 9
9; r; 652452; 1088; 501; 69; 252451; 8
9; r; 666550; 1088; 156; 45; 266549; 9
9; r; 667191; 1088; 474; 68; 267190; 8
9; r; 667832; 1088; 107; 43; 267831; 12
9; r; 670396; 1088; 435; 64; 270395; 9
9; r; 671037; 1088; 149; 44; 271036; 11
9; r; 685138; 1088; 268; 56; 285137; 13
9; r; 713347; 1088; 1061; 101; 313346; 11
9; r; 728736; 1088; 1031; 100; 328735; 7
9; r; 734508; 1088; 696; 84; 334507; 10
9; r; 809618; 1088; 626; 134; 9617; 4
9; r; 821148; 1088; 917; 152; 21147; 3
9; r; 824991; 1088; 945; 154; 24990; 3
9; r; 833320; 1088; 281; 119; 33319; 8
9; r; 834602; 1088; 638; 135; 34601; 9
9; r; 837166; 1088; 778; 145; 37165; 7
9; r; 845493; 1088; 967; 156; 45492; 6
9; r; 846134; 1088; 814; 147; 46133; 3
9; r; 849337; 1088; 862; 149; 49336; 7
9; r; 857024; 1088; 1068; 161; 57023; 6
9; r; 869199; 1088; 874; 150; 69198; 4
9; r; 875606; 1088; 816; 148; 75605; 3
9; r; 876247; 1088; 600; 132; 76246; 8
9; r; 884575; 1088; 329; 121; 84574; 11
9; r; 886498; 1088; 272; 118; 86497; 9
9; r; 889702; 1088; 56; 106; 89701; 9
9; r; 890343; 1088; 755; 143; 90342; 3
9; r; 891625; 1088; 650; 136; 91624; 4
9; r; 892906; 1088; 653; 138; 92905; 4
9; r; 896750; 1088; 1085; 162; 96749; 1
9; r; 902516; 1088; 1048; 159; 102515; 2
9; r; 910207; 1088; 921; 153; 110206; 1
9; r; 912129; 1088; 651; 137; 112128; 4
9; r; 918535; 1088; 520; 128; 118534; 4
9; r; 919176; 1088; 149; 110; 119175; 8
9; r; 921739; 1088; 1038; 158; 121738; 4
9; r; 939040; 1088; 47; 105; 139039; 9
9; r; 940322; 1088; 545; 130; 140321; 5
9; r; 970436; 1088; 378; 124; 170435; 8
9; r; 974921; 1088; 1027; 157; 174920; 9
9; r; 983891; 1088; 803; 146; 183890; 5
9; r; 997986; 1088; 164; 112; 197985; 9
9; r; 998627; 1088; 898; 151; 198626; 6
9; r; 999267; 1088; 562; 131; 199266; 9
9; r; 1004393; 1088; 766; 144; 204392; 8
9; r; 1006956; 1088; 357; 122; 206955; 6
9; r; 1010801; 1088; 96; 108; 210800; 10
9; r; 1012083; 1088; 1061; 160; 212082; 12
9; r; 1022976; 1088; 664; 139; 222975; 12
9; r; 1026822; 1088; 964; 155; 226821; 9
9; r; 1027463; 1088; 373; 123; 227462; 13
9; r; 1032589; 1088; 495; 127; 232588; 11
9; r; 1033871; 1088; 162; 111; 233870; 7
9; r; 1034512; 1088; 249; 116; 234511; 8
9; r; 1039638; 1088; 86; 107; 239637; 7
9; r; 1042201; 1088; 698; 140; 242200; 8
9; r; 1051173; 1088; 265; 117; 251172; 12
9; r; 1052455; 1088; 126; 109; 252454; 7
9; r; 1080656; 1088; 45; 104; 280655; 11
9; r; 1083220; 1088; 214; 115; 283219; 8
9; r; 1094119; 1088; 201; 114; 294118; 14
9; r; 1098606; 1088; 179; 113; 298605; 10
9; r; 1101171; 1088; 300; 120; 301170; 11
9; r; 1110786; 1088; 441; 126; 310785; 9
9; r; 1130677; 1088; 422; 125; 330676; 11
