iter; type; time slot; d_nodes; s_nodes; pid; nslot; nhop
0; r; 458175; 1599; 647; 8; 417476; 9
0; r; 478814; 1599; 868; 51; 5000; 4
0; r; 484725; 1599; 1314; 19; 414872; 2
0; r; 489323; 1599; 821; 52; 14506; 6
0; r; 492664; 1599; 1336; 53; 7351; 4
0; r; 515138; 1599; 1005; 55; 16089; 9
0; r; 519026; 1599; 885; 54; 22247; 10
0; r; 524939; 1599; 1235; 56; 7398; 2
0; r; 526962; 1599; 892; 10; 479926; 10
0; r; 542611; 1599; 730; 57; 17446; 9
0; r; 559358; 1599; 165; 22; 483219; 14
0; r; 562570; 1599; 969; 20; 491040; 8
0; r; 577982; 1599; 281; 3; 552167; 13
0; r; 583763; 1599; 933; 59; 52096; 8
0; r; 592114; 1599; 693; 58; 62349; 9
0; r; 596618; 1599; 1502; 64; 21787; 3
0; r; 612006; 1599; 363; 61; 63959; 10
0; r; 626770; 1599; 400; 62; 71870; 15
0; r; 630618; 1599; 319; 68; 37975; 7
0; r; 635754; 1599; 1497; 63; 70747; 6
0; r; 644738; 1599; 1393; 69; 51391; 1
0; r; 649238; 1599; 700; 32; 535162; 9
0; r; 653729; 1599; 1173; 35; 523306; 8
0; r; 658860; 1599; 921; 67; 67150; 10
0; r; 662070; 1599; 610; 66; 83254; 10
0; r; 662711; 1599; 735; 44; 486049; 7
0; r; 687757; 1599; 788; 60; 148739; 7
0; r; 689683; 1599; 986; 65; 112687; 6
0; r; 694829; 1599; 1445; 46; 507738; 8
0; r; 703847; 1599; 1416; 28; 614894; 10
0; r; 717346; 1599; 787; 42; 548018; 6
0; r; 735350; 1599; 210; 40; 579188; 12
0; r; 742422; 1599; 442; 18; 672673; 15
0; r; 805439; 1599; 938; 70; 3258; 5
0; r; 1270147; 1599; 221; 95; 418210; 7
0; r; 1284970; 1599; 1397; 105; 400782; 1
0; r; 1310635; 1599; 1290; 82; 489854; 7
0; r; 1327033; 1599; 1577; 78; 511238; 7
0; r; 1357235; 1599; 1112; 120; 432085; 3
0; r; 1364351; 1599; 684; 121; 429955; 9
0; r; 1367674; 1599; 1507; 129; 409966; 3
0; r; 1377593; 1599; 651; 89; 543365; 8
0; r; 1387348; 1599; 1333; 107; 502068; 6
0; r; 1389939; 1599; 1247; 86; 561138; 10
0; r; 1396599; 1599; 42; 125; 453634; 11
0; r; 1419538; 1599; 430; 116; 507303; 7
0; r; 1423410; 1599; 705; 108; 538008; 6
0; r; 1425988; 1599; 943; 83; 604392; 7
0; r; 1434416; 1599; 795; 74; 621965; 8
0; r; 1436352; 1599; 1059; 106; 551928; 7
0; r; 1442807; 1599; 982; 128; 489370; 6
0; r; 1443462; 1599; 372; 77; 628530; 11
0; r; 1476248; 1599; 370; 130; 517246; 10
0; r; 1504223; 1599; 487; 133; 515655; 8
1; r; 10268; 1599; 1436; 70; 10267; 1
1; r; 14114; 1599; 1110; 58; 14113; 3
1; r; 427727; 1599; 1113; 59; 427726; 4
1; r; 451083; 1599; 1298; 64; 451082; 5
1; r; 467347; 1599; 612; 32; 467346; 8
1; r; 478175; 1599; 583; 27; 478174; 7
1; r; 484350; 1599; 1031; 48; 484349; 5
1; r; 503354; 1599; 134; 10; 503353; 13
1; r; 526981; 1599; 1452; 72; 526980; 7
1; r; 541803; 1599; 1059; 53; 541802; 5
1; r; 545053; 1599; 200; 13; 545052; 13
1; r; 546359; 1599; 515; 26; 546358; 7
1; r; 547660; 1599; 1240; 63; 547659; 12
1; r; 555242; 1599; 1572; 76; 555241; 6
1; r; 559208; 1599; 389; 18; 559207; 7
1; r; 568155; 1599; 260; 16; 568154; 10
1; r; 568871; 1599; 882; 41; 568870; 14
1; r; 569569; 1599; 1025; 47; 569568; 6
1; r; 579651; 1599; 1421; 69; 579650; 6
1; r; 583079; 1599; 115; 8; 583078; 9
1; r; 587819; 1599; 610; 31; 587818; 8
1; r; 599561; 1599; 82; 5; 599560; 13
1; r; 609877; 1599; 242; 14; 609876; 11
1; r; 622809; 1599; 694; 35; 622808; 8
1; r; 643084; 1599; 811; 38; 643083; 10
1; r; 647065; 1599; 428; 22; 647064; 9
1; r; 652238; 1599; 257; 15; 652237; 10
1; r; 680801; 1599; 66; 3; 680800; 13
1; r; 697011; 1599; 7; 0; 458051; 12
1; r; 807067; 1599; 1537; 155; 7066; 5
1; r; 1236831; 1599; 74; 83; 436830; 7
1; r; 1250284; 1599; 1126; 129; 450283; 8
1; r; 1265690; 1599; 178; 90; 465689; 11
1; r; 1269695; 1599; 1461; 151; 469694; 4
1; r; 1291222; 1599; 486; 101; 491221; 10
1; r; 1307312; 1599; 56; 82; 507311; 13
1; r; 1320406; 1599; 702; 108; 520405; 6
1; r; 1325438; 1599; 595; 105; 525437; 8
1; r; 1334195; 1599; 172; 88; 534194; 11
1; r; 1354403; 1599; 250; 92; 554402; 14
1; r; 1362829; 1599; 491; 102; 562828; 8
1; r; 1379056; 1599; 1131; 130; 579055; 8
1; r; 1379709; 1599; 136; 87; 579708; 12
1; r; 1386967; 1599; 89; 84; 586966; 13
1; r; 1408708; 1599; 1285; 146; 608707; 11
1; r; 1413234; 1599; 51; 81; 613233; 12
1; r; 1419734; 1599; 1451; 150; 619733; 7
1; r; 1426933; 1599; 173; 89; 626932; 13
1; r; 1432825; 1599; 1403; 149; 632824; 9
1; r; 1435454; 1599; 1490; 153; 635453; 8
1; r; 1443669; 1599; 1564; 160; 643668; 11
1; r; 1446712; 1599; 331; 94; 646711; 11
1; r; 1462452; 1599; 346; 95; 662451; 10
1; r; 1484211; 1599; 43; 79; 684210; 15
1; r; 1490040; 1599; 46; 80; 690039; 16
1; r; 1503786; 1599; 536; 104; 703785; 12
2; r; 8345; 1599; 1540; 70; 8344; 5
2; r; 12190; 1599; 1195; 53; 12189; 3
2; r; 16681; 1599; 1009; 45; 16680; 6
2; r; 25657; 1599; 638; 28; 25656; 5
2; r; 35912; 1599; 1380; 66; 35911; 3
2; r; 39759; 1599; 412; 19; 39758; 7
2; r; 41681; 1599; 1476; 68; 41680; 1
2; r; 46167; 1599; 1234; 58; 46166; 3
2; r; 50658; 1599; 100; 6; 50657; 9
2; r; 54504; 1599; 1554; 71; 54503; 2
2; r; 60277; 1599; 298; 17; 60276; 10
2; r; 60918; 1599; 177; 11; 60917; 10
2; r; 64123; 1599; 758; 36; 64122; 5
2; r; 66045; 1599; 226; 14; 66044; 9
2; r; 75022; 1599; 860; 44; 75021; 6
2; r; 76945; 1599; 475; 23; 76944; 7
2; r; 78227; 1599; 1205; 55; 78226; 9
2; r; 80150; 1599; 1033; 47; 80149; 5
2; r; 95535; 1599; 1066; 48; 95534; 4
2; r; 504193; 1599; 218; 13; 504192; 9
2; r; 518822; 1599; 552; 25; 518821; 7
2; r; 529996; 1599; 43; 2; 529995; 12
2; r; 536616; 1599; 429; 21; 536615; 7
2; r; 552157; 1599; 804; 38; 552156; 11
2; r; 576681; 1599; 1330; 63; 576680; 7
2; r; 600009; 1599; 130; 9; 600008; 14
2; r; 625162; 1599; 155; 10; 625161; 10
2; r; 625834; 1599; 1227; 57; 625833; 4
2; r; 626560; 1599; 101; 7; 626559; 11
2; r; 632297; 1599; 1186; 52; 632296; 6
2; r; 660342; 1599; 243; 15; 660341; 12
2; r; 804491; 1599; 1277; 130; 4490; 2
2; r; 807057; 1599; 1510; 145; 7056; 2
2; r; 808980; 1599; 1353; 132; 8979; 2
2; r; 825661; 1599; 839; 107; 25660; 4
2; r; 827583; 1599; 731; 102; 27582; 9
2; r; 830147; 1599; 959; 111; 30146; 3
2; r; 832069; 1599; 1522; 147; 32068; 8
2; r; 834632; 1599; 1439; 139; 34631; 1
2; r; 835273; 1599; 511; 91; 35272; 5
2; r; 840405; 1599; 1476; 142; 40404; 1
2; r; 851299; 1599; 479; 89; 51298; 7
2; r; 854508; 1599; 51; 73; 54507; 9
2; r; 855790; 1599; 1591; 148; 55789; 2
2; r; 856431; 1599; 551; 94; 56430; 6
2; r; 864766; 1599; 773; 106; 64765; 7
2; r; 865408; 1599; 1125; 123; 65407; 8
2; r; 883355; 1599; 1197; 129; 83354; 2
2; r; 885278; 1599; 1094; 119; 85277; 6
2; r; 892331; 1599; 500; 90; 92330; 8
2; r; 1304591; 1599; 327; 84; 504590; 11
2; r; 1307835; 1599; 1100; 122; 507834; 8
2; r; 1309162; 1599; 66; 74; 509161; 10
2; r; 1350362; 1599; 1095; 120; 550361; 7
2; r; 1352945; 1599; 650; 98; 552944; 11
2; r; 1372036; 1599; 210; 81; 572035; 12
2; r; 1374011; 1599; 1048; 113; 574010; 8
2; r; 1379887; 1599; 1286; 131; 579886; 9
2; r; 1396270; 1599; 1018; 112; 596269; 8
2; r; 1401822; 1599; 924; 109; 601821; 8
2; r; 1406405; 1599; 446; 87; 606404; 11
2; r; 1407710; 1599; 1137; 124; 607709; 8
2; r; 1422906; 1599; 538; 93; 622905; 9
2; r; 1432293; 1599; 1096; 121; 632292; 9
3; r; 17953; 1599; 948; 47; 17952; 4
3; r; 32053; 1599; 1405; 77; 32052; 6
3; r; 40386; 1599; 1344; 71; 40385; 3
3; r; 42309; 1599; 1117; 56; 42308; 3
3; r; 42950; 1599; 974; 49; 42949; 6
3; r; 52564; 1599; 874; 46; 52563; 4
3; r; 55128; 1599; 1190; 62; 55127; 4
3; r; 60898; 1599; 1333; 70; 60897; 6
3; r; 62180; 1599; 449; 25; 62179; 9
3; r; 467306; 1599; 1303; 66; 467305; 6
3; r; 474878; 1599; 295; 19; 474877; 9
3; r; 478855; 1599; 1066; 53; 478854; 4
3; r; 493864; 1599; 42; 4; 493863; 12
3; r; 501599; 1599; 1450; 80; 501598; 8
3; r; 506141; 1599; 556; 32; 506140; 6
3; r; 508084; 1599; 806; 44; 508083; 8
3; r; 508730; 1599; 310; 20; 508729; 8
3; r; 529777; 1599; 1165; 59; 529776; 9
3; r; 563179; 1599; 541; 31; 563178; 7
3; r; 567069; 1599; 1241; 64; 567068; 11
3; r; 569638; 1599; 220; 15; 569637; 7
3; r; 578006; 1599; 121; 10; 443031; 9
3; r; 584437; 1599; 1381; 74; 584436; 6
3; r; 586366; 1599; 203; 14; 586365; 13
3; r; 606999; 1599; 1108; 54; 606998; 5
3; r; 610216; 1599; 3; 0; 610215; 14
3; r; 621205; 1599; 1298; 65; 621204; 8
3; r; 625135; 1599; 130; 11; 625134; 11
3; r; 656167; 1599; 852; 45; 656166; 8
3; r; 657461; 1599; 481; 27; 657460; 14
3; r; 669219; 1599; 377; 21; 669218; 12
3; r; 677622; 1599; 55; 5; 677621; 13
3; r; 680212; 1599; 276; 18; 680211; 10
3; r; 682844; 1599; 88; 9; 682843; 15
3; r; 814739; 1599; 1543; 169; 14738; 4
3; r; 816662; 1599; 439; 110; 16661; 5
3; r; 834608; 1599; 358; 103; 34607; 6
3; r; 841661; 1599; 508; 112; 41660; 6
3; r; 843584; 1599; 1354; 163; 43583; 1
3; r; 851913; 1599; 863; 134; 51912; 5
3; r; 855760; 1599; 1198; 155; 55759; 3
3; r; 857683; 1599; 84; 87; 57682; 11
3; r; 858324; 1599; 831; 131; 58323; 4
3; r; 859605; 1599; 1182; 154; 59604; 5
3; r; 1282328; 1599; 904; 136; 482327; 5
3; r; 1289154; 1599; 1250; 158; 489153; 7
3; r; 1299007; 1599; 1176; 151; 499006; 5
3; r; 1304292; 1599; 180; 92; 504291; 11
3; r; 1306912; 1599; 966; 142; 506911; 9
3; r; 1311525; 1599; 1540; 168; 511524; 4
3; r; 1323282; 1599; 588; 117; 523281; 6
3; r; 1329749; 1599; 335; 98; 529748; 10
3; r; 1331099; 1599; 749; 126; 531098; 6
3; r; 1354494; 1599; 257; 96; 554493; 10
3; r; 1357785; 1599; 351; 100; 557784; 8
3; r; 1375005; 1599; 140; 90; 575004; 8
3; r; 1406654; 1599; 911; 137; 606653; 5
3; r; 1427186; 1599; 409; 108; 627185; 10
3; r; 1443738; 1599; 695; 123; 643737; 10
3; r; 1445054; 1599; 606; 120; 645053; 11
3; r; 1448363; 1599; 660; 122; 648362; 8
3; r; 1455931; 1599; 1082; 146; 655930; 9
3; r; 1497005; 1599; 865; 135; 697004; 7
3; r; 1513082; 1599; 16; 83; 713081; 13
4; r; 8342; 1599; 1514; 73; 8341; 1
4; r; 15391; 1599; 1389; 66; 15390; 3
4; r; 21802; 1599; 1479; 71; 21801; 1
4; r; 24366; 1599; 1352; 65; 24365; 2
4; r; 25007; 1599; 540; 28; 25006; 7
4; r; 33984; 1599; 1544; 75; 33983; 3
4; r; 37830; 1599; 639; 33; 37829; 5
4; r; 41677; 1599; 613; 32; 41676; 8
4; r; 46804; 1599; 114; 9; 46803; 8
4; r; 55137; 1599; 118; 10; 55136; 10
4; r; 81415; 1599; 1546; 76; 81414; 3
4; r; 85903; 1599; 420; 20; 85902; 8
4; r; 86544; 1599; 1540; 74; 86543; 4
4; r; 92316; 1599; 665; 34; 92315; 8
4; r; 97445; 1599; 909; 44; 97444; 4
4; r; 98727; 1599; 21; 3; 98726; 10
4; r; 102573; 1599; 1119; 53; 102572; 3
4; r; 106421; 1599; 1350; 64; 106420; 2
4; r; 108985; 1599; 190; 12; 108984; 7
4; r; 109626; 1599; 1503; 72; 109625; 3
4; r; 110908; 1599; 319; 17; 110907; 11
4; r; 114754; 1599; 865; 40; 114753; 6
4; r; 115396; 1599; 461; 24; 115395; 10
4; r; 119242; 1599; 922; 45; 119241; 10
4; r; 128216; 1599; 1340; 62; 128215; 5
4; r; 131421; 1599; 720; 36; 131420; 10
4; r; 132062; 1599; 975; 46; 132061; 6
4; r; 139753; 1599; 568; 30; 139752; 7
4; r; 552525; 1599; 466; 26; 552524; 8
4; r; 564729; 1599; 899; 43; 564728; 7
4; r; 571159; 1599; 1449; 69; 571158; 8
4; r; 577590; 1599; 573; 31; 577589; 8
4; r; 582746; 1599; 336; 18; 582745; 11
4; r; 585971; 1599; 17; 1; 501085; 11
4; r; 594333; 1599; 846; 38; 594332; 13
4; r; 609200; 1599; 303; 16; 609199; 9
4; r; 610488; 1599; 687; 35; 610487; 10
4; r; 616328; 1599; 99; 7; 616327; 12
4; r; 650708; 1599; 1406; 68; 650707; 11
4; r; 654128; 1599; 407; 19; 654127; 12
4; r; 806418; 1599; 918; 129; 6417; 4
4; r; 810270; 1599; 1062; 139; 10269; 5
4; r; 812193; 1599; 1190; 143; 12192; 3
4; r; 827579; 1599; 678; 116; 27578; 5
4; r; 828860; 1599; 1034; 135; 28859; 3
4; r; 829502; 1599; 1437; 157; 29501; 1
4; r; 841043; 1599; 575; 113; 41042; 8
4; r; 851938; 1599; 1484; 161; 51937; 9
4; r; 856424; 1599; 807; 119; 56423; 8
4; r; 875654; 1599; 666; 115; 75653; 6
4; r; 876295; 1599; 1463; 159; 76294; 3
4; r; 878858; 1599; 11; 79; 78857; 9
4; r; 884627; 1599; 534; 109; 84626; 9
4; r; 887191; 1599; 1281; 152; 87190; 9
4; r; 904495; 1599; 914; 128; 104494; 5
4; r; 908981; 1599; 1044; 136; 108980; 7
4; r; 916673; 1599; 1388; 155; 116672; 2
4; r; 917955; 1599; 871; 126; 117954; 4
4; r; 925005; 1599; 977; 132; 125004; 7
4; r; 928210; 1599; 1274; 151; 128209; 2
4; r; 934621; 1599; 1195; 144; 134620; 2
4; r; 937185; 1599; 362; 99; 137184; 11
4; r; 941672; 1599; 566; 111; 141671; 10
4; r; 942313; 1599; 39; 81; 142312; 11
4; r; 1348689; 1599; 234; 89; 548688; 7
4; r; 1349975; 1599; 633; 114; 549974; 6
4; r; 1350620; 1599; 908; 127; 550619; 6
4; r; 1352545; 1599; 836; 122; 552544; 5
4; r; 1373212; 1599; 1054; 138; 573211; 6
4; r; 1375150; 1599; 165; 84; 575149; 13
4; r; 1376444; 1599; 922; 130; 576443; 11
4; r; 1388051; 1599; 1003; 134; 588050; 10
4; r; 1389982; 1599; 377; 102; 589981; 8
4; r; 1398349; 1599; 219; 88; 598348; 9
4; r; 1402859; 1599; 824; 121; 602858; 7
4; r; 1403500; 1599; 284; 92; 603499; 14
4; r; 1408013; 1599; 302; 94; 608012; 9
4; r; 1411970; 1599; 30; 80; 611969; 11
4; r; 1416645; 1599; 419; 104; 616644; 11
4; r; 1427826; 1599; 851; 124; 627825; 9
4; r; 1443547; 1599; 212; 86; 643546; 11
4; r; 1452978; 1599; 1127; 141; 652977; 10
4; r; 1480450; 1599; 1051; 137; 680449; 9
5; r; 9623; 1599; 1232; 48; 9622; 2
5; r; 12190; 1599; 1118; 42; 12189; 2
5; r; 21169; 1599; 1157; 43; 21168; 3
5; r; 26937; 1599; 1576; 67; 26936; 5
5; r; 31424; 1599; 1469; 61; 31423; 3
5; r; 36549; 1599; 1037; 38; 36548; 3
5; r; 40396; 1599; 1594; 69; 40395; 1
5; r; 41677; 1599; 736; 25; 41676; 7
5; r; 452626; 1599; 1330; 53; 452625; 6
5; r; 467715; 1599; 97; 3; 467714; 10
5; r; 470394; 1599; 834; 29; 470393; 5
5; r; 471087; 1599; 1400; 58; 471086; 10
5; r; 478430; 1599; 1255; 49; 478429; 6
5; r; 481124; 1599; 885; 30; 481123; 10
5; r; 523178; 1599; 306; 9; 523177; 9
5; r; 537660; 1599; 77; 1; 537659; 10
5; r; 555905; 1599; 469; 19; 555904; 8
5; r; 564413; 1599; 804; 28; 564412; 11
5; r; 571563; 1599; 24; 0; 571562; 13
5; r; 576925; 1599; 1520; 65; 576924; 11
5; r; 604914; 1599; 749; 26; 604913; 7
5; r; 610717; 1599; 84; 2; 417670; 14
5; r; 619835; 1599; 457; 18; 619834; 9
5; r; 621132; 1599; 364; 13; 621131; 13
5; r; 630376; 1599; 326; 11; 630375; 12
5; r; 644937; 1599; 481; 21; 644936; 15
5; r; 650963; 1599; 441; 17; 650962; 14
5; r; 658770; 1599; 392; 14; 658769; 10
5; r; 807707; 1599; 712; 103; 7706; 5
5; r; 817968; 1599; 1119; 121; 17967; 3
5; r; 818610; 1599; 736; 106; 18609; 6
5; r; 826305; 1599; 1438; 140; 26304; 1
5; r; 833997; 1599; 976; 115; 33996; 6
5; r; 840405; 1599; 1155; 124; 40404; 2
5; r; 841046; 1599; 1146; 123; 41045; 3
5; r; 1248606; 1599; 1338; 134; 448605; 5
5; r; 1251860; 1599; 950; 111; 451859; 3
5; r; 1258968; 1599; 192; 73; 458967; 9
5; r; 1264804; 1599; 83; 70; 464803; 12
5; r; 1274219; 1599; 880; 110; 474218; 10
5; r; 1281402; 1599; 249; 80; 481401; 10
5; r; 1288264; 1599; 1395; 138; 488263; 1
5; r; 1300072; 1599; 1270; 131; 500071; 3
5; r; 1301414; 1599; 506; 93; 501413; 6
5; r; 1339074; 1599; 292; 84; 539073; 14
5; r; 1340379; 1599; 1040; 120; 540378; 12
5; r; 1352110; 1599; 337; 86; 552109; 9
5; r; 1377292; 1599; 245; 79; 577291; 10
5; r; 1383121; 1599; 224; 78; 583120; 10
5; r; 1403285; 1599; 969; 113; 603284; 8
5; r; 1413077; 1599; 688; 100; 613076; 10
5; r; 1423046; 1599; 284; 83; 623045; 14
6; r; 24998; 1599; 1279; 51; 24997; 2
6; r; 25639; 1599; 879; 34; 25638; 4
6; r; 26921; 1599; 897; 35; 26920; 6
6; r; 27562; 1599; 1399; 53; 27561; 1
6; r; 30125; 1599; 994; 39; 30124; 4
6; r; 37176; 1599; 665; 25; 37175; 6
6; r; 43586; 1599; 1025; 41; 43585; 5
6; r; 55762; 1599; 790; 29; 55761; 4
6; r; 56403; 1599; 1411; 54; 56402; 6
6; r; 62175; 1599; 957; 37; 62174; 4
6; r; 65380; 1599; 1441; 55; 65379; 8
6; r; 69226; 1599; 1397; 52; 69225; 1
6; r; 71790; 1599; 45; 1; 71789; 11
6; r; 73072; 1599; 1588; 67; 73071; 3
6; r; 80126; 1599; 1476; 60; 80125; 1
6; r; 82689; 1599; 1466; 58; 82688; 3
6; r; 87817; 1599; 78; 4; 87816; 9
6; r; 93586; 1599; 800; 30; 93585; 10
6; r; 97432; 1599; 560; 22; 97431; 10
6; r; 107688; 1599; 91; 6; 107687; 11
6; r; 108971; 1599; 1507; 63; 108970; 2
6; r; 111534; 1599; 448; 19; 111533; 10
6; r; 112175; 1599; 268; 10; 112174; 9
6; r; 114097; 1599; 85; 5; 114096; 11
6; r; 124994; 1599; 945; 36; 124993; 6
6; r; 130122; 1599; 351; 15; 130121; 7
6; r; 130763; 1599; 1543; 65; 130762; 4
6; r; 131404; 1599; 525; 20; 131403; 11
6; r; 133327; 1599; 633; 24; 133326; 6
6; r; 135250; 1599; 1468; 59; 135249; 3
6; r; 140379; 1599; 1014; 40; 140378; 7
6; r; 144868; 1599; 1464; 57; 144867; 3
6; r; 149995; 1599; 1231; 46; 149994; 3
6; r; 156405; 1599; 1482; 61; 156404; 8
6; r; 158328; 1599; 14; 0; 158327; 12
6; r; 167305; 1599; 1244; 48; 167304; 8
6; r; 172437; 1599; 92; 7; 172436; 11
6; r; 178847; 1599; 821; 32; 178846; 5
6; r; 180772; 1599; 293; 11; 180771; 8
6; r; 189755; 1599; 1201; 44; 189754; 10
6; r; 191037; 1599; 559; 21; 191036; 6
6; r; 199371; 1599; 710; 27; 199370; 6
6; r; 203859; 1599; 801; 31; 203858; 9
6; r; 205143; 1599; 1111; 42; 205142; 4
6; r; 213485; 1599; 1455; 56; 213484; 5
6; r; 823079; 1599; 1585; 148; 23078; 3
6; r; 825003; 1599; 626; 98; 25002; 6
6; r; 829487; 1599; 792; 111; 29486; 4
6; r; 832052; 1599; 1182; 125; 32051; 4
6; r; 839743; 1599; 372; 88; 39742; 10
6; r; 841664; 1599; 1370; 136; 41663; 7
6; r; 846794; 1599; 1236; 129; 46793; 3
6; r; 848076; 1599; 1428; 140; 48075; 3
6; r; 858973; 1599; 1593; 149; 58972; 1
6; r; 862818; 1599; 1558; 146; 62817; 1
6; r; 865381; 1599; 1410; 138; 65380; 8
6; r; 868586; 1599; 1581; 147; 68585; 5
6; r; 871791; 1599; 1220; 127; 71790; 4
6; r; 875637; 1599; 67; 71; 75636; 9
6; r; 881406; 1599; 679; 104; 81405; 6
6; r; 891021; 1599; 680; 105; 91020; 12
6; r; 913455; 1599; 894; 117; 113454; 6
6; r; 914737; 1599; 640; 100; 114736; 9
6; r; 931403; 1599; 710; 107; 131402; 4
6; r; 934608; 1599; 165; 78; 134607; 12
6; r; 943585; 1599; 1284; 131; 143584; 9
6; r; 944226; 1599; 299; 83; 144225; 9
6; r; 945508; 1599; 1255; 130; 145507; 6
6; r; 948712; 1599; 535; 93; 148711; 8
6; r; 954481; 1599; 1487; 144; 154480; 6
6; r; 960250; 1599; 1443; 142; 160249; 7
6; r; 963456; 1599; 1085; 120; 163455; 10
6; r; 966019; 1599; 533; 92; 166018; 8
6; r; 966659; 1599; 1411; 139; 166658; 6
6; r; 967300; 1599; 1337; 135; 167299; 6
6; r; 978199; 1599; 706; 106; 178198; 7
6; r; 980763; 1599; 1187; 126; 180762; 4
6; r; 985252; 1599; 428; 91; 185251; 6
6; r; 989098; 1599; 861; 115; 189097; 6
6; r; 996797; 1599; 584; 97; 196796; 7
6; r; 998720; 1599; 1325; 133; 198719; 7
6; r; 1001926; 1599; 161; 77; 201925; 11
6; r; 1005772; 1599; 45; 69; 205771; 14
6; r; 1011544; 1599; 105; 72; 211543; 9
6; r; 1013468; 1599; 312; 84; 213467; 7
6; r; 1432909; 1599; 364; 86; 632908; 12
6; r; 1445521; 1599; 815; 112; 645520; 9
6; r; 1456069; 1599; 368; 87; 656068; 12
6; r; 1468468; 1599; 328; 85; 668467; 9
6; r; 1495726; 1599; 225; 82; 695725; 8
6; r; 1505820; 1599; 1162; 124; 705819; 8
7; r; 1932; 1599; 1438; 63; 1931; 1
7; r; 2573; 1599; 1514; 66; 2572; 1
7; r; 7705; 1599; 1439; 64; 7704; 1
7; r; 18610; 1599; 1479; 65; 18609; 1
7; r; 20533; 1599; 1269; 57; 20532; 3
7; r; 21174; 1599; 958; 45; 21173; 3
7; r; 25019; 1599; 1018; 48; 25018; 5
7; r; 25660; 1599; 1349; 58; 25659; 2
7; r; 35918; 1599; 1558; 69; 35917; 1
7; r; 36559; 1599; 1418; 61; 36558; 4
7; r; 42328; 1599; 667; 29; 42327; 6
7; r; 50665; 1599; 0; 0; 50664; 13
7; r; 59635; 1599; 302; 13; 59634; 8
7; r; 62199; 1599; 1549; 68; 62198; 2
7; r; 62841; 1599; 281; 12; 62840; 10
7; r; 67970; 1599; 1061; 52; 67969; 5
7; r; 73738; 1599; 1161; 56; 73737; 8
7; r; 74379; 1599; 567; 24; 74378; 10
7; r; 80792; 1599; 990; 47; 80791; 5
7; r; 82073; 1599; 1431; 62; 82072; 2
7; r; 484829; 1599; 855; 40; 484828; 7
7; r; 494619; 1599; 205; 8; 494618; 11
7; r; 496587; 1599; 1019; 49; 496586; 6
7; r; 506404; 1599; 311; 16; 506403; 8
7; r; 539670; 1599; 306; 14; 539669; 8
7; r; 540321; 1599; 121; 3; 540320; 13
7; r; 565095; 1599; 602; 25; 565094; 12
7; r; 571027; 1599; 361; 19; 447569; 11
7; r; 574316; 1599; 871; 41; 574315; 7
7; r; 583440; 1599; 777; 37; 583439; 7
7; r; 600937; 1599; 125; 4; 600936; 14
7; r; 606206; 1599; 701; 31; 606205; 8
7; r; 625761; 1599; 782; 38; 625760; 8
7; r; 645759; 1599; 326; 17; 645758; 11
7; r; 801934; 1599; 1277; 137; 1933; 2
7; r; 804503; 1599; 1278; 138; 4502; 2
7; r; 808353; 1599; 1592; 155; 8352; 1
7; r; 812840; 1599; 1559; 152; 12839; 1
7; r; 822455; 1599; 1038; 130; 22454; 3
7; r; 832706; 1599; 992; 129; 32705; 4
7; r; 836553; 1599; 1399; 143; 36552; 1
7; r; 845527; 1599; 196; 81; 45526; 6
7; r; 851296; 1599; 915; 119; 51295; 3
7; r; 852577; 1599; 918; 120; 52576; 5
7; r; 867316; 1599; 1118; 133; 67315; 3
7; r; 870521; 1599; 559; 102; 70520; 6
7; r; 872444; 1599; 829; 110; 72443; 5
7; r; 875008; 1599; 1046; 131; 75007; 7
7; r; 877572; 1599; 452; 96; 77571; 9
7; r; 880775; 1599; 835; 111; 80774; 4
7; r; 881416; 1599; 260; 84; 81415; 7
7; r; 1289445; 1599; 158; 79; 489444; 9
7; r; 1298967; 1599; 303; 89; 498966; 9
7; r; 1319202; 1599; 767; 109; 519201; 9
7; r; 1328430; 1599; 312; 91; 528429; 9
7; r; 1331026; 1599; 156; 78; 531025; 8
7; r; 1333637; 1599; 201; 82; 533636; 13
7; r; 1342683; 1599; 967; 127; 542682; 7
7; r; 1361403; 1599; 366; 93; 561402; 13
7; r; 1365269; 1599; 262; 86; 565268; 9
7; r; 1395605; 1599; 93; 75; 595604; 12
7; r; 1396248; 1599; 1266; 136; 596247; 4
7; r; 1400773; 1599; 720; 108; 600772; 12
7; r; 1403360; 1599; 1520; 150; 603359; 12
7; r; 1415718; 1599; 1540; 151; 615717; 6
7; r; 1423012; 1599; 900; 115; 623011; 7
7; r; 1439000; 1599; 963; 125; 638999; 10
7; r; 1451430; 1599; 163; 80; 651429; 13
7; r; 1471293; 1599; 489; 97; 671292; 11
7; r; 1478843; 1599; 261; 85; 678842; 12
7; r; 1480146; 1599; 77; 71; 680145; 8
7; r; 1481457; 1599; 904; 116; 681456; 7
7; r; 1487270; 1599; 384; 95; 687269; 10
7; r; 1487920; 1599; 89; 74; 687919; 14
7; r; 1493133; 1599; 279; 88; 693132; 9
7; r; 1498385; 1599; 887; 114; 698384; 11
7; r; 1502334; 1599; 1442; 147; 702333; 10
8; r; 13481; 1599; 1491; 68; 13480; 5
8; r; 28858; 1599; 1154; 46; 28857; 2
8; r; 30781; 1599; 969; 39; 30780; 8
8; r; 41676; 1599; 1237; 56; 41675; 2
8; r; 58339; 1599; 1057; 42; 58338; 6
8; r; 59620; 1599; 1270; 59; 59619; 3
8; r; 74360; 1599; 512; 19; 74359; 7
8; r; 87179; 1599; 18; 3; 87178; 9
8; r; 87820; 1599; 1536; 70; 87819; 5
8; r; 90384; 1599; 343; 13; 90383; 8
8; r; 92307; 1599; 1575; 73; 92306; 7
8; r; 98074; 1599; 500; 18; 98073; 7
8; r; 103201; 1599; 314; 11; 103200; 8
8; r; 103842; 1599; 1159; 47; 103841; 2
8; r; 108329; 1599; 255; 9; 108328; 10
8; r; 517626; 1599; 825; 36; 517625; 5
8; r; 523450; 1599; 751; 31; 523449; 5
8; r; 524137; 1599; 1275; 60; 524136; 3
8; r; 533181; 1599; 776; 32; 533180; 9
8; r; 538980; 1599; 10; 1; 538979; 13
8; r; 550322; 1599; 228; 7; 550321; 10
8; r; 561127; 1599; 780; 33; 561126; 7
8; r; 574331; 1599; 359; 14; 574330; 8
8; r; 575714; 1599; 1236; 55; 575713; 4
8; r; 594361; 1599; 516; 20; 594360; 9
8; r; 596481; 1599; 903; 38; 596480; 7
8; r; 620815; 1599; 17; 2; 620814; 13
8; r; 623317; 1599; 1480; 67; 623316; 11
8; r; 633711; 1599; 571; 22; 633710; 12
8; r; 636279; 1599; 101; 4; 472380; 10
8; r; 666210; 1599; 1; 0; 666209; 14
8; r; 672902; 1599; 230; 8; 672901; 13
8; r; 804496; 1599; 1435; 141; 4495; 1
8; r; 816042; 1599; 1557; 148; 16041; 1
8; r; 817325; 1599; 1216; 131; 17324; 5
8; r; 819249; 1599; 1398; 140; 19248; 1
8; r; 824378; 1599; 1595; 150; 24377; 1
8; r; 836554; 1599; 913; 117; 36553; 4
8; r; 838476; 1599; 1566; 149; 38475; 7
8; r; 841040; 1599; 1177; 130; 41039; 5
8; r; 842322; 1599; 122; 77; 42321; 12
8; r; 858344; 1599; 1246; 134; 58343; 6
8; r; 866036; 1599; 635; 100; 66035; 5
8; r; 872445; 1599; 801; 114; 72444; 8
8; r; 873725; 1599; 1051; 123; 73724; 6
8; r; 880775; 1599; 758; 110; 80774; 5
8; r; 882058; 1599; 907; 116; 82057; 4
8; r; 887189; 1599; 1154; 129; 87188; 3
8; r; 894881; 1599; 272; 83; 94880; 9
8; r; 900009; 1599; 1089; 126; 100008; 9
8; r; 910264; 1599; 485; 96; 110263; 9
8; r; 1321915; 1599; 466; 93; 521914; 8
8; r; 1343907; 1599; 127; 78; 543906; 11
8; r; 1354686; 1599; 1510; 147; 554685; 3
8; r; 1355993; 1599; 674; 105; 555992; 8
8; r; 1394308; 1599; 782; 112; 594307; 8
8; r; 1397019; 1599; 1240; 133; 597018; 10
8; r; 1410038; 1599; 971; 119; 610037; 8
8; r; 1414670; 1599; 477; 94; 614669; 7
8; r; 1432773; 1599; 548; 98; 632772; 7
8; r; 1437281; 1599; 664; 103; 637280; 7
8; r; 1440533; 1599; 514; 97; 640532; 7
8; r; 1446998; 1599; 1463; 143; 646997; 4
8; r; 1447650; 1599; 247; 82; 460595; 12
8; r; 1455435; 1599; 450; 92; 655434; 11
8; r; 1458665; 1599; 306; 86; 658664; 10
8; r; 1461879; 1599; 1494; 145; 661878; 8
8; r; 1463172; 1599; 1052; 124; 663171; 8
8; r; 1479299; 1599; 645; 102; 679298; 10
8; r; 1479944; 1599; 220; 81; 679943; 10
8; r; 1488340; 1599; 314; 87; 688339; 11
8; r; 1502007; 1599; 286; 85; 702006; 13
8; r; 1505921; 1599; 332; 88; 705920; 10
8; r; 1506573; 1599; 376; 90; 706572; 10
8; r; 1507301; 1599; 483; 95; 707300; 10
9; r; 5135; 1599; 1318; 67; 5134; 1
9; r; 23725; 1599; 345; 24; 23724; 7
9; r; 33981; 1599; 1357; 69; 33980; 1
9; r; 39110; 1599; 820; 46; 39109; 6
9; r; 42318; 1599; 1199; 62; 42317; 2
9; r; 55776; 1599; 1147; 60; 55775; 4
9; r; 57058; 1599; 1066; 56; 57057; 3
9; r; 58980; 1599; 498; 32; 58979; 7
9; r; 60262; 1599; 425; 29; 60261; 6
9; r; 60903; 1599; 1268; 65; 60902; 3
9; r; 64106; 1599; 1458; 74; 64105; 5
9; r; 76926; 1599; 1078; 58; 76925; 3
9; r; 89743; 1599; 767; 43; 89742; 9
9; r; 101280; 1599; 364; 26; 101279; 10
9; r; 105125; 1599; 494; 31; 105124; 9
9; r; 116664; 1599; 1400; 70; 116663; 8
9; r; 128200; 1599; 1055; 55; 128199; 7
9; r; 135892; 1599; 582; 34; 135891; 6
9; r; 136533; 1599; 390; 28; 136532; 8
9; r; 137174; 1599; 774; 44; 137173; 7
9; r; 139737; 1599; 53; 4; 139736; 10
9; r; 149352; 1599; 822; 47; 149351; 5
9; r; 150634; 1599; 1075; 57; 150633; 4
9; r; 152557; 1599; 81; 6; 152556; 13
9; r; 161531; 1599; 742; 42; 161530; 8
9; r; 164095; 1599; 720; 41; 164094; 10
9; r; 169222; 1599; 1587; 79; 169221; 4
9; r; 177553; 1599; 1306; 66; 177552; 4
9; r; 179476; 1599; 1135; 59; 179475; 6
9; r; 182040; 1599; 83; 7; 182039; 10
9; r; 191658; 1599; 201; 15; 191657; 14
9; r; 196146; 1599; 37; 3; 196145; 9
9; r; 198070; 1599; 279; 20; 198069; 7
9; r; 207690; 1599; 33; 2; 207689; 8
9; r; 223721; 1599; 238; 18; 223720; 10
9; r; 224362; 1599; 518; 33; 224361; 6
9; r; 225003; 1599; 338; 23; 225002; 10
9; r; 226926; 1599; 686; 40; 226925; 9
9; r; 229493; 1599; 303; 21; 229492; 9
9; r; 230134; 1599; 631; 36; 230133; 7
9; r; 251933; 1599; 969; 51; 251932; 7
9; r; 258351; 1599; 664; 38; 258350; 7
9; r; 264126; 1599; 1444; 73; 264125; 8
9; r; 266049; 1599; 925; 50; 266048; 9
9; r; 267974; 1599; 884; 49; 267973; 9
9; r; 276315; 1599; 32; 1; 276314; 9
9; r; 280807; 1599; 263; 19; 280806; 10
9; r; 282094; 1599; 226; 17; 282093; 8
9; r; 285945; 1599; 1181; 61; 285944; 5
9; r; 292371; 1599; 94; 8; 292370; 9
9; r; 303941; 1599; 188; 13; 303940; 9
9; r; 304583; 1599; 95; 9; 304582; 11
9; r; 309096; 1599; 223; 16; 309095; 11
9; r; 312309; 1599; 644; 37; 312308; 11
9; r; 316813; 1599; 165; 10; 316812; 11
9; r; 318110; 1599; 190; 14; 318109; 10
9; r; 320699; 1599; 355; 25; 320698; 8
9; r; 324582; 1599; 1019; 53; 324581; 5
9; r; 326557; 1599; 854; 48; 326556; 7
9; r; 330505; 1599; 680; 39; 330504; 12
9; r; 332494; 1599; 1010; 52; 332493; 8
9; r; 807701; 1599; 1589; 150; 7700; 3
9; r; 808988; 1599; 790; 114; 8987; 4
9; r; 816683; 1599; 1277; 134; 16682; 2
9; r; 833349; 1599; 1117; 126; 33348; 2
9; r; 834631; 1599; 113; 87; 34630; 9
9; r; 835913; 1599; 1356; 138; 35912; 1
9; r; 848091; 1599; 1235; 130; 48090; 2
9; r; 861552; 1599; 1530; 148; 61551; 8
9; r; 865398; 1599; 918; 121; 65397; 4
9; r; 866680; 1599; 1335; 137; 66679; 5
9; r; 867321; 1599; 1419; 142; 67320; 4
9; r; 873089; 1599; 1069; 124; 73088; 3
9; r; 875653; 1599; 1222; 128; 75652; 5
9; r; 877577; 1599; 526; 106; 77576; 9
9; r; 878859; 1599; 1306; 135; 78858; 4
9; r; 883344; 1599; 1066; 123; 83343; 4
9; r; 885267; 1599; 1374; 140; 85266; 5
9; r; 898085; 1599; 364; 94; 98084; 12
9; r; 904495; 1599; 1275; 133; 104494; 2
9; r; 910905; 1599; 1443; 144; 110904; 8
9; r; 912187; 1599; 1150; 127; 112186; 3
9; r; 914110; 1599; 913; 120; 114109; 4
9; r; 929499; 1599; 53; 82; 129498; 10
9; r; 930140; 1599; 497; 101; 130139; 9
9; r; 935908; 1599; 10; 81; 135907; 10
9; r; 937190; 1599; 159; 89; 137189; 9
9; r; 939754; 1599; 337; 93; 139753; 8
9; r; 941677; 1599; 8; 80; 141676; 13
9; r; 946806; 1599; 923; 122; 146805; 9
9; r; 962194; 1599; 1560; 149; 162193; 9
9; r; 964117; 1599; 78; 83; 164116; 11
9; r; 966682; 1599; 94; 85; 166681; 12
9; r; 974378; 1599; 81; 84; 174377; 13
9; r; 975020; 1599; 1310; 136; 175019; 2
9; r; 977585; 1599; 426; 99; 177584; 6
9; r; 979510; 1599; 595; 108; 179509; 6
9; r; 980151; 1599; 810; 115; 180150; 7
9; r; 982718; 1599; 1249; 131; 182717; 7
9; r; 984643; 1599; 1099; 125; 184642; 6
9; r; 986569; 1599; 179; 90; 186568; 10
9; r; 994912; 1599; 289; 91; 194911; 10
9; r; 997484; 1599; 813; 117; 197483; 8
9; r; 1000052; 1599; 506; 103; 200051; 7
9; r; 1006469; 1599; 390; 95; 206468; 8
9; r; 1007751; 1599; 523; 105; 207750; 10
9; r; 1011600; 1599; 508; 104; 211599; 10
9; r; 1012881; 1599; 1251; 132; 212880; 6
9; r; 1014164; 1599; 102; 86; 214163; 9
9; r; 1019943; 1599; 742; 112; 219942; 7
9; r; 1023796; 1599; 648; 110; 223795; 8
9; r; 1030222; 1599; 903; 119; 230221; 5
9; r; 1034073; 1599; 422; 98; 234072; 9
9; r; 1054014; 1599; 396; 97; 254013; 8
9; r; 1056585; 1599; 1365; 139; 256584; 8
