iter; type; time slot; d_nodes; s_nodes; pid; nslot; nhop
0; r; 27713; 1088; 229; 0; 19929; 7
0; r; 41813; 1088; 331; 1; 33771; 10
0; r; 70666; 1088; 163; 4; 31930; 9
0; r; 80918; 1088; 529; 5; 36951; 16
0; r; 96297; 1088; 733; 7; 45135; 6
0; r; 100779; 1088; 750; 2; 87117; 5
0; r; 112316; 1088; 107; 8; 60016; 10
0; r; 128338; 1088; 861; 6; 81100; 10
0; r; 129619; 1088; 939; 18; 20614; 7
0; r; 130900; 1088; 603; 12; 49371; 8
0; r; 155250; 1088; 593; 15; 64855; 4
0; r; 171908; 1088; 1015; 26; 7403; 2
0; r; 183446; 1088; 374; 19; 69333; 7
0; r; 185370; 1088; 425; 17; 84732; 5
0; r; 200110; 1088; 1038; 10; 134873; 5
0; r; 208443; 1088; 19; 23; 68570; 10
0; r; 212930; 1088; 115; 16; 114703; 8
0; r; 226388; 1088; 735; 24; 84242; 6
0; r; 227669; 1088; 103; 13; 142927; 12
0; r; 250747; 1088; 715; 29; 50475; 5
0; r; 254591; 1088; 388; 27; 70501; 8
0; r; 274470; 1088; 352; 20; 155724; 6
0; r; 298840; 1088; 141; 25; 148656; 10
0; r; 723649; 1088; 936; 46; 106087; 5
0; r; 728776; 1088; 490; 43; 130084; 6
0; r; 730057; 1088; 785; 50; 72452; 4
0; r; 733262; 1088; 925; 36; 235407; 12
0; r; 737106; 1088; 498; 35; 250901; 14
0; r; 739669; 1088; 122; 47; 116891; 9
0; r; 742232; 1088; 164; 22; 602442; 11
0; r; 744795; 1088; 40; 14; 657671; 13
0; r; 746077; 1088; 767; 39; 198829; 9
0; r; 754408; 1088; 1074; 38; 211975; 8
0; r; 758894; 1088; 225; 51; 96429; 7
0; r; 760176; 1088; 255; 45; 144907; 9
0; r; 767864; 1088; 22; 30; 541700; 10
0; r; 769145; 1088; 808; 33; 299142; 13
0; r; 769786; 1088; 174; 40; 221065; 10
0; r; 775552; 1088; 932; 55; 81069; 6
0; r; 784522; 1088; 804; 49; 127790; 6
0; r; 785804; 1088; 776; 3; 754609; 18
0; r; 792852; 1088; 525; 48; 138932; 3
0; r; 803745; 1088; 744; 52; 127984; 5
0; r; 806308; 1088; 806; 54; 116290; 6
0; r; 810795; 1088; 863; 41; 247959; 12
0; r; 830664; 1088; 101; 53; 151111; 11
0; r; 841557; 1088; 518; 44; 233645; 9
0; r; 851812; 1088; 552; 37; 319093; 10
0; r; 871676; 1088; 360; 34; 390267; 12
0; r; 892831; 1088; 200; 21; 760829; 12
0; r; 903729; 1088; 880; 58; 53901; 5
0; r; 917187; 1088; 601; 9; 855324; 17
0; r; 938971; 1088; 171; 60; 75784; 10
0; r; 944738; 1088; 77; 56; 131480; 11
0; r; 945379; 1088; 404; 69; 28094; 8
0; r; 964604; 1088; 470; 72; 22710; 10
0; r; 978060; 1088; 473; 66; 75753; 8
0; r; 982547; 1088; 1024; 68; 70484; 9
0; r; 983189; 1088; 521; 62; 95420; 6
0; r; 992802; 1088; 1086; 64; 99386; 1
0; r; 1004338; 1088; 800; 75; 47631; 6
0; r; 1022284; 1088; 114; 73; 67213; 9
0; r; 1076763; 1088; 842; 65; 179592; 4
0; r; 1082531; 1088; 931; 78; 107312; 9
0; r; 1101762; 1088; 307; 63; 213792; 11
0; r; 1105610; 1088; 1030; 76; 144333; 9
0; r; 1529822; 1088; 183; 67; 618056; 9
0; r; 1533027; 1088; 866; 61; 656683; 21
0; r; 1538793; 1088; 770; 82; 524623; 7
0; r; 1555452; 1088; 188; 70; 628305; 17
0; r; 1563781; 1088; 887; 85; 513374; 5
0; r; 1565703; 1088; 138; 81; 579012; 11
0; r; 1566985; 1088; 172; 80; 581793; 17
0; r; 1616324; 1088; 474; 89; 517006; 14
0; r; 1618247; 1088; 511; 74; 661716; 7
0; r; 1618888; 1088; 149; 59; 761016; 21
0; r; 1622093; 1088; 1045; 71; 693474; 22
0; r; 1624656; 1088; 43; 88; 536966; 17
0; r; 1629781; 1088; 860; 83; 611520; 13
0; r; 1631064; 1088; 821; 84; 612587; 9
0; r; 1647085; 1088; 722; 77; 681424; 12
0; r; 1677214; 1088; 986; 86; 607126; 6
0; r; 1698366; 1088; 1075; 79; 719412; 11
1; r; 1924; 1088; 989; 48; 1923; 1
1; r; 24346; 1088; 913; 46; 24345; 3
1; r; 28829; 1088; 816; 43; 28828; 3
1; r; 29470; 1088; 259; 11; 29469; 6
1; r; 32032; 1088; 663; 37; 32031; 7
1; r; 53813; 1088; 224; 8; 53812; 7
1; r; 63423; 1088; 1055; 50; 63422; 1
1; r; 78159; 1088; 558; 30; 78158; 4
1; r; 83925; 1088; 182; 7; 83924; 8
1; r; 85847; 1088; 962; 47; 85846; 10
1; r; 106350; 1088; 519; 27; 106349; 5
1; r; 115322; 1088; 510; 25; 115321; 9
1; r; 115963; 1088; 262; 12; 115962; 9
1; r; 118525; 1088; 440; 21; 118524; 9
1; r; 119166; 1088; 516; 26; 119165; 8
1; r; 123652; 1088; 672; 38; 123651; 10
1; r; 126856; 1088; 277; 14; 126855; 8
1; r; 132623; 1088; 649; 35; 132622; 5
1; r; 550257; 1088; 648; 34; 550256; 6
1; r; 582944; 1088; 34; 2; 582943; 14
1; r; 598971; 1088; 569; 32; 598970; 13
1; r; 618847; 1088; 653; 36; 618846; 9
1; r; 622691; 1088; 896; 44; 622690; 11
1; r; 653451; 1088; 16; 0; 653450; 11
1; r; 672678; 1088; 740; 40; 672677; 6
1; r; 687416; 1088; 494; 23; 687415; 9
1; r; 699593; 1088; 238; 10; 699592; 14
1; r; 712409; 1088; 570; 33; 712408; 15
1; r; 720098; 1088; 390; 18; 720097; 14
1; r; 720738; 1088; 421; 20; 720737; 10
1; r; 726507; 1088; 166; 4; 726506; 11
1; r; 750218; 1088; 338; 15; 750217; 13
1; r; 750858; 1088; 359; 16; 750857; 6
1; r; 762394; 1088; 509; 24; 762393; 11
1; r; 768161; 1088; 105; 3; 768160; 14
1; r; 777133; 1088; 269; 13; 777132; 15
1; r; 789310; 1088; 907; 45; 789309; 9
1; r; 791233; 1088; 416; 19; 791232; 18
1; r; 795717; 1088; 168; 5; 795716; 12
1; r; 797640; 1088; 565; 31; 797639; 22
1; r; 807251; 1088; 855; 101; 7250; 2
1; r; 814298; 1088; 537; 78; 14297; 7
1; r; 827113; 1088; 764; 41; 827112; 13
1; r; 827754; 1088; 884; 102; 27753; 2
1; r; 833518; 1088; 1080; 106; 33517; 2
1; r; 847615; 1088; 173; 6; 847614; 16
1; r; 848255; 1088; 624; 88; 48254; 3
1; r; 850177; 1088; 452; 22; 850176; 18
1; r; 858506; 1088; 754; 95; 58505; 3
1; r; 860429; 1088; 204; 58; 60428; 11
1; r; 864913; 1088; 578; 83; 64912; 6
1; r; 887337; 1088; 688; 91; 87336; 3
1; r; 897588; 1088; 261; 62; 97587; 6
1; r; 898229; 1088; 636; 90; 98228; 7
1; r; 912965; 1088; 516; 76; 112964; 4
1; r; 913606; 1088; 439; 73; 113605; 7
1; r; 914247; 1088; 701; 93; 114246; 7
1; r; 922576; 1088; 599; 86; 122575; 10
1; r; 1352040; 1088; 489; 74; 552039; 4
1; r; 1353322; 1088; 427; 71; 553321; 5
1; r; 1367424; 1088; 570; 82; 567423; 8
1; r; 1390496; 1088; 126; 56; 590495; 8
1; r; 1407800; 1088; 47; 55; 607799; 20
1; r; 1408441; 1088; 631; 89; 608440; 10
1; r; 1411646; 1088; 738; 94; 611645; 8
1; r; 1462279; 1088; 615; 87; 662278; 8
1; r; 1467406; 1088; 798; 97; 667405; 7
1; r; 1469329; 1088; 586; 85; 669328; 8
1; r; 1508418; 1088; 14; 53; 708417; 13
1; r; 1519314; 1088; 320; 66; 719313; 8
1; r; 1521237; 1088; 407; 69; 721236; 17
1; r; 1526362; 1088; 802; 99; 726361; 14
1; r; 1537258; 1088; 964; 103; 737257; 11
1; r; 1539821; 1088; 382; 67; 739820; 11
1; r; 1543665; 1088; 566; 81; 743664; 17
1; r; 1553919; 1088; 1037; 105; 753918; 16
1; r; 1559044; 1088; 211; 59; 759043; 19
1; r; 1564170; 1088; 528; 77; 764169; 16
1; r; 1569938; 1088; 773; 96; 769937; 13
1; r; 1577628; 1088; 538; 79; 777627; 16
1; r; 1598774; 1088; 268; 63; 798773; 13
1; r; 1617359; 1088; 128; 57; 817358; 18
1; r; 1622487; 1088; 695; 92; 822486; 13
1; r; 1623769; 1088; 24; 54; 823768; 16
1; r; 1640434; 1088; 584; 84; 840433; 21
1; r; 1664795; 1088; 2; 52; 864794; 19
2; r; 7047; 1088; 1040; 50; 7046; 4
2; r; 17938; 1088; 738; 33; 17937; 6
2; r; 26268; 1088; 813; 37; 26267; 3
2; r; 29470; 1088; 628; 28; 29469; 10
2; r; 32675; 1088; 797; 35; 32674; 7
2; r; 40364; 1088; 590; 26; 40363; 4
2; r; 47411; 1088; 527; 21; 47410; 5
2; r; 58942; 1088; 434; 16; 58941; 8
2; r; 60865; 1088; 302; 11; 60864; 11
2; r; 69196; 1088; 1050; 53; 69195; 1
2; r; 70478; 1088; 763; 34; 70477; 9
2; r; 75604; 1088; 650; 29; 75603; 3
2; r; 76244; 1088; 724; 31; 76243; 3
2; r; 77526; 1088; 817; 38; 77525; 2
2; r; 83933; 1088; 969; 46; 83932; 5
2; r; 90341; 1088; 244; 10; 90340; 7
2; r; 92263; 1088; 313; 12; 92262; 8
2; r; 97390; 1088; 353; 13; 97389; 7
2; r; 102518; 1088; 819; 39; 102517; 3
2; r; 115332; 1088; 548; 24; 115331; 8
2; r; 117255; 1088; 452; 18; 117254; 5
2; r; 123023; 1088; 473; 19; 123022; 8
2; r; 126227; 1088; 203; 9; 126226; 10
2; r; 128790; 1088; 933; 45; 128789; 5
2; r; 129431; 1088; 812; 36; 129430; 4
2; r; 132635; 1088; 994; 47; 132634; 10
2; r; 137119; 1088; 1033; 49; 137118; 10
2; r; 142888; 1088; 623; 27; 142887; 4
2; r; 552810; 1088; 1048; 52; 552809; 7
2; r; 557296; 1088; 179; 6; 557295; 10
2; r; 559218; 1088; 907; 43; 559217; 8
2; r; 559859; 1088; 197; 8; 559858; 9
2; r; 567549; 1088; 862; 42; 567548; 7
2; r; 602163; 1088; 533; 22; 602162; 13
2; r; 618828; 1088; 439; 17; 618827; 9
2; r; 628440; 1088; 574; 25; 628439; 15
2; r; 630363; 1088; 843; 41; 630362; 15
2; r; 674585; 1088; 508; 20; 674584; 12
2; r; 707273; 1088; 186; 7; 707272; 14
2; r; 727780; 1088; 925; 44; 727779; 13
2; r; 776491; 1088; 408; 14; 776490; 17
2; r; 777132; 1088; 51; 1; 777131; 17
2; r; 790591; 1088; 78; 4; 790590; 16
2; r; 818142; 1088; 805; 90; 18141; 6
2; r; 823909; 1088; 948; 101; 23908; 2
2; r; 838004; 1088; 982; 106; 38003; 2
2; r; 838645; 1088; 989; 107; 38644; 1
2; r; 848896; 1088; 980; 105; 48895; 2
2; r; 854020; 1088; 724; 86; 54019; 3
2; r; 855302; 1088; 841; 92; 55301; 6
2; r; 877090; 1088; 787; 89; 77089; 2
2; r; 880935; 1088; 403; 71; 80934; 10
2; r; 886061; 1088; 279; 63; 86060; 11
2; r; 889265; 1088; 786; 88; 89264; 4
2; r; 893111; 1088; 408; 72; 93110; 8
2; r; 894392; 1088; 288; 64; 94391; 7
2; r; 896314; 1088; 503; 78; 96313; 12
2; r; 896955; 1088; 942; 99; 96954; 3
2; r; 900160; 1088; 943; 100; 100159; 10
2; r; 903364; 1088; 872; 93; 103363; 5
2; r; 905286; 1088; 357; 69; 105285; 6
2; r; 920025; 1088; 1050; 112; 120024; 2
2; r; 933482; 1088; 1013; 109; 133481; 3
2; r; 936686; 1088; 597; 79; 136685; 12
2; r; 941172; 1088; 756; 87; 141171; 3
2; r; 941813; 1088; 426; 73; 141812; 4
2; r; 946940; 1088; 695; 85; 146939; 8
2; r; 1351894; 1088; 964; 103; 551893; 11
2; r; 1369200; 1088; 435; 75; 569199; 12
2; r; 1370482; 1088; 829; 91; 570481; 13
2; r; 1373687; 1088; 1069; 113; 573686; 10
2; r; 1393558; 1088; 959; 102; 593557; 11
2; r; 1396122; 1088; 331; 67; 596121; 11
2; r; 1396763; 1088; 117; 58; 596762; 9
2; r; 1398686; 1088; 600; 80; 598685; 9
2; r; 1425603; 1088; 500; 77; 625602; 16
2; r; 1432013; 1088; 148; 60; 632012; 14
2; r; 1448033; 1088; 106; 57; 648032; 10
2; r; 1452520; 1088; 921; 96; 652519; 5
2; r; 1457647; 1088; 927; 97; 657646; 8
2; r; 1465978; 1088; 347; 68; 665977; 16
2; r; 1478795; 1088; 76; 56; 678794; 14
2; r; 1480718; 1088; 431; 74; 680717; 13
2; r; 1513407; 1088; 648; 83; 713406; 11
2; r; 1518535; 1088; 994; 108; 718534; 9
2; r; 1523662; 1088; 443; 76; 723661; 17
2; r; 1530713; 1088; 60; 55; 730712; 16
2; r; 1546093; 1088; 883; 95; 746092; 5
2; r; 1558908; 1088; 976; 104; 758907; 19
2; r; 1560190; 1088; 1046; 111; 760189; 13
2; r; 1567877; 1088; 191; 61; 767876; 13
2; r; 1570441; 1088; 620; 81; 770440; 18
2; r; 1614021; 1088; 362; 70; 814020; 20
2; r; 1615944; 1088; 316; 65; 815943; 20
2; r; 1665943; 1088; 1025; 110; 865942; 16
2; r; 1717924; 1088; 662; 84; 917923; 22
3; r; 16657; 1088; 819; 32; 16656; 2
3; r; 28829; 1088; 1052; 46; 28828; 2
3; r; 32034; 1088; 296; 10; 32033; 11
3; r; 35879; 1088; 524; 14; 35878; 8
3; r; 41005; 1088; 1079; 47; 41004; 3
3; r; 48055; 1088; 738; 28; 48054; 8
3; r; 57023; 1088; 935; 39; 57022; 9
3; r; 60867; 1088; 695; 24; 60866; 10
3; r; 61508; 1088; 955; 43; 61507; 1
3; r; 73041; 1088; 690; 23; 73040; 3
3; r; 504526; 1088; 268; 8; 504525; 8
3; r; 512229; 1088; 239; 7; 512228; 11
3; r; 516724; 1088; 815; 31; 516723; 8
3; r; 596274; 1088; 447; 13; 596273; 15
3; r; 628964; 1088; 973; 44; 628963; 7
3; r; 650121; 1088; 916; 37; 650120; 14
3; r; 654610; 1088; 672; 21; 654609; 9
3; r; 659738; 1088; 900; 34; 659737; 21
3; r; 722545; 1088; 27; 1; 722544; 19
3; r; 745624; 1088; 937; 40; 745623; 18
3; r; 758445; 1088; 591; 17; 758444; 18
3; r; 767422; 1088; 706; 26; 767421; 14
3; r; 784093; 1088; 909; 36; 784092; 19
3; r; 812931; 1088; 1020; 95; 12930; 1
3; r; 814213; 1088; 701; 25; 814212; 15
3; r; 823821; 1088; 1012; 94; 23820; 3
3; r; 824462; 1088; 603; 78; 24461; 7
3; r; 825744; 1088; 62; 3; 825743; 17
3; r; 827025; 1088; 766; 84; 27024; 6
3; r; 830229; 1088; 427; 69; 30228; 5
3; r; 830869; 1088; 670; 81; 30868; 7
3; r; 846244; 1088; 217; 56; 46243; 6
3; r; 847526; 1088; 935; 91; 47525; 6
3; r; 855855; 1088; 337; 63; 55854; 11
3; r; 863544; 1088; 428; 70; 63543; 4
3; r; 865467; 1088; 653; 79; 65466; 7
3; r; 1278577; 1088; 874; 89; 478576; 8
3; r; 1310679; 1088; 263; 60; 510678; 11
3; r; 1329941; 1088; 1060; 96; 529940; 16
3; r; 1347892; 1088; 883; 90; 547891; 10
3; r; 1383792; 1088; 158; 53; 583791; 9
3; r; 1407508; 1088; 990; 93; 607507; 11
3; r; 1419686; 1088; 248; 59; 619685; 15
3; r; 1426736; 1088; 822; 87; 626735; 20
3; r; 1446601; 1088; 356; 65; 646600; 19
3; r; 1447883; 1088; 231; 58; 647882; 13
3; r; 1490178; 1088; 1; 48; 690177; 14
3; r; 1494665; 1088; 430; 71; 694664; 10
3; r; 1499791; 1088; 846; 88; 699790; 6
3; r; 1510687; 1088; 327; 62; 710686; 11
3; r; 1520941; 1088; 400; 67; 720940; 15
3; r; 1522222; 1088; 600; 77; 722221; 16
3; r; 1541446; 1088; 580; 75; 741445; 17
3; r; 1551058; 1088; 817; 86; 751057; 11
3; r; 1558108; 1088; 976; 92; 758107; 14
3; r; 1572850; 1088; 1084; 98; 772849; 14
3; r; 1602972; 1088; 98; 51; 802971; 22
3; r; 1606177; 1088; 1062; 97; 806176; 22
3; r; 1608100; 1088; 344; 64; 808099; 17
3; r; 1623486; 1088; 186; 55; 823485; 11
4; r; 2; 1088; 1053; 62; 1; 1
4; r; 16659; 1088; 948; 54; 16658; 2
4; r; 20502; 1088; 354; 19; 20501; 5
4; r; 26268; 1088; 591; 35; 26267; 3
4; r; 34597; 1088; 839; 47; 34596; 4
4; r; 41004; 1088; 188; 9; 41003; 9
4; r; 57659; 1088; 889; 51; 57658; 1
4; r; 64065; 1088; 888; 50; 64064; 1
4; r; 68551; 1088; 891; 52; 68550; 10
4; r; 74318; 1088; 720; 43; 74317; 4
4; r; 76241; 1088; 606; 36; 76240; 6
4; r; 78163; 1088; 986; 59; 78162; 1
4; r; 80085; 1088; 585; 33; 80084; 4
4; r; 87133; 1088; 955; 55; 87132; 1
4; r; 93539; 1088; 1071; 64; 93538; 4
4; r; 94180; 1088; 1037; 61; 94179; 4
4; r; 97384; 1088; 983; 58; 97383; 2
4; r; 108916; 1088; 623; 40; 108915; 4
4; r; 110198; 1088; 607; 37; 110197; 6
4; r; 112762; 1088; 229; 13; 112761; 8
4; r; 119170; 1088; 977; 57; 119169; 4
4; r; 122373; 1088; 608; 38; 122372; 5
4; r; 141597; 1088; 410; 22; 141596; 8
4; r; 154413; 1088; 927; 53; 154412; 9
4; r; 165947; 1088; 872; 49; 165946; 4
4; r; 168510; 1088; 389; 20; 168509; 4
4; r; 174918; 1088; 554; 29; 174917; 5
4; r; 180685; 1088; 27; 2; 180684; 12
4; r; 183890; 1088; 569; 31; 183889; 10
4; r; 186453; 1088; 411; 23; 186452; 7
4; r; 187093; 1088; 235; 14; 187092; 9
4; r; 189657; 1088; 1027; 60; 189656; 8
4; r; 197987; 1088; 590; 34; 197986; 3
4; r; 206318; 1088; 428; 24; 206317; 7
4; r; 208882; 1088; 193; 11; 208881; 7
4; r; 630725; 1088; 842; 48; 630724; 7
4; r; 633289; 1088; 803; 45; 633288; 10
4; r; 642261; 1088; 467; 25; 642260; 13
4; r; 643543; 1088; 109; 4; 643542; 16
4; r; 662770; 1088; 1059; 63; 662769; 13
4; r; 669177; 1088; 348; 18; 669176; 9
4; r; 671100; 1088; 189; 10; 671099; 10
4; r; 677510; 1088; 228; 12; 677509; 16
4; r; 679432; 1088; 617; 39; 679431; 9
4; r; 680714; 1088; 141; 7; 680713; 10
4; r; 682637; 1088; 392; 21; 682636; 18
4; r; 683278; 1088; 15; 1; 683277; 13
4; r; 702503; 1088; 184; 8; 702502; 9
4; r; 709553; 1088; 759; 44; 709552; 10
4; r; 727496; 1088; 564; 30; 727495; 13
4; r; 742874; 1088; 125; 6; 742873; 12
4; r; 749924; 1088; 336; 16; 749923; 14
4; r; 751206; 1088; 828; 46; 751205; 19
4; r; 776197; 1088; 497; 27; 776196; 12
4; r; 792222; 1088; 43; 3; 792221; 16
4; r; 816572; 1088; 573; 32; 816571; 14
4; r; 824259; 1088; 963; 56; 824258; 17
4; r; 825540; 1088; 116; 5; 825539; 17
4; r; 827463; 1088; 1048; 117; 27462; 2
4; r; 839639; 1088; 705; 42; 839638; 14
4; r; 844124; 1088; 656; 96; 44123; 3
4; r; 853738; 1088; 851; 104; 53737; 2
4; r; 872320; 1088; 554; 89; 72319; 4
4; r; 883215; 1088; 793; 103; 83214; 8
4; r; 883856; 1088; 247; 73; 83855; 7
4; r; 884497; 1088; 856; 105; 84496; 2
4; r; 899877; 1088; 693; 98; 99876; 12
4; r; 902440; 1088; 597; 91; 102439; 12
4; r; 912052; 1088; 1065; 119; 112051; 5
4; r; 920383; 1088; 188; 71; 120382; 9
4; r; 926792; 1088; 345; 75; 126791; 9
4; r; 933843; 1088; 872; 106; 133842; 6
4; r; 937687; 1088; 610; 93; 137686; 6
4; r; 940251; 1088; 444; 84; 140250; 6
4; r; 942173; 1088; 213; 72; 142172; 9
4; r; 947299; 1088; 410; 79; 147298; 8
4; r; 948580; 1088; 79; 66; 148579; 10
4; r; 966521; 1088; 557; 90; 166520; 7
4; r; 969726; 1088; 687; 97; 169725; 3
4; r; 974213; 1088; 372; 77; 174212; 10
4; r; 976777; 1088; 914; 109; 176776; 5
4; r; 983826; 1088; 963; 112; 183825; 8
4; r; 987031; 1088; 515; 88; 187030; 7
4; r; 1002410; 1088; 477; 87; 202409; 7
4; r; 1426991; 1088; 611; 94; 626990; 15
4; r; 1428273; 1088; 390; 78; 628272; 8
4; r; 1431479; 1088; 107; 67; 631478; 18
4; r; 1432120; 1088; 765; 100; 632119; 8
4; r; 1443658; 1088; 908; 108; 643657; 8
4; r; 1462244; 1088; 1027; 115; 662243; 12
4; r; 1466089; 1088; 598; 92; 666088; 11
4; r; 1483392; 1088; 650; 95; 683391; 14
4; r; 1492363; 1088; 778; 102; 692362; 5
4; r; 1500695; 1088; 902; 107; 700694; 6
4; r; 1504539; 1088; 152; 69; 704538; 13
4; r; 1539788; 1088; 1044; 116; 739787; 16
4; r; 1541710; 1088; 51; 65; 741709; 17
4; r; 1550683; 1088; 431; 82; 750682; 13
4; r; 1551323; 1088; 307; 74; 751322; 13
4; r; 1564142; 1088; 1017; 114; 764141; 12
4; r; 1564782; 1088; 733; 99; 764781; 16
4; r; 1592983; 1088; 355; 76; 792982; 16
4; r; 1595547; 1088; 772; 101; 795546; 14
4; r; 1602597; 1088; 147; 68; 802596; 15
4; r; 1642978; 1088; 931; 111; 842977; 19
4; r; 1655800; 1088; 474; 86; 855799; 12
5; r; 13453; 1088; 420; 31; 13452; 8
5; r; 27546; 1088; 122; 8; 27545; 14
5; r; 29468; 1088; 546; 40; 29467; 6
5; r; 46765; 1088; 519; 37; 46764; 4
5; r; 53812; 1088; 349; 24; 53811; 7
5; r; 54452; 1088; 805; 51; 54451; 7
5; r; 55734; 1088; 774; 50; 55733; 4
5; r; 67267; 1088; 246; 15; 67266; 8
5; r; 67908; 1088; 30; 2; 67907; 10
5; r; 71112; 1088; 889; 54; 71111; 1
5; r; 472882; 1088; 256; 17; 472881; 6
5; r; 526810; 1088; 484; 35; 526809; 7
5; r; 548608; 1088; 1; 0; 548607; 14
5; r; 558868; 1088; 185; 12; 558867; 12
5; r; 568485; 1088; 354; 25; 568484; 12
5; r; 605023; 1088; 44; 3; 605022; 12
5; r; 612074; 1088; 271; 19; 612073; 14
5; r; 613355; 1088; 899; 55; 613354; 11
5; r; 613996; 1088; 408; 29; 613995; 8
5; r; 619766; 1088; 958; 60; 619765; 9
5; r; 630663; 1088; 721; 47; 630662; 14
5; r; 641559; 1088; 963; 61; 641558; 15
5; r; 672323; 1088; 273; 20; 672322; 16
5; r; 678731; 1088; 472; 34; 678730; 15
5; r; 699239; 1088; 714; 46; 699238; 10
5; r; 711415; 1088; 957; 59; 711414; 9
5; r; 712056; 1088; 521; 38; 712055; 6
5; r; 714620; 1088; 729; 48; 714619; 9
5; r; 721671; 1088; 158; 10; 721670; 16
5; r; 732565; 1088; 362; 27; 732564; 19
5; r; 738974; 1088; 28; 1; 738973; 18
5; r; 746664; 1088; 183; 11; 746663; 17
5; r; 748587; 1088; 657; 44; 748586; 8
5; r; 753714; 1088; 862; 53; 753713; 11
5; r; 760124; 1088; 253; 16; 760123; 15
5; r; 772940; 1088; 904; 56; 772939; 12
5; r; 773581; 1088; 585; 42; 773580; 17
5; r; 776784; 1088; 1005; 62; 776783; 7
5; r; 785115; 1088; 418; 30; 785114; 14
5; r; 788319; 1088; 509; 36; 788318; 15
5; r; 796009; 1088; 526; 39; 796008; 10
5; r; 801776; 1088; 448; 32; 801775; 13
5; r; 805621; 1088; 57; 5; 805620; 19
5; r; 810748; 1088; 288; 22; 810747; 16
5; r; 819075; 1088; 758; 49; 819074; 9
5; r; 826123; 1088; 1005; 122; 26122; 6
5; r; 835093; 1088; 388; 85; 35092; 9
5; r; 845343; 1088; 816; 109; 45342; 2
5; r; 849828; 1088; 198; 13; 849827; 13
5; r; 858797; 1088; 888; 113; 58796; 4
5; r; 865203; 1088; 810; 108; 65202; 5
5; r; 868406; 1088; 451; 33; 868405; 11
5; r; 871611; 1088; 820; 110; 71610; 2
5; r; 1276828; 1088; 979; 119; 476827; 8
5; r; 1277469; 1088; 856; 52; 1277468; 20
5; r; 1285160; 1088; 261; 18; 1285159; 15
5; r; 1310162; 1088; 1041; 126; 510161; 4
5; r; 1324266; 1088; 374; 84; 524265; 7
5; r; 1336446; 1088; 144; 9; 1336445; 12
5; r; 1337087; 1088; 255; 77; 537086; 12
5; r; 1339010; 1088; 111; 72; 539009; 9
5; r; 1351187; 1088; 870; 112; 551186; 9
5; r; 1353110; 1088; 678; 45; 1353109; 21
5; r; 1371694; 1088; 968; 117; 571693; 5
5; r; 1381951; 1088; 947; 58; 1381950; 24
5; r; 1385156; 1088; 627; 43; 1385155; 20
5; r; 1390284; 1088; 924; 57; 1390283; 22
5; r; 1393488; 1088; 800; 107; 593487; 7
5; r; 1399895; 1088; 342; 81; 599894; 10
5; r; 1426171; 1088; 79; 69; 626170; 10
5; r; 1438348; 1088; 208; 75; 638347; 16
5; r; 1444118; 1088; 361; 26; 1444117; 11
5; r; 1464623; 1088; 574; 98; 664622; 12
5; r; 1465264; 1088; 540; 96; 665263; 9
5; r; 1479364; 1088; 370; 83; 679363; 14
5; r; 1481928; 1088; 791; 105; 681927; 9
5; r; 1485773; 1088; 133; 73; 685772; 13
5; r; 1486414; 1088; 582; 99; 686413; 9
5; r; 1503073; 1088; 601; 102; 703072; 14
5; r; 1506918; 1088; 83; 70; 706917; 11
5; r; 1522936; 1088; 21; 67; 722935; 20
5; r; 1534472; 1088; 868; 111; 734471; 8
5; r; 1552415; 1088; 964; 116; 752414; 7
5; r; 1571641; 1088; 596; 100; 771640; 12
5; r; 1576768; 1088; 328; 80; 776767; 13
5; r; 1582535; 1088; 427; 89; 782534; 17
5; r; 1583816; 1088; 26; 68; 783815; 13
5; r; 1585098; 1088; 978; 118; 785097; 8
5; r; 1595351; 1088; 6; 66; 795350; 15
5; r; 1598556; 1088; 1010; 123; 798555; 9
5; r; 1604324; 1088; 1051; 127; 804323; 6
5; r; 1615217; 1088; 237; 76; 815216; 16
5; r; 1622266; 1088; 450; 90; 822265; 11
5; r; 1626112; 1088; 312; 79; 826111; 16
5; r; 1633800; 1088; 186; 74; 833799; 20
5; r; 1647898; 1088; 419; 88; 847897; 15
5; r; 1648538; 1088; 408; 86; 848537; 13
5; r; 2072762; 1088; 96; 71; 1272761; 20
5; r; 2074685; 1088; 571; 97; 1274684; 15
5; r; 2091359; 1088; 1015; 125; 1291358; 19
5; r; 2101620; 1088; 1012; 124; 1301619; 16
5; r; 2131761; 1088; 902; 114; 1005686; 28
5; r; 2159342; 1088; 482; 91; 1359341; 18
5; r; 2166399; 1088; 926; 115; 1366398; 23
5; r; 2200418; 1088; 718; 104; 1400417; 23
6; r; 643; 1088; 1051; 52; 642; 1
6; r; 3845; 1088; 921; 46; 3844; 1
6; r; 17941; 1088; 274; 9; 17940; 9
6; r; 467413; 1088; 693; 33; 467412; 12
6; r; 481563; 1088; 852; 40; 481562; 3
6; r; 509772; 1088; 535; 20; 509771; 10
6; r; 523235; 1088; 1033; 50; 523234; 10
6; r; 529005; 1088; 798; 37; 529004; 8
6; r; 530287; 1088; 420; 16; 530286; 5
6; r; 552088; 1088; 742; 35; 552087; 8
6; r; 563625; 1088; 133; 3; 563624; 9
6; r; 596313; 1088; 914; 45; 596312; 9
6; r; 618746; 1088; 437; 17; 618745; 9
6; r; 628360; 1088; 643; 28; 628359; 12
6; r; 646944; 1088; 625; 26; 646943; 6
6; r; 648867; 1088; 376; 12; 648866; 10
6; r; 676424; 1088; 241; 6; 676423; 11
6; r; 678988; 1088; 807; 38; 678987; 7
6; r; 680270; 1088; 549; 22; 680269; 12
6; r; 687959; 1088; 252; 8; 687958; 11
6; r; 689882; 1088; 414; 15; 689881; 11
6; r; 691163; 1088; 536; 21; 691162; 13
6; r; 703339; 1088; 389; 13; 703338; 11
6; r; 710387; 1088; 651; 29; 710386; 16
6; r; 724485; 1088; 142; 4; 724484; 12
6; r; 734098; 1088; 1037; 51; 734097; 13
6; r; 738583; 1088; 89; 2; 738582; 12
6; r; 755245; 1088; 926; 47; 755244; 8
6; r; 766140; 1088; 679; 31; 766139; 16
6; r; 773190; 1088; 349; 11; 773189; 17
6; r; 780880; 1088; 668; 30; 780879; 15
6; r; 787289; 1088; 967; 49; 787288; 9
6; r; 821247; 1088; 545; 79; 21246; 5
6; r; 1229024; 1088; 1013; 103; 429023; 4
6; r; 1245134; 1088; 702; 91; 445133; 7
6; r; 1250920; 1088; 845; 39; 1250919; 19
6; r; 1268261; 1088; 498; 19; 1268260; 16
6; r; 1283019; 1088; 730; 93; 483018; 8
6; r; 1283661; 1088; 178; 63; 483660; 11
6; r; 1345212; 1088; 36; 54; 545211; 11
6; r; 1350981; 1088; 423; 70; 550980; 5
6; r; 1374056; 1088; 562; 81; 574055; 9
6; r; 1377903; 1088; 688; 90; 577902; 6
6; r; 1403543; 1088; 69; 56; 603542; 17
6; r; 1418278; 1088; 158; 60; 618277; 13
6; r; 1424687; 1088; 275; 66; 624686; 10
6; r; 1439427; 1088; 462; 72; 639426; 9
6; r; 1449041; 1088; 91; 57; 649040; 19
6; r; 1458014; 1088; 313; 68; 658013; 12
6; r; 1466348; 1088; 942; 101; 666347; 17
6; r; 1486213; 1088; 229; 65; 686212; 9
6; r; 1488136; 1088; 331; 69; 688135; 15
6; r; 1504799; 1088; 111; 58; 704798; 14
6; r; 1505440; 1088; 910; 100; 705439; 6
6; r; 1507363; 1088; 581; 83; 707362; 11
6; r; 1508004; 1088; 172; 61; 708003; 9
6; r; 1527870; 1088; 308; 67; 727869; 15
6; r; 1528510; 1088; 0; 53; 728509; 18
6; r; 1541970; 1088; 209; 64; 741969; 10
6; r; 1547736; 1088; 947; 102; 747735; 9
6; r; 1565680; 1088; 866; 99; 765679; 16
6; r; 1587469; 1088; 789; 95; 787468; 16
6; r; 1593237; 1088; 127; 59; 793236; 17
6; r; 1600287; 1088; 473; 74; 800286; 12
6; r; 1626564; 1088; 489; 75; 826563; 18
6; r; 2037481; 1088; 544; 78; 1237480; 16
6; r; 2055565; 1088; 471; 73; 1255564; 15
7; r; 12812; 1088; 1076; 55; 12811; 2
7; r; 436230; 1088; 1028; 52; 436229; 8
7; r; 456203; 1088; 889; 42; 456202; 1
7; r; 460700; 1088; 884; 41; 460699; 2
7; r; 474827; 1088; 275; 13; 474826; 11
7; r; 498560; 1088; 559; 26; 498559; 5
7; r; 503049; 1088; 478; 23; 503048; 6
7; r; 520357; 1088; 193; 10; 520356; 7
7; r; 526125; 1088; 1067; 54; 526124; 7
7; r; 544071; 1088; 862; 38; 544070; 14
7; r; 551763; 1088; 650; 29; 551762; 10
7; r; 557532; 1088; 935; 45; 557531; 11
7; r; 579323; 1088; 779; 34; 579322; 5
7; r; 608166; 1088; 873; 40; 608165; 8
7; r; 628037; 1088; 1059; 53; 628036; 15
7; r; 635728; 1088; 206; 11; 635727; 14
7; r; 653674; 1088; 400; 18; 653673; 11
7; r; 669056; 1088; 302; 14; 669055; 15
7; r; 693406; 1088; 236; 12; 693405; 11
7; r; 694687; 1088; 968; 48; 694686; 9
7; r; 703020; 1088; 48; 4; 703019; 19
7; r; 704302; 1088; 629; 28; 704301; 17
7; r; 721603; 1088; 823; 36; 721602; 13
7; r; 727371; 1088; 158; 6; 727370; 13
7; r; 729935; 1088; 184; 9; 729934; 12
7; r; 731217; 1088; 82; 5; 731216; 10
7; r; 758773; 1088; 443; 20; 758772; 13
7; r; 761978; 1088; 420; 19; 761977; 17
7; r; 780562; 1088; 681; 31; 780561; 8
7; r; 790175; 1088; 557; 25; 790174; 20
7; r; 796583; 1088; 783; 35; 796582; 18
7; r; 797864; 1088; 38; 2; 797863; 21
7; r; 807476; 1088; 956; 46; 807475; 25
7; r; 808758; 1088; 919; 111; 8757; 1
7; r; 1232528; 1088; 593; 86; 432527; 4
7; r; 1236416; 1088; 1010; 51; 1236415; 15
7; r; 1253770; 1088; 673; 30; 1253769; 17
7; r; 1265329; 1088; 663; 90; 465328; 12
7; r; 1276229; 1088; 757; 95; 476228; 2
7; r; 1312133; 1088; 845; 37; 1312132; 22
7; r; 1321109; 1088; 788; 99; 521108; 4
7; r; 1321750; 1088; 128; 61; 521749; 7
7; r; 1335212; 1088; 163; 62; 535211; 7
7; r; 1353801; 1088; 611; 88; 553800; 5
7; r; 1360212; 1088; 632; 89; 560211; 11
7; r; 1360852; 1088; 433; 78; 560851; 12
7; r; 1367902; 1088; 342; 72; 567901; 12
7; r; 1376876; 1088; 561; 85; 576875; 13
7; r; 1403150; 1088; 6; 57; 603149; 13
7; r; 1412761; 1088; 936; 112; 612760; 6
7; r; 1435835; 1088; 462; 80; 635834; 9
7; r; 1439679; 1088; 711; 93; 639678; 6
7; r; 1449932; 1088; 1076; 119; 649931; 5
7; r; 1457622; 1088; 536; 83; 657621; 11
7; r; 1460827; 1088; 341; 71; 660826; 12
7; r; 1471721; 1088; 775; 98; 671720; 9
7; r; 1473003; 1088; 216; 67; 673002; 15
7; r; 1474926; 1088; 811; 102; 674925; 10
7; r; 1476848; 1088; 764; 97; 676847; 13
7; r; 1478130; 1088; 560; 84; 678129; 6
7; r; 1486462; 1088; 823; 104; 686461; 7
7; r; 1489666; 1088; 828; 105; 689665; 8
7; r; 1516579; 1088; 12; 59; 716578; 11
7; r; 1540292; 1088; 404; 74; 740291; 8
7; r; 1540933; 1088; 8; 58; 740932; 14
7; r; 1542856; 1088; 913; 110; 742855; 14
7; r; 1544779; 1088; 19; 60; 744778; 9
7; r; 1547982; 1088; 599; 87; 747981; 15
7; r; 1551186; 1088; 463; 81; 751185; 11
7; r; 1558874; 1088; 762; 96; 758873; 19
7; r; 1560155; 1088; 284; 70; 760154; 8
7; r; 1575535; 1088; 5; 56; 775534; 13
7; r; 1577458; 1088; 164; 63; 777457; 22
7; r; 1594118; 1088; 169; 64; 794117; 16
7; r; 1599884; 1088; 892; 108; 799883; 12
7; r; 2073545; 1088; 1018; 116; 1273544; 21
7; r; 2084448; 1088; 406; 75; 1284447; 17
7; r; 2088939; 1088; 682; 92; 1288938; 20
7; r; 2090866; 1088; 178; 65; 1290865; 20
7; r; 2095994; 1088; 354; 73; 907561; 24
7; r; 2129336; 1088; 954; 114; 1329335; 24
7; r; 2134465; 1088; 1037; 117; 1334464; 23
7; r; 2151137; 1088; 1002; 115; 1258712; 17
7; r; 2175513; 1088; 191; 66; 1375512; 20
8; r; 6407; 1088; 1077; 54; 6406; 2
8; r; 14733; 1088; 560; 32; 14732; 3
8; r; 26904; 1088; 1070; 53; 26903; 5
8; r; 27544; 1088; 361; 24; 27543; 5
8; r; 35231; 1088; 594; 35; 35230; 8
8; r; 37153; 1088; 783; 44; 37152; 2
8; r; 48685; 1088; 66; 4; 48684; 12
8; r; 64702; 1088; 1008; 50; 64701; 5
8; r; 67906; 1088; 450; 27; 67905; 6
8; r; 69828; 1088; 754; 42; 69827; 3
8; r; 80081; 1088; 864; 48; 80080; 8
8; r; 80722; 1088; 714; 40; 80721; 4
8; r; 82644; 1088; 581; 34; 82643; 5
8; r; 83285; 1088; 569; 33; 83284; 8
8; r; 84567; 1088; 69; 6; 84566; 12
8; r; 89054; 1088; 350; 22; 89053; 7
8; r; 90975; 1088; 515; 29; 90974; 6
8; r; 98024; 1088; 632; 37; 98023; 8
8; r; 109559; 1088; 1041; 51; 109558; 4
8; r; 114686; 1088; 500; 28; 114685; 8
8; r; 115327; 1088; 847; 45; 115326; 4
8; r; 123015; 1088; 539; 31; 123014; 6
8; r; 536632; 1088; 851; 46; 536631; 4
8; r; 539837; 1088; 1050; 52; 539836; 23
8; r; 547530; 1088; 613; 36; 547529; 9
8; r; 559705; 1088; 356; 23; 559704; 16
8; r; 568039; 1088; 166; 14; 568038; 12
8; r; 571885; 1088; 726; 41; 571884; 11
8; r; 585987; 1088; 288; 21; 585986; 8
8; r; 594957; 1088; 112; 10; 594956; 10
8; r; 606491; 1088; 18; 1; 606490; 12
8; r; 616104; 1088; 260; 19; 616103; 8
8; r; 621871; 1088; 213; 17; 621870; 12
8; r; 635331; 1088; 45; 2; 635330; 17
8; r; 654554; 1088; 165; 13; 654553; 12
8; r; 674419; 1088; 117; 11; 674418; 14
8; r; 682110; 1088; 201; 16; 682109; 19
8; r; 712230; 1088; 859; 47; 712229; 11
8; r; 717357; 1088; 377; 26; 717356; 15
8; r; 730176; 1088; 84; 8; 730175; 10
8; r; 737864; 1088; 169; 15; 737863; 16
8; r; 766703; 1088; 125; 12; 766702; 18
8; r; 772469; 1088; 279; 20; 772468; 11
8; r; 786567; 1088; 653; 38; 786566; 19
8; r; 792976; 1088; 68; 5; 792975; 14
8; r; 796180; 1088; 219; 18; 796179; 15
8; r; 807715; 1088; 1053; 106; 7714; 1
8; r; 820527; 1088; 988; 104; 20526; 1
8; r; 837826; 1088; 611; 80; 37825; 5
8; r; 842310; 1088; 868; 97; 42309; 6
8; r; 844232; 1088; 644; 82; 44231; 5
8; r; 860891; 1088; 815; 94; 60890; 3
8; r; 862173; 1088; 692; 84; 62172; 4
8; r; 874991; 1088; 979; 103; 74990; 2
8; r; 875631; 1088; 744; 87; 75630; 5
8; r; 881400; 1088; 188; 64; 81399; 8
8; r; 884604; 1088; 713; 85; 84603; 6
8; r; 894856; 1088; 645; 83; 94855; 4
8; r; 902544; 1088; 785; 90; 102543; 3
8; r; 910233; 1088; 289; 67; 110232; 10
8; r; 914718; 1088; 869; 98; 114717; 7
8; r; 917923; 1088; 61; 59; 117922; 8
8; r; 1330301; 1088; 803; 92; 530300; 7
8; r; 1345690; 1088; 781; 43; 1345689; 22
8; r; 1357872; 1088; 812; 93; 557871; 8
8; r; 1361077; 1088; 449; 75; 561076; 14
8; r; 1391197; 1088; 416; 72; 591196; 10
8; r; 1395042; 1088; 58; 58; 595041; 10
8; r; 1398888; 1088; 998; 105; 598887; 9
8; r; 1418755; 1088; 827; 95; 618754; 11
8; r; 1450799; 1088; 41; 56; 650798; 12
8; r; 1462978; 1088; 2; 55; 662977; 14
8; r; 1483487; 1088; 47; 57; 683486; 12
8; r; 1498227; 1088; 116; 62; 698226; 15
8; r; 1501432; 1088; 80; 61; 701431; 15
8; r; 1502073; 1088; 768; 88; 702072; 10
8; r; 1505917; 1088; 594; 79; 705916; 9
8; r; 1540520; 1088; 451; 76; 740519; 12
8; r; 1552055; 1088; 364; 69; 752054; 10
8; r; 1566154; 1088; 420; 73; 766153; 9
8; r; 1569358; 1088; 938; 100; 769357; 16
8; r; 1573844; 1088; 208; 65; 773843; 19
8; r; 1577688; 1088; 357; 68; 777687; 16
8; r; 1592426; 1088; 366; 70; 792425; 13
8; r; 1603319; 1088; 629; 81; 803318; 14
8; r; 1619984; 1088; 949; 101; 819983; 16
8; r; 1645626; 1088; 965; 102; 845625; 20
8; r; 1692456; 1088; 799; 91; 892455; 11
8; r; 1695030; 1088; 447; 74; 895029; 17
9; r; 10253; 1088; 1083; 60; 10252; 1
9; r; 13456; 1088; 644; 35; 13455; 4
9; r; 16019; 1088; 606; 28; 16018; 8
9; r; 30112; 1088; 906; 52; 30111; 5
9; r; 52536; 1088; 822; 45; 52535; 2
9; r; 55100; 1088; 613; 29; 55099; 4
9; r; 57022; 1088; 1085; 61; 57021; 3
9; r; 60225; 1088; 785; 43; 60224; 3
9; r; 64070; 1088; 392; 18; 64069; 6
9; r; 73683; 1088; 482; 23; 73682; 6
9; r; 77528; 1088; 403; 19; 77527; 10
9; r; 82015; 1088; 834; 47; 82014; 8
9; r; 83297; 1088; 754; 42; 83296; 5
9; r; 91625; 1088; 745; 41; 91624; 5
9; r; 94828; 1088; 337; 14; 94827; 10
9; r; 96750; 1088; 934; 53; 96749; 6
9; r; 99954; 1088; 663; 36; 99953; 8
9; r; 100595; 1088; 603; 27; 100594; 9
9; r; 101876; 1088; 322; 13; 101875; 7
9; r; 109567; 1088; 868; 50; 109566; 5
9; r; 110848; 1088; 382; 17; 110847; 7
9; r; 114693; 1088; 879; 51; 114692; 3
9; r; 119177; 1088; 435; 21; 119176; 8
9; r; 132637; 1088; 273; 7; 132636; 9
9; r; 151220; 1088; 1075; 59; 151219; 3
9; r; 156346; 1088; 626; 32; 156345; 3
9; r; 161474; 1088; 177; 3; 161473; 9
9; r; 169804; 1088; 615; 30; 169803; 5
9; r; 173650; 1088; 688; 38; 173649; 5
9; r; 178776; 1088; 314; 12; 178775; 9
9; r; 179417; 1088; 341; 15; 179416; 7
9; r; 181340; 1088; 741; 40; 181339; 5
9; r; 185826; 1088; 995; 55; 185825; 8
9; r; 189031; 1088; 637; 33; 189030; 6
9; r; 189672; 1088; 494; 24; 189671; 4
9; r; 206334; 1088; 287; 10; 206333; 6
9; r; 212103; 1088; 437; 22; 212102; 7
9; r; 229407; 1088; 836; 48; 229406; 8
9; r; 231329; 1088; 1046; 58; 231328; 4
9; r; 231970; 1088; 178; 4; 231969; 10
9; r; 237097; 1088; 98; 1; 237096; 10
9; r; 248632; 1088; 281; 9; 248631; 7
9; r; 262096; 1088; 625; 31; 262095; 5
9; r; 271710; 1088; 279; 8; 271709; 9
9; r; 281967; 1088; 961; 54; 281966; 7
9; r; 283891; 1088; 16; 0; 283890; 10
9; r; 293511; 1088; 375; 16; 293510; 11
9; r; 335911; 1088; 166; 2; 335910; 13
9; r; 798052; 1088; 1040; 57; 798051; 11
9; r; 803817; 1088; 257; 6; 803816; 22
9; r; 815988; 1088; 78; 67; 15987; 9
9; r; 818551; 1088; 536; 25; 818550; 18
9; r; 821114; 1088; 805; 44; 821113; 15
9; r; 840975; 1088; 581; 26; 840974; 16
9; r; 845459; 1088; 200; 5; 845458; 18
9; r; 846100; 1088; 911; 116; 46099; 5
9; r; 848664; 1088; 862; 114; 48663; 7
9; r; 853150; 1088; 426; 20; 853149; 25
9; r; 856994; 1088; 982; 122; 56993; 2
9; r; 858917; 1088; 650; 102; 58916; 4
9; r; 871091; 1088; 819; 111; 71090; 2
9; r; 875576; 1088; 1038; 56; 875575; 23
9; r; 878139; 1088; 644; 101; 78138; 7
9; r; 889672; 1088; 1050; 125; 89671; 1
9; r; 890313; 1088; 598; 98; 90312; 7
9; r; 893516; 1088; 938; 118; 93515; 4
9; r; 895438; 1088; 771; 109; 95437; 6
9; r; 898641; 1088; 219; 74; 98640; 8
9; r; 901205; 1088; 549; 94; 101204; 4
9; r; 902486; 1088; 357; 83; 102485; 7
9; r; 912739; 1088; 451; 89; 112738; 7
9; r; 914021; 1088; 684; 37; 914020; 15
9; r; 925557; 1088; 577; 97; 125556; 6
9; r; 928120; 1088; 917; 117; 128119; 2
9; r; 934529; 1088; 65; 66; 134528; 11
9; r; 939015; 1088; 459; 90; 139014; 6
9; r; 945425; 1088; 958; 119; 145424; 10
9; r; 949910; 1088; 121; 71; 149909; 8
9; r; 955678; 1088; 482; 92; 155677; 8
9; r; 958241; 1088; 559; 96; 158240; 5
9; r; 960805; 1088; 732; 106; 160804; 7
9; r; 962087; 1088; 552; 95; 162086; 9
9; r; 965291; 1088; 754; 108; 165290; 3
9; r; 965932; 1088; 868; 115; 165931; 6
9; r; 967854; 1088; 502; 93; 167853; 6
9; r; 995413; 1088; 418; 86; 195412; 5
9; r; 996054; 1088; 692; 104; 196053; 4
9; r; 999899; 1088; 683; 103; 199898; 4
9; r; 1000539; 1088; 1014; 123; 200538; 2
9; r; 1013358; 1088; 304; 77; 213357; 10
9; r; 1021050; 1088; 349; 81; 221049; 6
9; r; 1021691; 1088; 322; 79; 221690; 7
9; r; 1022973; 1088; 738; 107; 222972; 8
9; r; 1035151; 1088; 23; 64; 235150; 10
9; r; 1048611; 1088; 604; 100; 248610; 8
9; r; 1067838; 1088; 207; 73; 267837; 10
9; r; 1074890; 1088; 321; 78; 274889; 6
9; r; 1083220; 1088; 1027; 124; 283219; 7
9; r; 1091553; 1088; 858; 113; 291552; 11
9; r; 1095398; 1088; 7; 62; 295397; 10
9; r; 1096681; 1088; 270; 75; 296680; 9
9; r; 1113995; 1088; 964; 121; 313994; 8
9; r; 1115920; 1088; 429; 87; 315919; 9
9; r; 1122335; 1088; 303; 76; 322334; 10
9; r; 1135160; 1088; 962; 120; 335159; 7
9; r; 1137083; 1088; 828; 112; 337082; 8
9; r; 1161480; 1088; 797; 110; 361479; 9
9; r; 1170471; 1088; 432; 88; 370470; 8
9; r; 1183345; 1088; 368; 85; 383344; 12
9; r; 1600239; 1088; 94; 69; 800238; 17
9; r; 1604724; 1088; 727; 105; 804723; 11
9; r; 1606005; 1088; 363; 84; 806004; 13
9; r; 1607286; 1088; 97; 70; 807285; 21
9; r; 1614336; 1088; 162; 72; 814335; 11
9; r; 1630356; 1088; 42; 65; 830355; 10
9; r; 1633561; 1088; 20; 63; 833560; 14
9; r; 1672658; 1088; 354; 82; 872657; 18
9; r; 1679069; 1088; 478; 91; 879068; 19
9; r; 1699583; 1088; 333; 80; 899582; 23
