iter; type; time slot; d_nodes; s_nodes; pid; nslot; nhop
0; r; 33462; 1599; 510; 0; 33312; 6
0; r; 48191; 1599; 921; 28; 29562; 11
0; r; 55878; 1599; 930; 24; 39390; 7
0; r; 64845; 1599; 1065; 29; 45100; 3
0; r; 470605; 1599; 805; 27; 452653; 10
0; r; 472528; 1599; 1035; 63; 34154; 3
0; r; 496247; 1599; 1164; 56; 453714; 7
0; r; 516114; 1599; 1395; 60; 100980; 12
0; r; 516755; 1599; 1514; 2; 512969; 1
0; r; 529571; 1599; 1368; 22; 513824; 8
0; r; 530212; 1599; 39; 61; 112493; 14
0; r; 535980; 1599; 319; 62; 117413; 10
0; r; 536621; 1599; 1052; 64; 93706; 6
0; r; 546875; 1599; 1167; 40; 515600; 8
0; r; 556490; 1599; 475; 32; 533975; 8
0; r; 568028; 1599; 1211; 21; 552702; 7
0; r; 569309; 1599; 427; 49; 532004; 7
0; r; 574437; 1599; 595; 39; 543477; 5
0; r; 580845; 1599; 681; 47; 544833; 10
0; r; 607118; 1599; 31; 46; 571327; 8
0; r; 607759; 1599; 294; 34; 582823; 15
0; r; 618652; 1599; 477; 41; 587329; 8
0; r; 626340; 1599; 525; 6; 617961; 11
0; r; 639798; 1599; 936; 16; 628359; 11
0; r; 648128; 1599; 730; 42; 613258; 7
0; r; 648769; 1599; 377; 57; 604984; 12
0; r; 659659; 1599; 453; 44; 624389; 17
0; r; 664784; 1599; 111; 11; 654694; 12
0; r; 668628; 1599; 200; 52; 629440; 11
0; r; 673113; 1599; 1497; 7; 664630; 6
0; r; 680163; 1599; 246; 19; 665924; 17
0; r; 689136; 1599; 1297; 14; 678959; 8
0; r; 696827; 1599; 1581; 30; 676764; 6
0; r; 701312; 1599; 336; 45; 665845; 13
0; r; 701953; 1599; 288; 33; 677924; 14
0; r; 709643; 1599; 447; 25; 692123; 13
0; r; 719256; 1599; 1012; 26; 701386; 10
0; r; 720538; 1599; 1360; 53; 679638; 14
0; r; 731431; 1599; 1135; 51; 692817; 18
0; r; 737839; 1599; 464; 36; 711722; 12
0; r; 739120; 1599; 582; 38; 708980; 18
0; r; 751938; 1599; 593; 8; 742708; 11
0; r; 756423; 1599; 1566; 54; 715316; 19
0; r; 760268; 1599; 757; 55; 718308; 21
0; r; 766674; 1599; 1049; 4; 761119; 13
0; r; 780129; 1599; 743; 50; 741680; 8
0; r; 796787; 1599; 886; 3; 791583; 21
0; r; 806399; 1599; 296; 17; 793618; 18
0; r; 834587; 1599; 1218; 76; 26817; 6
0; r; 841633; 1599; 1161; 65; 40739; 10
0; r; 857010; 1599; 821; 70; 55079; 7
0; r; 858291; 1599; 752; 98; 37989; 4
0; r; 858931; 1599; 834; 74; 52748; 4
0; r; 860213; 1599; 1436; 103; 37357; 1
0; r; 1279563; 1599; 1399; 101; 458039; 1
0; r; 1298157; 1599; 902; 90; 480285; 5
0; r; 1312256; 1599; 850; 124; 473218; 9
0; r; 1317383; 1599; 1142; 123; 479359; 6
0; r; 1326357; 1599; 897; 96; 507308; 5
0; r; 1334051; 1599; 1272; 75; 527202; 2
0; r; 1341743; 1599; 624; 92; 523395; 7
0; r; 1358405; 1599; 33; 78; 550354; 9
0; r; 1381473; 1599; 1440; 95; 562793; 9
0; r; 1385958; 1599; 1194; 133; 542134; 4
0; r; 1407745; 1599; 454; 104; 584857; 13
0; r; 1411590; 1599; 118; 116; 579081; 14
0; r; 1420561; 1599; 372; 128; 579494; 10
0; r; 1425687; 1599; 942; 77; 617727; 7
0; r; 1426969; 1599; 334; 82; 617139; 9
0; r; 1449393; 1599; 1184; 89; 632002; 13
0; r; 1465412; 1599; 1417; 93; 647032; 5
0; r; 1476305; 1599; 450; 68; 674761; 14
0; r; 1479510; 1599; 1077; 108; 653387; 13
0; r; 1491042; 1599; 336; 121; 655575; 11
0; r; 1491683; 1599; 757; 131; 649723; 11
0; r; 1494245; 1599; 1337; 99; 673897; 9
0; r; 1514110; 1599; 1584; 113; 684555; 5
0; r; 1519878; 1599; 377; 132; 676093; 13
0; r; 1526286; 1599; 1364; 69; 724565; 16
0; r; 1528209; 1599; 808; 111; 701151; 12
0; r; 1535897; 1599; 1137; 80; 727105; 14
0; r; 1541663; 1599; 351; 125; 702106; 8
0; r; 1548712; 1599; 744; 129; 707048; 21
0; r; 1551275; 1599; 1245; 87; 736323; 8
0; r; 1557041; 1599; 1570; 66; 755914; 14
0; r; 1559604; 1599; 213; 102; 737495; 10
0; r; 1571777; 1599; 139; 110; 744989; 10
0; r; 1579466; 1599; 864; 130; 737707; 8
0; r; 1596124; 1599; 134; 100; 775430; 12
0; r; 1596765; 1599; 903; 94; 778212; 15
0; r; 1597406; 1599; 693; 88; 781527; 15
0; r; 1605734; 1599; 435; 127; 766118; 10
0; r; 1607015; 1599; 955; 119; 773308; 14
0; r; 1608296; 1599; 947; 97; 788782; 8
0; r; 1608936; 1599; 41; 115; 777009; 14
0; r; 1609577; 1599; 1571; 126; 770007; 10
0; r; 1619828; 1599; 671; 91; 801672; 11
0; r; 1623672; 1599; 461; 79; 815058; 9
0; r; 1625595; 1599; 729; 122; 787928; 12
0; r; 1626877; 1599; 54; 109; 800716; 16
0; r; 1636488; 1599; 168; 118; 802850; 16
0; r; 1639051; 1599; 425; 112; 810009; 18
0; r; 1639692; 1599; 1359; 114; 809106; 14
0; r; 1656997; 1599; 322; 73; 851322; 16
0; r; 2079865; 1599; 1105; 84; 1266149; 20
0; r; 2102952; 1599; 1139; 67; 1301770; 18
0; r; 2111290; 1599; 574; 107; 1285529; 15
0; r; 2116418; 1599; 623; 81; 1307548; 16
0; r; 2127317; 1599; 519; 117; 1294763; 18
0; r; 2135655; 1599; 390; 86; 1321002; 16
0; r; 2192111; 1599; 659; 106; 1366798; 24
1; r; 16655; 1599; 1408; 64; 16654; 6
1; r; 26901; 1599; 339; 18; 26900; 7
1; r; 39071; 1599; 516; 27; 39070; 9
1; r; 55723; 1599; 1043; 50; 55722; 8
1; r; 56364; 1599; 131; 5; 56363; 9
1; r; 64051; 1599; 1429; 67; 64050; 4
1; r; 77503; 1599; 1383; 63; 77502; 7
1; r; 81989; 1599; 695; 35; 81988; 7
1; r; 85833; 1599; 428; 22; 85832; 8
1; r; 88396; 1599; 930; 44; 88395; 9
1; r; 89677; 1599; 193; 6; 89676; 9
1; r; 101209; 1599; 1324; 61; 101208; 12
1; r; 112741; 1599; 299; 13; 112740; 9
1; r; 120429; 1599; 1167; 56; 120428; 8
1; r; 124272; 1599; 1468; 69; 124271; 3
1; r; 135807; 1599; 472; 25; 135806; 5
1; r; 138369; 1599; 707; 36; 138368; 7
1; r; 139010; 1599; 612; 32; 139009; 13
1; r; 140292; 1599; 1048; 51; 140291; 6
1; r; 146699; 1599; 1352; 62; 146698; 2
1; r; 154388; 1599; 1421; 65; 154387; 3
1; r; 155029; 1599; 955; 46; 155028; 3
1; r; 165924; 1599; 889; 43; 165923; 8
1; r; 169769; 1599; 471; 24; 169768; 8
1; r; 172972; 1599; 417; 20; 172971; 9
1; r; 176818; 1599; 117; 4; 176817; 8
1; r; 182584; 1599; 726; 37; 182583; 9
1; r; 184507; 1599; 1566; 72; 184506; 13
1; r; 590486; 1599; 1015; 48; 590485; 26
1; r; 597535; 1599; 1279; 57; 597534; 4
1; r; 599458; 1599; 811; 40; 599457; 22
1; r; 609712; 1599; 1166; 55; 609711; 18
1; r; 610352; 1599; 877; 41; 610351; 6
1; r; 614838; 1599; 933; 45; 614837; 8
1; r; 634064; 1599; 1064; 52; 634063; 14
1; r; 639831; 1599; 313; 14; 639830; 13
1; r; 653930; 1599; 526; 28; 653929; 13
1; r; 657133; 1599; 1562; 71; 657132; 13
1; r; 664183; 1599; 194; 7; 664182; 11
1; r; 672512; 1599; 1301; 60; 672511; 7
1; r; 675074; 1599; 1037; 49; 675073; 7
1; r; 693655; 1599; 1288; 59; 693654; 11
1; r; 713516; 1599; 1122; 53; 713515; 12
1; r; 715438; 1599; 456; 23; 715437; 13
1; r; 721845; 1599; 528; 29; 721844; 12
1; r; 732737; 1599; 333; 16; 732736; 8
1; r; 735299; 1599; 736; 38; 735298; 7
1; r; 736580; 1599; 336; 17; 736579; 23
1; r; 739783; 1599; 967; 47; 739782; 14
1; r; 742987; 1599; 1424; 66; 742986; 14
1; r; 752598; 1599; 30; 0; 752597; 15
1; r; 757726; 1599; 810; 39; 757725; 13
1; r; 767978; 1599; 62; 1; 767977; 13
1; r; 769260; 1599; 79; 2; 769259; 16
1; r; 771182; 1599; 424; 21; 771181; 18
1; r; 778231; 1599; 397; 19; 778230; 15
1; r; 787843; 1599; 322; 15; 787842; 17
1; r; 813470; 1599; 643; 33; 813469; 18
1; r; 816673; 1599; 576; 31; 816672; 15
1; r; 824361; 1599; 1129; 54; 824360; 11
1; r; 828845; 1599; 566; 30; 828844; 17
1; r; 830767; 1599; 1096; 130; 30766; 4
1; r; 834610; 1599; 885; 42; 834609; 18
1; r; 835892; 1599; 1446; 68; 835891; 18
1; r; 844219; 1599; 212; 11; 844218; 15
1; r; 846141; 1599; 32; 76; 46140; 9
1; r; 847422; 1599; 1592; 161; 47421; 1
1; r; 851265; 1599; 868; 118; 51264; 4
1; r; 871765; 1599; 1274; 142; 71764; 2
1; r; 874968; 1599; 906; 121; 74967; 4
1; r; 877530; 1599; 1172; 135; 77529; 8
1; r; 878171; 1599; 633; 110; 78170; 10
1; r; 895472; 1599; 1396; 146; 95471; 1
1; r; 906364; 1599; 85; 3; 906363; 14
1; r; 912130; 1599; 1590; 160; 112129; 2
1; r; 914052; 1599; 665; 113; 114051; 5
1; r; 914693; 1599; 1548; 157; 114692; 2
1; r; 915334; 1599; 263; 12; 915333; 17
1; r; 917898; 1599; 478; 26; 917897; 9
1; r; 919821; 1599; 913; 122; 119820; 4
1; r; 922384; 1599; 275; 94; 122383; 8
1; r; 931353; 1599; 1269; 140; 131352; 4
1; r; 942245; 1599; 1016; 128; 142244; 6
1; r; 944808; 1599; 1577; 159; 144807; 4
1; r; 946730; 1599; 202; 9; 946729; 20
1; r; 953137; 1599; 873; 119; 153136; 4
1; r; 954418; 1599; 1271; 141; 154417; 2
1; r; 964672; 1599; 1538; 156; 164671; 5
1; r; 968517; 1599; 882; 120; 168516; 8
1; r; 972362; 1599; 58; 80; 172361; 9
1; r; 973003; 1599; 1203; 137; 173002; 7
1; r; 976208; 1599; 994; 126; 176207; 3
1; r; 1400882; 1599; 1501; 70; 1400881; 20
1; r; 1411136; 1599; 46; 78; 611135; 9
1; r; 1421389; 1599; 374; 99; 621388; 12
1; r; 1429077; 1599; 1304; 143; 629076; 5
1; r; 1431000; 1599; 16; 74; 630999; 11
1; r; 1435486; 1599; 1594; 162; 635485; 11
1; r; 1443176; 1599; 1156; 133; 643175; 14
1; r; 1459194; 1599; 1146; 132; 659193; 4
1; r; 1461116; 1599; 162; 88; 661115; 12
1; r; 1463679; 1599; 1517; 153; 663678; 6
1; r; 1468165; 1599; 1479; 150; 668164; 4
1; r; 1474572; 1599; 1336; 144; 674571; 8
1; r; 1485465; 1599; 1141; 131; 685464; 11
1; r; 1488669; 1599; 459; 104; 688668; 8
1; r; 1493794; 1599; 240; 92; 693793; 11
1; r; 1504686; 1599; 1001; 127; 704685; 16
1; r; 1507249; 1599; 844; 117; 707248; 9
1; r; 1512376; 1599; 549; 107; 712375; 7
1; r; 1513658; 1599; 408; 100; 713657; 14
1; r; 1530961; 1599; 1173; 136; 730960; 7
1; r; 1534806; 1599; 93; 83; 734805; 17
1; r; 1540574; 1599; 449; 102; 740573; 15
1; r; 1545059; 1599; 278; 95; 745058; 9
1; r; 1545700; 1599; 1504; 152; 745699; 6
1; r; 1550826; 1599; 691; 34; 1550825; 18
1; r; 1552107; 1599; 1378; 145; 752106; 8
1; r; 1557232; 1599; 114; 85; 757231; 15
1; r; 1558514; 1599; 31; 75; 758513; 10
1; r; 1559795; 1599; 1076; 129; 759794; 5
1; r; 1573249; 1599; 455; 103; 773248; 11
1; r; 1593749; 1599; 481; 105; 793748; 11
1; r; 1596313; 1599; 150; 87; 796312; 16
1; r; 1596954; 1599; 243; 93; 796953; 15
1; r; 1605924; 1599; 963; 124; 805923; 14
1; r; 1610408; 1599; 602; 108; 810407; 11
1; r; 1617458; 1599; 696; 114; 817457; 11
1; r; 1625788; 1599; 86; 82; 825787; 17
1; r; 1627070; 1599; 1521; 154; 827069; 13
1; r; 1628352; 1599; 165; 89; 828351; 12
1; r; 1630275; 1599; 226; 91; 830274; 12
1; r; 1632839; 1599; 43; 77; 832838; 11
1; r; 1642451; 1599; 342; 97; 842450; 20
1; r; 1653987; 1599; 658; 112; 853986; 12
1; r; 1659756; 1599; 47; 79; 859755; 16
1; r; 1661678; 1599; 1408; 148; 861677; 13
1; r; 1666164; 1599; 642; 111; 866163; 15
1; r; 1672571; 1599; 113; 84; 872570; 12
1; r; 1682825; 1599; 980; 125; 882824; 10
1; r; 1700130; 1599; 1486; 151; 900129; 12
1; r; 1701412; 1599; 1525; 155; 901411; 15
1; r; 1703335; 1599; 836; 116; 903334; 8
1; r; 1706540; 1599; 616; 109; 906539; 14
1; r; 1708463; 1599; 954; 123; 908462; 10
1; r; 1709104; 1599; 1566; 158; 909103; 11
1; r; 1717435; 1599; 188; 90; 917434; 12
1; r; 1739229; 1599; 420; 101; 939228; 20
1; r; 1742434; 1599; 341; 96; 942433; 9
1; r; 1755256; 1599; 71; 81; 955255; 14
1; r; 1758461; 1599; 373; 98; 958460; 12
1; r; 1761027; 1599; 1160; 134; 961026; 14
1; r; 2193318; 1599; 1230; 139; 1393317; 23
1; r; 2214473; 1599; 1410; 149; 1414472; 26
2; r; 8966; 1599; 498; 25; 8965; 6
2; r; 27541; 1599; 670; 35; 27540; 5
2; r; 40994; 1599; 98; 6; 40993; 10
2; r; 43556; 1599; 1509; 85; 43555; 2
2; r; 48680; 1599; 502; 26; 48679; 6
2; r; 54444; 1599; 387; 20; 54443; 8
2; r; 55084; 1599; 793; 45; 55083; 4
2; r; 60209; 1599; 622; 31; 60208; 8
2; r; 71741; 1599; 1390; 79; 71740; 2
2; r; 73663; 1599; 755; 40; 73662; 6
2; r; 83915; 1599; 784; 43; 83914; 8
2; r; 87118; 1599; 1299; 70; 87117; 5
2; r; 90962; 1599; 780; 42; 90961; 6
2; r; 94166; 1599; 1384; 77; 94165; 3
2; r; 95447; 1599; 1474; 83; 95446; 1
2; r; 96728; 1599; 1102; 62; 96727; 6
2; r; 99932; 1599; 1432; 80; 99931; 4
2; r; 102494; 1599; 789; 44; 102493; 6
2; r; 110823; 1599; 1154; 66; 110822; 3
2; r; 114026; 1599; 109; 7; 114025; 9
2; r; 119791; 1599; 1385; 78; 119790; 4
2; r; 120431; 1599; 4; 0; 120430; 13
2; r; 124275; 1599; 1088; 61; 124274; 6
2; r; 128121; 1599; 1109; 63; 128120; 3
2; r; 138372; 1599; 919; 48; 138371; 5
2; r; 141577; 1599; 486; 24; 141576; 9
2; r; 152472; 1599; 1550; 86; 152471; 3
2; r; 169775; 1599; 1046; 59; 169774; 9
2; r; 170416; 1599; 960; 50; 170415; 10
2; r; 172979; 1599; 1309; 72; 172978; 3
2; r; 183875; 1599; 1011; 55; 183874; 9
2; r; 187079; 1599; 229; 15; 187078; 8
2; r; 195408; 1599; 552; 28; 195407; 8
2; r; 196690; 1599; 631; 32; 196689; 8
2; r; 199253; 1599; 739; 39; 199252; 7
2; r; 199894; 1599; 655; 34; 199893; 9
2; r; 208224; 1599; 1013; 56; 208223; 7
2; r; 212069; 1599; 1502; 84; 212068; 5
2; r; 218476; 1599; 698; 37; 218475; 8
2; r; 221039; 1599; 485; 23; 221038; 11
2; r; 224884; 1599; 1452; 82; 224883; 7
2; r; 226807; 1599; 182; 10; 226806; 10
2; r; 227448; 1599; 1342; 73; 227447; 4
2; r; 235138; 1599; 1370; 76; 235137; 6
2; r; 244749; 1599; 520; 27; 244748; 14
2; r; 249878; 1599; 938; 49; 249877; 5
2; r; 255006; 1599; 593; 29; 255005; 6
2; r; 257570; 1599; 119; 9; 257569; 11
2; r; 267185; 1599; 1286; 68; 267184; 8
2; r; 277440; 1599; 1050; 60; 277439; 7
2; r; 278081; 1599; 244; 16; 278080; 9
2; r; 282567; 1599; 1292; 69; 282566; 6
2; r; 283849; 1599; 962; 51; 283848; 10
2; r; 292823; 1599; 434; 21; 292822; 8
2; r; 296668; 1599; 60; 1; 296667; 10
2; r; 307564; 1599; 440; 22; 307563; 9
2; r; 312050; 1599; 806; 46; 312049; 13
2; r; 317179; 1599; 1041; 58; 317178; 8
2; r; 326154; 1599; 722; 38; 326153; 9
2; r; 328719; 1599; 117; 8; 328718; 8
2; r; 329360; 1599; 219; 14; 329359; 9
2; r; 330001; 1599; 1440; 81; 330000; 9
2; r; 331923; 1599; 303; 18; 331922; 9
2; r; 338977; 1599; 70; 4; 338976; 9
2; r; 339619; 1599; 202; 12; 339618; 14
2; r; 343470; 1599; 64; 2; 343469; 9
2; r; 363989; 1599; 644; 33; 363988; 9
2; r; 778906; 1599; 1362; 75; 778905; 13
2; r; 784032; 1599; 1127; 64; 784031; 13
2; r; 789158; 1599; 986; 52; 789157; 23
2; r; 796207; 1599; 1019; 57; 796206; 15
2; r; 796848; 1599; 1009; 54; 796847; 17
2; r; 797489; 1599; 1151; 65; 797488; 12
2; r; 799411; 1599; 97; 5; 799410; 19
2; r; 810303; 1599; 265; 17; 810302; 12
2; r; 817992; 1599; 1305; 71; 817991; 7
2; r; 823758; 1599; 1353; 74; 823757; 15
2; r; 826320; 1599; 1006; 53; 826319; 18
2; r; 831446; 1599; 748; 125; 31445; 5
2; r; 832087; 1599; 69; 3; 832086; 11
2; r; 837853; 1599; 310; 19; 837852; 20
2; r; 856433; 1599; 513; 113; 56432; 6
2; r; 860919; 1599; 1348; 149; 60918; 3
2; r; 866686; 1599; 730; 123; 66685; 7
2; r; 881424; 1599; 854; 47; 881423; 19
2; r; 885908; 1599; 445; 110; 85907; 10
2; r; 890393; 1599; 994; 133; 90392; 4
2; r; 894880; 1599; 1564; 157; 94879; 7
2; r; 901286; 1599; 611; 118; 101285; 8
2; r; 904491; 1599; 546; 115; 104490; 6
2; r; 908335; 1599; 198; 11; 908334; 14
2; r; 908976; 1599; 672; 36; 908975; 14
2; r; 912180; 1599; 587; 117; 112179; 6
2; r; 916025; 1599; 955; 131; 116024; 4
2; r; 917948; 1599; 1112; 139; 117947; 2
2; r; 928200; 1599; 267; 102; 128199; 9
2; r; 929482; 1599; 1111; 138; 129481; 4
2; r; 942296; 1599; 632; 120; 142295; 7
2; r; 947424; 1599; 1589; 159; 147423; 3
2; r; 953191; 1599; 738; 124; 153190; 5
2; r; 953832; 1599; 204; 96; 153831; 11
2; r; 960241; 1599; 1289; 146; 160240; 7
2; r; 966007; 1599; 535; 114; 166006; 9
2; r; 970493; 1599; 1404; 151; 170492; 8
2; r; 973055; 1599; 812; 126; 173054; 7
2; r; 979462; 1599; 1491; 155; 179461; 9
2; r; 983948; 1599; 628; 119; 183947; 5
2; r; 988434; 1599; 1147; 142; 188433; 4
2; r; 992279; 1599; 656; 122; 192278; 7
2; r; 994202; 1599; 354; 107; 194201; 8
2; r; 999969; 1599; 257; 101; 199968; 12
2; r; 1022399; 1599; 115; 92; 222398; 9
2; r; 1024321; 1599; 1163; 67; 1024320; 17
2; r; 1027525; 1599; 1309; 148; 227524; 3
2; r; 1029448; 1599; 338; 106; 229447; 9
2; r; 1032653; 1599; 504; 112; 232652; 8
2; r; 1058928; 1599; 33; 88; 258927; 10
2; r; 1064055; 1599; 443; 109; 264054; 10
2; r; 1070464; 1599; 414; 108; 270463; 9
2; r; 1079441; 1599; 168; 94; 279440; 10
2; r; 1080723; 1599; 273; 103; 280722; 10
2; r; 1086491; 1599; 78; 89; 286490; 8
2; r; 1098668; 1599; 197; 95; 298667; 13
2; r; 1105079; 1599; 918; 129; 305078; 8
2; r; 1111489; 1599; 962; 132; 311488; 11
2; r; 1112131; 1599; 558; 116; 312130; 7
2; r; 1115339; 1599; 654; 121; 315338; 8
2; r; 1116621; 1599; 223; 99; 316620; 10
2; r; 1136501; 1599; 1091; 137; 336500; 13
2; r; 1137144; 1599; 499; 111; 337143; 11
2; r; 1159619; 1599; 1086; 136; 359618; 8
2; r; 1170536; 1599; 246; 100; 370535; 11
2; r; 1581138; 1599; 298; 105; 781137; 9
2; r; 1583061; 1599; 1459; 153; 783060; 7
2; r; 1584983; 1599; 1039; 135; 784982; 8
2; r; 1586905; 1599; 212; 98; 786904; 12
2; r; 1600998; 1599; 1020; 134; 800997; 8
2; r; 1603561; 1599; 848; 127; 803560; 11
2; r; 1622784; 1599; 107; 90; 822783; 14
2; r; 1625346; 1599; 159; 93; 825345; 16
2; r; 1627269; 1599; 1578; 158; 827268; 10
2; r; 1629192; 1599; 1168; 143; 829191; 12
2; r; 1636241; 1599; 1144; 141; 836240; 10
2; r; 1640726; 1599; 1129; 140; 840725; 13
2; r; 1646494; 1599; 934; 130; 846493; 11
2; r; 1647776; 1599; 1303; 147; 847775; 10
2; r; 1650339; 1599; 110; 91; 850338; 11
2; r; 1654184; 1599; 1187; 144; 854183; 10
2; r; 1658668; 1599; 208; 97; 858667; 19
2; r; 1663796; 1599; 1522; 156; 863795; 22
2; r; 1694564; 1599; 1428; 152; 894563; 11
2; r; 1704820; 1599; 286; 104; 904819; 17
2; r; 1715718; 1599; 1487; 154; 915717; 11
2; r; 1790119; 1599; 1194; 145; 990118; 12
3; r; 3844; 1599; 1596; 94; 3843; 1
3; r; 12169; 1599; 862; 61; 12168; 4
3; r; 16012; 1599; 1154; 73; 16011; 3
3; r; 17294; 1599; 772; 54; 17293; 7
3; r; 22418; 1599; 238; 22; 22417; 10
3; r; 35868; 1599; 1006; 69; 35867; 7
3; r; 40352; 1599; 1388; 81; 40351; 3
3; r; 55728; 1599; 506; 40; 55727; 8
3; r; 60213; 1599; 1429; 88; 60212; 3
3; r; 63416; 1599; 931; 66; 63415; 7
3; r; 65339; 1599; 799; 55; 65338; 4
3; r; 78151; 1599; 1593; 93; 78150; 1
3; r; 78792; 1599; 313; 24; 78791; 9
3; r; 84559; 1599; 1418; 84; 84558; 6
3; r; 89044; 1599; 945; 67; 89043; 9
3; r; 93529; 1599; 917; 65; 93528; 4
3; r; 94170; 1599; 899; 64; 94169; 8
3; r; 96732; 1599; 114; 13; 96731; 11
3; r; 99296; 1599; 231; 21; 99295; 9
3; r; 99937; 1599; 1427; 87; 99936; 4
3; r; 101858; 1599; 427; 32; 101857; 7
3; r; 105702; 1599; 1459; 89; 105701; 4
3; r; 119798; 1599; 350; 27; 119797; 8
3; r; 123641; 1599; 1500; 91; 123640; 5
3; r; 130048; 1599; 216; 20; 130047; 11
3; r; 552223; 1599; 490; 38; 552222; 9
3; r; 554788; 1599; 408; 30; 554787; 9
3; r; 556070; 1599; 1220; 75; 556069; 16
3; r; 577860; 1599; 47; 3; 577859; 11
3; r; 587473; 1599; 423; 31; 587472; 11
3; r; 597727; 1599; 690; 48; 597726; 7
3; r; 605417; 1599; 177; 18; 605416; 16
3; r; 611184; 1599; 480; 37; 611183; 13
3; r; 634254; 1599; 454; 35; 634253; 15
3; r; 636816; 1599; 1365; 80; 636815; 17
3; r; 682951; 1599; 440; 33; 682950; 17
3; r; 697045; 1599; 1040; 70; 697044; 10
3; r; 697686; 1599; 518; 42; 697685; 6
3; r; 698968; 1599; 544; 43; 698967; 8
3; r; 699609; 1599; 868; 62; 699608; 6
3; r; 700250; 1599; 504; 39; 700249; 14
3; r; 704094; 1599; 171; 15; 704093; 14
3; r; 706658; 1599; 1421; 86; 706657; 5
3; r; 714347; 1599; 801; 56; 714346; 11
3; r; 718190; 1599; 707; 49; 718189; 14
3; r; 719471; 1599; 470; 36; 719470; 13
3; r; 720753; 1599; 605; 47; 720752; 9
3; r; 728442; 1599; 1407; 83; 728441; 10
3; r; 730364; 1599; 723; 51; 730363; 12
3; r; 731646; 1599; 1208; 74; 731645; 10
3; r; 743178; 1599; 94; 7; 743177; 13
3; r; 747022; 1599; 552; 44; 747021; 10
3; r; 752148; 1599; 392; 29; 752147; 11
3; r; 752789; 1599; 1419; 85; 752788; 5
3; r; 755352; 1599; 1404; 82; 755351; 9
3; r; 760477; 1599; 391; 28; 760476; 8
3; r; 763040; 1599; 852; 60; 763039; 10
3; r; 770088; 1599; 722; 50; 770087; 14
3; r; 773931; 1599; 104; 10; 773930; 21
3; r; 776495; 1599; 158; 14; 776494; 11
3; r; 791230; 1599; 97; 8; 791229; 12
3; r; 791871; 1599; 27; 2; 791870; 11
3; r; 797638; 1599; 103; 9; 797637; 14
3; r; 808532; 1599; 107; 12; 808531; 16
3; r; 815580; 1599; 202; 19; 815579; 16
3; r; 821346; 1599; 1001; 68; 821345; 15
3; r; 823268; 1599; 443; 34; 823267; 14
3; r; 823909; 1599; 813; 57; 823908; 12
3; r; 824550; 1599; 1317; 78; 824549; 5
3; r; 825191; 1599; 877; 63; 825190; 11
3; r; 832877; 1599; 324; 26; 832876; 12
3; r; 834159; 1599; 172; 16; 834158; 12
3; r; 835441; 1599; 5; 0; 835440; 14
3; r; 836722; 1599; 312; 23; 836721; 9
3; r; 838644; 1599; 176; 17; 838643; 13
3; r; 843130; 1599; 1141; 72; 843129; 8
3; r; 848254; 1599; 602; 46; 848253; 14
3; r; 850177; 1599; 66; 4; 850176; 13
3; r; 852098; 1599; 1462; 90; 852097; 7
3; r; 854020; 1599; 1032; 151; 54019; 3
3; r; 859787; 1599; 851; 59; 859786; 11
3; r; 868117; 1599; 105; 11; 868116; 9
3; r; 873244; 1599; 511; 41; 873243; 12
3; r; 877088; 1599; 771; 53; 877087; 12
3; r; 902715; 1599; 750; 133; 102714; 4
3; r; 903997; 1599; 494; 122; 103996; 11
3; r; 906560; 1599; 1085; 71; 906559; 10
3; r; 912968; 1599; 839; 58; 912967; 7
3; r; 913609; 1599; 950; 145; 113608; 3
3; r; 920015; 1599; 1437; 167; 120014; 1
3; r; 925140; 1599; 487; 120; 125139; 9
3; r; 928984; 1599; 795; 137; 128983; 5
3; r; 1341685; 1599; 723; 130; 541684; 9
3; r; 1342326; 1599; 1078; 154; 542325; 4
3; r; 1342966; 1599; 177; 105; 542965; 11
3; r; 1344248; 1599; 1399; 164; 544247; 1
3; r; 1367957; 1599; 1551; 92; 1367956; 17
3; r; 1370520; 1599; 567; 123; 570519; 10
3; r; 1380134; 1599; 1273; 159; 580133; 2
3; r; 1383339; 1599; 574; 45; 1383338; 10
3; r; 1385262; 1599; 148; 102; 585261; 8
3; r; 1389108; 1599; 277; 113; 589107; 10
3; r; 1399363; 1599; 1268; 76; 1399362; 20
3; r; 1401286; 1599; 1003; 149; 601285; 8
3; r; 1405131; 1599; 699; 129; 605130; 11
3; r; 1412819; 1599; 125; 100; 612818; 11
3; r; 1413460; 1599; 745; 132; 613459; 8
3; r; 1414101; 1599; 1288; 160; 614100; 13
3; r; 1432045; 1599; 980; 147; 632044; 6
3; r; 1443580; 1599; 978; 146; 643579; 7
3; r; 1460240; 1599; 1298; 77; 1460239; 18
3; r; 1461522; 1599; 883; 143; 661521; 9
3; r; 1463445; 1599; 320; 25; 1463444; 19
3; r; 1465367; 1599; 1071; 153; 665366; 5
3; r; 1469211; 1599; 1121; 156; 669210; 8
3; r; 1474979; 1599; 876; 141; 674978; 5
3; r; 1476261; 1599; 483; 119; 676260; 13
3; r; 1479465; 1599; 405; 117; 679464; 10
3; r; 1480106; 1599; 391; 116; 680105; 9
3; r; 1497405; 1599; 488; 121; 697404; 9
3; r; 1513420; 1599; 1308; 161; 713419; 4
3; r; 1518547; 1599; 847; 140; 718546; 9
3; r; 1520469; 1599; 652; 125; 720468; 9
3; r; 1523032; 1599; 241; 110; 723031; 11
3; r; 1523673; 1599; 311; 115; 723672; 8
3; r; 1525595; 1599; 194; 106; 725594; 12
3; r; 1534564; 1599; 663; 127; 734563; 8
3; r; 1536487; 1599; 1172; 157; 736486; 7
3; r; 1537128; 1599; 237; 109; 737127; 12
3; r; 1549301; 1599; 1400; 165; 749300; 8
3; r; 1553788; 1599; 209; 107; 753787; 16
3; r; 1556992; 1599; 425; 118; 756991; 9
3; r; 1561477; 1599; 123; 99; 761476; 12
3; r; 1570447; 1599; 1019; 150; 770446; 7
3; r; 1577496; 1599; 307; 114; 777495; 7
3; r; 1580700; 1599; 150; 103; 780699; 9
3; r; 1584545; 1599; 1212; 158; 784544; 16
3; r; 1585186; 1599; 840; 139; 785185; 18
3; r; 1588389; 1599; 655; 126; 788388; 10
3; r; 1594156; 1599; 27; 95; 794155; 17
3; r; 1594797; 1599; 55; 96; 794796; 11
3; r; 1606330; 1599; 140; 101; 806329; 9
3; r; 1612096; 1599; 1067; 152; 812095; 12
3; r; 1615301; 1599; 242; 111; 815300; 13
3; r; 1624272; 1599; 91; 6; 1624271; 23
3; r; 1646062; 1599; 118; 98; 846061; 10
3; r; 1655676; 1599; 800; 138; 855675; 13
3; r; 1660163; 1599; 740; 131; 860162; 12
3; r; 1662086; 1599; 889; 144; 862085; 10
3; r; 1664007; 1599; 166; 104; 864006; 15
3; r; 1669776; 1599; 73; 5; 1669775; 13
3; r; 1685158; 1599; 1323; 162; 885157; 9
3; r; 1689645; 1599; 231; 108; 889644; 22
3; r; 1698617; 1599; 785; 135; 898616; 18
3; r; 1703105; 1599; 1361; 163; 903104; 20
3; r; 1712078; 1599; 260; 112; 912077; 17
3; r; 1714642; 1599; 879; 142; 914641; 21
3; r; 1715283; 1599; 775; 134; 915282; 11
3; r; 1720411; 1599; 97; 97; 920410; 14
3; r; 2171008; 1599; 673; 128; 1371007; 21
3; r; 2201788; 1599; 596; 124; 1401787; 19
4; r; 7045; 1599; 1518; 71; 7044; 1
4; r; 9606; 1599; 1029; 44; 9605; 3
4; r; 13449; 1599; 1268; 60; 13448; 3
4; r; 21136; 1599; 1149; 52; 21135; 5
4; r; 29465; 1599; 1457; 69; 29464; 4
4; r; 35230; 1599; 1422; 66; 35229; 4
4; r; 40356; 1599; 191; 5; 40355; 9
4; r; 60214; 1599; 1059; 46; 60213; 6
4; r; 62777; 1599; 402; 16; 62776; 11
4; r; 63418; 1599; 1070; 49; 63417; 6
4; r; 71104; 1599; 1008; 42; 71103; 7
4; r; 81352; 1599; 1407; 65; 81351; 6
4; r; 94166; 1599; 672; 31; 94165; 7
4; r; 103137; 1599; 1442; 67; 103136; 11
4; r; 105058; 1599; 555; 23; 105057; 5
4; r; 116590; 1599; 294; 11; 116589; 12
4; r; 122997; 1599; 1063; 48; 122996; 4
4; r; 123638; 1599; 570; 24; 123637; 9
4; r; 124279; 1599; 1326; 61; 124278; 8
4; r; 126201; 1599; 1028; 43; 126200; 5
4; r; 129405; 1599; 1391; 64; 129404; 5
4; r; 133249; 1599; 671; 30; 133248; 5
4; r; 134531; 1599; 268; 10; 134530; 8
4; r; 144782; 1599; 709; 33; 144781; 7
4; r; 150549; 1599; 203; 6; 150548; 11
4; r; 558799; 1599; 236; 9; 558798; 18
4; r; 566488; 1599; 468; 19; 566487; 6
4; r; 570334; 1599; 935; 40; 570333; 10
4; r; 571617; 1599; 625; 27; 571616; 7
4; r; 581873; 1599; 950; 41; 581872; 6
4; r; 606868; 1599; 758; 36; 606867; 8
4; r; 624171; 1599; 72; 3; 624170; 9
4; r; 633142; 1599; 1060; 47; 633141; 9
4; r; 645317; 1599; 1163; 53; 645316; 13
4; r; 647881; 1599; 1259; 59; 647880; 8
4; r; 658773; 1599; 522; 21; 658772; 10
4; r; 685042; 1599; 1196; 56; 685041; 14
4; r; 688246; 1599; 756; 35; 688245; 6
4; r; 697856; 1599; 796; 37; 697855; 9
4; r; 701059; 1599; 710; 34; 701058; 8
4; r; 715156; 1599; 37; 1; 715155; 13
4; r; 720282; 1599; 621; 26; 720281; 18
4; r; 727330; 1599; 821; 38; 727329; 12
4; r; 738226; 1599; 354; 14; 738225; 19
4; r; 747838; 1599; 465; 18; 747837; 15
4; r; 751683; 1599; 636; 28; 751682; 10
4; r; 759371; 1599; 454; 17; 759370; 25
4; r; 763216; 1599; 106; 4; 763215; 12
4; r; 765780; 1599; 1455; 68; 765779; 14
4; r; 768344; 1599; 1534; 72; 768343; 17
4; r; 769626; 1599; 1203; 57; 769625; 14
4; r; 772830; 1599; 1095; 50; 772829; 14
4; r; 801664; 1599; 1185; 55; 801663; 20
4; r; 803586; 1599; 303; 12; 803585; 13
4; r; 810633; 1599; 426; 94; 10632; 7
4; r; 815759; 1599; 1274; 132; 15758; 2
4; r; 820244; 1599; 917; 39; 820243; 14
4; r; 824728; 1599; 1508; 141; 24727; 3
4; r; 826010; 1599; 654; 29; 826009; 15
4; r; 840105; 1599; 1090; 122; 40104; 6
4; r; 842027; 1599; 1556; 143; 42026; 1
4; r; 843950; 1599; 537; 22; 843949; 18
4; r; 849075; 1599; 1206; 58; 849074; 14
4; r; 854200; 1599; 1341; 134; 54199; 4
4; r; 866373; 1599; 419; 93; 66372; 9
4; r; 869577; 1599; 70; 2; 869576; 21
4; r; 872139; 1599; 1595; 148; 72138; 1
4; r; 875342; 1599; 1181; 54; 875341; 18
4; r; 886874; 1599; 270; 86; 86873; 8
4; r; 893922; 1599; 905; 114; 93921; 5
4; r; 899047; 1599; 503; 97; 99046; 9
4; r; 909300; 1599; 1540; 142; 109299; 5
4; r; 909941; 1599; 253; 84; 109940; 8
4; r; 915707; 1599; 1352; 135; 115706; 3
4; r; 916989; 1599; 1499; 139; 116988; 5
4; r; 920833; 1599; 698; 105; 120832; 7
4; r; 924037; 1599; 1148; 126; 124036; 3
4; r; 925958; 1599; 89; 76; 125957; 10
4; r; 928521; 1599; 1113; 123; 128520; 3
4; r; 934929; 1599; 1262; 131; 134928; 5
4; r; 935570; 1599; 387; 91; 135569; 10
4; r; 938774; 1599; 725; 107; 138773; 7
4; r; 944542; 1599; 1504; 140; 144541; 3
4; r; 1355525; 1599; 703; 106; 555524; 7
4; r; 1367701; 1599; 571; 25; 1367700; 19
4; r; 1370906; 1599; 487; 96; 570905; 9
4; r; 1374110; 1599; 1438; 138; 574109; 5
4; r; 1377955; 1599; 1365; 136; 577954; 10
4; r; 1392051; 1599; 236; 82; 592050; 10
4; r; 1399100; 1599; 621; 103; 599099; 9
4; r; 1406789; 1599; 1343; 62; 1406788; 25
4; r; 1416401; 1599; 61; 75; 616400; 11
4; r; 1428578; 1599; 1115; 124; 628577; 5
4; r; 1431141; 1599; 294; 87; 631140; 9
4; r; 1452927; 1599; 1020; 120; 652926; 8
4; r; 1458053; 1599; 1567; 145; 658052; 12
4; r; 1461899; 1599; 1566; 144; 661898; 11
4; r; 1465743; 1599; 1087; 121; 665742; 11
4; r; 1467665; 1599; 114; 77; 667664; 11
4; r; 1472150; 1599; 515; 99; 672149; 15
4; r; 1474073; 1599; 47; 74; 674072; 15
4; r; 1478559; 1599; 309; 88; 678558; 9
4; r; 1494578; 1599; 960; 116; 694577; 10
4; r; 1495219; 1599; 1013; 118; 695218; 13
4; r; 1502267; 1599; 1018; 119; 702266; 7
4; r; 1513157; 1599; 1195; 127; 713156; 8
4; r; 1521485; 1599; 638; 104; 721484; 12
4; r; 1528533; 1599; 1011; 117; 728532; 16
4; r; 1530455; 1599; 210; 79; 730454; 12
4; r; 1533658; 1599; 533; 101; 733657; 11
4; r; 1543270; 1599; 1285; 133; 743269; 9
4; r; 1543911; 1599; 1367; 63; 1543910; 22
4; r; 1547755; 1599; 748; 108; 747754; 15
4; r; 1560569; 1599; 923; 115; 760568; 10
4; r; 1565694; 1599; 527; 100; 765693; 13
4; r; 1566334; 1599; 319; 89; 766333; 13
4; r; 1570178; 1599; 248; 83; 770177; 11
4; r; 1572100; 1599; 462; 95; 772099; 12
4; r; 1575304; 1599; 1409; 137; 775303; 12
4; r; 1577226; 1599; 333; 90; 777225; 12
4; r; 1579789; 1599; 618; 102; 779788; 11
4; r; 1588120; 1599; 1133; 125; 788119; 7
4; r; 1601573; 1599; 898; 113; 801572; 7
4; r; 1604777; 1599; 228; 81; 804776; 14
4; r; 1643862; 1599; 213; 80; 843861; 13
4; r; 1647707; 1599; 174; 78; 847706; 11
4; r; 1649629; 1599; 388; 92; 849628; 18
4; r; 1686799; 1599; 1586; 147; 886798; 26
4; r; 1694490; 1599; 16; 73; 894489; 13
4; r; 1709230; 1599; 813; 112; 909229; 16
4; r; 1722690; 1599; 796; 111; 922689; 18
4; r; 1737434; 1599; 512; 98; 937433; 22
4; r; 2170601; 1599; 1254; 129; 1370600; 25
4; r; 2187925; 1599; 770; 110; 1387924; 18
4; r; 2194336; 1599; 1235; 128; 1394335; 19
5; r; 5764; 1599; 148; 6; 5763; 7
5; r; 16012; 1599; 151; 7; 16011; 8
5; r; 19853; 1599; 374; 22; 19852; 9
5; r; 31381; 1599; 1116; 57; 31380; 2
5; r; 36505; 1599; 1015; 49; 36504; 6
5; r; 49955; 1599; 1275; 65; 49954; 2
5; r; 51236; 1599; 1075; 54; 51235; 5
5; r; 52517; 1599; 654; 33; 52516; 15
5; r; 57642; 1599; 503; 28; 57641; 8
5; r; 62768; 1599; 840; 38; 62767; 9
5; r; 71096; 1599; 1098; 56; 71095; 5
5; r; 490654; 1599; 1140; 59; 490653; 6
5; r; 508601; 1599; 1432; 74; 508600; 4
5; r; 516933; 1599; 859; 40; 516932; 7
5; r; 527189; 1599; 1592; 78; 527188; 2
5; r; 542572; 1599; 265; 15; 542571; 14
5; r; 543854; 1599; 468; 26; 543853; 13
5; r; 550903; 1599; 1037; 52; 550902; 8
5; r; 557311; 1599; 372; 21; 557310; 14
5; r; 586149; 1599; 1035; 51; 586148; 14
5; r; 595762; 1599; 1494; 77; 595761; 8
5; r; 596403; 1599; 851; 39; 596402; 15
5; r; 602812; 1599; 298; 17; 602811; 8
5; r; 604094; 1599; 1266; 63; 604093; 5
5; r; 606658; 1599; 18; 0; 606657; 11
5; r; 607299; 1599; 135; 5; 607298; 9
5; r; 612425; 1599; 569; 30; 612424; 8
5; r; 634854; 1599; 674; 34; 634853; 7
5; r; 638059; 1599; 444; 24; 638058; 10
5; r; 639982; 1599; 1473; 76; 639981; 6
5; r; 651517; 1599; 520; 29; 651516; 13
5; r; 656642; 1599; 1334; 67; 656641; 10
5; r; 662411; 1599; 1416; 72; 662410; 9
5; r; 675227; 1599; 903; 43; 675226; 6
5; r; 683557; 1599; 1097; 55; 683556; 16
5; r; 684198; 1599; 971; 45; 684197; 11
5; r; 693166; 1599; 352; 20; 693165; 18
5; r; 693807; 1599; 1270; 64; 693806; 4
5; r; 696371; 1599; 484; 27; 696370; 13
5; r; 702137; 1599; 460; 25; 702136; 10
5; r; 705982; 1599; 205; 11; 705981; 11
5; r; 714312; 1599; 1262; 61; 714311; 6
5; r; 714953; 1599; 866; 41; 714952; 16
5; r; 745703; 1599; 1005; 48; 745702; 15
5; r; 746344; 1599; 22; 1; 746343; 13
5; r; 747626; 1599; 219; 12; 747625; 12
5; r; 748267; 1599; 1448; 75; 748266; 12
5; r; 757880; 1599; 419; 23; 757879; 12
5; r; 758521; 1599; 804; 35; 758520; 17
5; r; 775177; 1599; 119; 4; 775176; 20
5; r; 786713; 1599; 973; 46; 786712; 21
5; r; 795043; 1599; 163; 8; 795042; 14
5; r; 806575; 1599; 339; 18; 806574; 18
5; r; 818108; 1599; 182; 9; 818107; 20
5; r; 832845; 1599; 1509; 164; 32844; 2
5; r; 833486; 1599; 298; 95; 33485; 7
5; r; 837330; 1599; 1354; 68; 837329; 12
5; r; 864882; 1599; 1408; 155; 64881; 6
5; r; 866805; 1599; 966; 44; 866804; 19
5; r; 868087; 1599; 676; 113; 68086; 5
5; r; 872572; 1599; 979; 133; 72571; 6
5; r; 873854; 1599; 1354; 152; 73853; 1
5; r; 875136; 1599; 1502; 163; 75135; 5
5; r; 1296478; 1599; 1388; 70; 1296477; 14
5; r; 1299683; 1599; 1203; 60; 1299682; 13
5; r; 1303529; 1599; 1119; 58; 1303528; 20
5; r; 1324039; 1599; 1177; 144; 524038; 6
5; r; 1338779; 1599; 631; 32; 1338778; 20
5; r; 1339420; 1599; 753; 119; 539419; 5
5; r; 1341984; 1599; 828; 37; 1341983; 12
5; r; 1345189; 1599; 1454; 159; 545188; 7
5; r; 1353521; 1599; 1002; 47; 1353520; 21
5; r; 1366981; 1599; 232; 13; 1366980; 17
5; r; 1369544; 1599; 954; 132; 569543; 6
5; r; 1377874; 1599; 614; 108; 577873; 7
5; r; 1384284; 1599; 238; 89; 584283; 9
5; r; 1388771; 1599; 818; 123; 588770; 8
5; r; 1391975; 1599; 260; 92; 591974; 12
5; r; 1399665; 1599; 1072; 53; 1399664; 20
5; r; 1408637; 1599; 1011; 137; 608636; 9
5; r; 1420812; 1599; 1180; 145; 620811; 5
5; r; 1421453; 1599; 1583; 166; 621452; 5
5; r; 1431066; 1599; 190; 86; 631065; 8
5; r; 1434910; 1599; 1458; 160; 634909; 6
5; r; 1438754; 1599; 831; 125; 638753; 4
5; r; 1449646; 1599; 1018; 50; 1449645; 21
5; r; 1454772; 1599; 438; 103; 654771; 8
5; r; 1456694; 1599; 386; 99; 656693; 8
5; r; 1457975; 1599; 1230; 147; 657974; 7
5; r; 1459897; 1599; 164; 84; 659896; 12
5; r; 1463100; 1599; 1003; 135; 663099; 9
5; r; 1463741; 1599; 621; 109; 663740; 11
5; r; 1466305; 1599; 1277; 148; 666304; 3
5; r; 1470150; 1599; 1401; 71; 1470149; 22
5; r; 1487452; 1599; 678; 114; 687451; 12
5; r; 1488093; 1599; 659; 112; 688092; 9
5; r; 1488734; 1599; 1335; 150; 688733; 7
5; r; 1489375; 1599; 1283; 66; 1489374; 23
5; r; 1493861; 1599; 269; 93; 693860; 11
5; r; 1500269; 1599; 826; 124; 700268; 5
5; r; 1507957; 1599; 229; 88; 707956; 7
5; r; 1509238; 1599; 606; 106; 709237; 12
5; r; 1515004; 1599; 44; 79; 715003; 12
5; r; 1528461; 1599; 270; 94; 728460; 11
5; r; 1529102; 1599; 625; 110; 729101; 7
5; r; 1531664; 1599; 1383; 153; 731663; 7
5; r; 1543839; 1599; 1334; 149; 743838; 7
5; r; 1548324; 1599; 887; 129; 748323; 9
5; r; 1551528; 1599; 147; 83; 751527; 11
5; r; 1566907; 1599; 857; 128; 766906; 12
5; r; 1567548; 1599; 1148; 142; 767547; 17
5; r; 1573313; 1599; 542; 105; 773312; 12
5; r; 1577157; 1599; 1589; 168; 777156; 7
5; r; 1581643; 1599; 210; 87; 781642; 8
5; r; 1588051; 1599; 441; 104; 788050; 13
5; r; 1592536; 1599; 1489; 161; 792535; 19
5; r; 1600224; 1599; 392; 100; 800223; 11
5; r; 1605991; 1599; 50; 80; 805990; 14
5; r; 1613040; 1599; 126; 82; 813039; 11
5; r; 1616884; 1599; 685; 115; 816883; 11
5; r; 1620730; 1599; 1202; 146; 820729; 12
5; r; 1637387; 1599; 841; 126; 837386; 12
5; r; 1641874; 1599; 166; 85; 841873; 11
5; r; 1654050; 1599; 687; 116; 854049; 9
5; r; 1655332; 1599; 901; 131; 855331; 8
5; r; 1656613; 1599; 410; 101; 856612; 12
5; r; 1659177; 1599; 707; 117; 859176; 16
5; r; 1660459; 1599; 253; 91; 860458; 16
5; r; 1662382; 1599; 1096; 141; 862381; 8
5; r; 1664946; 1599; 1175; 143; 864945; 10
5; r; 1665587; 1599; 305; 96; 865586; 13
5; r; 1668151; 1599; 1008; 136; 868150; 11
5; r; 1672637; 1599; 1556; 165; 872636; 6
5; r; 1674560; 1599; 853; 127; 874559; 9
5; r; 2093632; 1599; 1422; 157; 1293631; 21
5; r; 2095555; 1599; 1343; 151; 1295554; 14
5; r; 2102608; 1599; 640; 111; 1302607; 15
5; r; 2103890; 1599; 1054; 139; 1303889; 22
5; r; 2111583; 1599; 994; 134; 1311582; 21
5; r; 2134658; 1599; 784; 121; 1334657; 15
5; r; 2135940; 1599; 789; 122; 1335939; 20
5; r; 2156451; 1599; 1498; 162; 1356450; 19
5; r; 2158374; 1599; 776; 120; 1358373; 14
5; r; 2161579; 1599; 1390; 154; 1361578; 17
5; r; 2187218; 1599; 749; 118; 1387217; 18
5; r; 2201959; 1599; 435; 102; 1401958; 15
5; r; 2228883; 1599; 125; 81; 1428882; 20
5; r; 2235937; 1599; 894; 130; 1435936; 13
5; r; 2237220; 1599; 314; 97; 1437219; 21
6; r; 1925; 1599; 1474; 65; 1924; 1
6; r; 20499; 1599; 354; 16; 20498; 9
6; r; 26265; 1599; 1537; 70; 26264; 5
6; r; 26905; 1599; 897; 46; 26904; 5
6; r; 30749; 1599; 1593; 74; 30748; 1
6; r; 46760; 1599; 953; 48; 46759; 3
6; r; 51885; 1599; 996; 52; 51884; 4
6; r; 494861; 1599; 1308; 59; 494860; 3
6; r; 530753; 1599; 407; 21; 530752; 14
6; r; 536523; 1599; 733; 37; 536522; 12
6; r; 548700; 1599; 405; 20; 548699; 11
6; r; 551264; 1599; 800; 42; 551263; 11
6; r; 558314; 1599; 866; 45; 558313; 5
6; r; 558955; 1599; 899; 47; 558954; 6
6; r; 561519; 1599; 1504; 67; 561518; 12
6; r; 570492; 1599; 75; 3; 570491; 10
6; r; 583311; 1599; 425; 22; 583310; 15
6; r; 585874; 1599; 1560; 71; 585873; 13
6; r; 606380; 1599; 970; 50; 606379; 17
6; r; 623043; 1599; 510; 27; 623042; 17
6; r; 633937; 1599; 1452; 64; 633936; 9
6; r; 640347; 1599; 582; 31; 640346; 10
6; r; 641628; 1599; 1229; 57; 641627; 5
6; r; 646113; 1599; 1239; 58; 646112; 9
6; r; 671100; 1599; 170; 5; 671099; 17
6; r; 680070; 1599; 58; 1; 680069; 11
6; r; 688398; 1599; 1227; 56; 688397; 11
6; r; 689679; 1599; 529; 28; 689678; 14
6; r; 692883; 1599; 1498; 66; 692882; 7
6; r; 694165; 1599; 453; 25; 694164; 14
6; r; 703777; 1599; 13; 0; 703776; 16
6; r; 704417; 1599; 204; 7; 704416; 17
6; r; 706339; 1599; 769; 39; 706338; 14
6; r; 717873; 1599; 379; 18; 717872; 15
6; r; 723000; 1599; 727; 36; 722999; 18
6; r; 723640; 1599; 234; 10; 723639; 11
6; r; 728124; 1599; 1114; 55; 728123; 16
6; r; 733890; 1599; 840; 44; 733889; 15
6; r; 744783; 1599; 1342; 61; 744782; 11
6; r; 745424; 1599; 1582; 73; 745423; 16
6; r; 756316; 1599; 327; 15; 756315; 16
6; r; 764004; 1599; 61; 2; 764003; 11
6; r; 767207; 1599; 291; 13; 767206; 10
6; r; 767848; 1599; 787; 41; 767847; 20
6; r; 778100; 1599; 287; 12; 778099; 13
6; r; 784508; 1599; 1315; 60; 784507; 14
6; r; 792197; 1599; 227; 9; 792196; 12
6; r; 793479; 1599; 536; 29; 793478; 11
6; r; 796042; 1599; 444; 24; 796041; 17
6; r; 798605; 1599; 1532; 69; 798604; 13
6; r; 802451; 1599; 212; 8; 802450; 18
6; r; 812703; 1599; 1555; 145; 12702; 2
6; r; 821031; 1599; 377; 93; 21030; 8
6; r; 824875; 1599; 946; 119; 24874; 4
6; r; 828078; 1599; 1516; 143; 28077; 1
6; r; 838967; 1599; 363; 17; 838966; 14
6; r; 840889; 1599; 977; 51; 840888; 17
6; r; 848577; 1599; 1483; 141; 48576; 8
6; r; 1271143; 1599; 1505; 142; 471142; 5
6; r; 1280117; 1599; 699; 107; 480116; 8
6; r; 1296142; 1599; 1440; 63; 1296141; 18
6; r; 1299989; 1599; 1439; 140; 499988; 1
6; r; 1309601; 1599; 532; 100; 509600; 8
6; r; 1318575; 1599; 1074; 126; 518574; 3
6; r; 1347415; 1599; 518; 99; 547414; 6
6; r; 1349979; 1599; 593; 32; 1349978; 20
6; r; 1354466; 1599; 1089; 54; 1354465; 20
6; r; 1355107; 1599; 774; 111; 555106; 8
6; r; 1358310; 1599; 735; 109; 558309; 7
6; r; 1369206; 1599; 511; 98; 569205; 8
6; r; 1373692; 1599; 539; 30; 1373691; 26
6; r; 1374332; 1599; 782; 112; 574331; 7
6; r; 1378818; 1599; 47; 80; 578817; 10
6; r; 1381381; 1599; 1421; 62; 1381380; 22
6; r; 1388429; 1599; 1574; 72; 1388428; 27
6; r; 1394838; 1599; 830; 116; 594837; 7
6; r; 1401889; 1599; 616; 103; 601888; 10
6; r; 1414066; 1599; 987; 121; 614065; 7
6; r; 1421114; 1599; 1329; 135; 621113; 12
6; r; 1421755; 1599; 1274; 132; 621754; 8
6; r; 1426882; 1599; 272; 88; 626881; 8
6; r; 1430085; 1599; 1103; 128; 630084; 10
6; r; 1448668; 1599; 1219; 130; 648667; 14
6; r; 1452513; 1599; 425; 94; 652512; 11
6; r; 1456357; 1599; 38; 79; 656356; 11
6; r; 1467889; 1599; 1206; 129; 667888; 9
6; r; 1487750; 1599; 672; 104; 687749; 10
6; r; 1491595; 1599; 784; 40; 1491594; 17
6; r; 1499924; 1599; 787; 113; 699923; 8
6; r; 1500565; 1599; 1357; 136; 700564; 2
6; r; 1505049; 1599; 796; 115; 705048; 8
6; r; 1510818; 1599; 769; 110; 710817; 15
6; r; 1511459; 1599; 792; 114; 711458; 14
6; r; 1521713; 1599; 1585; 146; 721712; 13
6; r; 1522354; 1599; 984; 120; 722353; 7
6; r; 1531966; 1599; 16; 76; 731965; 16
6; r; 1533889; 1599; 1239; 131; 733888; 6
6; r; 1547987; 1599; 356; 92; 747986; 17
6; r; 1551831; 1599; 158; 84; 751830; 14
6; r; 1567849; 1599; 142; 83; 767848; 11
6; r; 1569772; 1599; 1383; 137; 769771; 14
6; r; 1576820; 1599; 88; 82; 776819; 17
6; r; 1578102; 1599; 20; 78; 778101; 16
6; r; 1585149; 1599; 1414; 138; 785148; 13
6; r; 1588352; 1599; 57; 81; 788351; 17
6; r; 1593479; 1599; 430; 95; 793478; 14
6; r; 1594120; 1599; 581; 101; 794119; 8
6; r; 1605015; 1599; 116; 4; 1605014; 26
6; r; 1605656; 1599; 1525; 144; 805655; 12
6; r; 1613348; 1599; 1077; 127; 813347; 9
6; r; 1616552; 1599; 1002; 123; 816551; 12
6; r; 1619757; 1599; 207; 87; 819756; 13
6; r; 1624243; 1599; 858; 117; 824242; 13
6; r; 1626166; 1599; 733; 108; 826165; 16
6; r; 1635135; 1599; 607; 102; 835134; 13
6; r; 1635776; 1599; 1038; 125; 835775; 19
6; r; 2071276; 1599; 679; 105; 973000; 20
6; r; 2093090; 1599; 1325; 134; 1293089; 24
6; r; 2147001; 1599; 322; 91; 1347000; 23
7; r; 19857; 1599; 1033; 46; 19856; 4
7; r; 21778; 1599; 1337; 60; 21777; 5
7; r; 33308; 1599; 348; 16; 33307; 8
7; r; 37791; 1599; 1459; 68; 37790; 7
7; r; 48039; 1599; 1032; 45; 48038; 4
7; r; 59568; 1599; 1151; 54; 59567; 5
7; r; 73020; 1599; 60; 1; 73019; 8
7; r; 85192; 1599; 170; 5; 85191; 13
7; r; 90317; 1599; 596; 28; 90316; 6
7; r; 91599; 1599; 1075; 51; 91598; 2
7; r; 98646; 1599; 676; 32; 98645; 9
7; r; 103132; 1599; 255; 9; 103131; 11
7; r; 103773; 1599; 1442; 66; 103772; 9
7; r; 112102; 1599; 981; 43; 112101; 5
7; r; 113383; 1599; 516; 24; 113382; 9
7; r; 119150; 1599; 199; 7; 119149; 8
7; r; 119791; 1599; 1329; 59; 119790; 9
7; r; 122353; 1599; 624; 30; 122352; 8
7; r; 122993; 1599; 863; 38; 122992; 4
7; r; 146702; 1599; 430; 20; 146701; 8
7; r; 148624; 1599; 1392; 64; 148623; 2
7; r; 155031; 1599; 1382; 63; 155030; 4
7; r; 156953; 1599; 1499; 71; 156952; 5
7; r; 171053; 1599; 1044; 48; 171052; 10
7; r; 171694; 1599; 1270; 58; 171693; 4
7; r; 174898; 1599; 525; 25; 174897; 11
7; r; 178742; 1599; 1252; 57; 178741; 7
7; r; 185149; 1599; 1057; 50; 185148; 6
7; r; 196041; 1599; 1522; 72; 196040; 8
7; r; 196682; 1599; 176; 6; 196681; 13
7; r; 200526; 1599; 1091; 53; 200525; 8
7; r; 222954; 1599; 1368; 61; 222953; 7
7; r; 223595; 1599; 899; 39; 223594; 5
7; r; 228723; 1599; 593; 27; 228722; 5
7; r; 237696; 1599; 279; 10; 237695; 9
7; r; 256922; 1599; 1169; 55; 256921; 8
7; r; 269740; 1599; 670; 31; 269739; 9
7; r; 272304; 1599; 715; 33; 272303; 7
7; r; 280637; 1599; 1401; 65; 280636; 12
7; r; 283202; 1599; 491; 22; 283201; 11
7; r; 286408; 1599; 811; 37; 286407; 8
7; r; 292179; 1599; 345; 15; 292178; 9
7; r; 308851; 1599; 98; 2; 308850; 10
7; r; 312697; 1599; 386; 17; 312696; 8
7; r; 318467; 1599; 1449; 67; 318466; 7
7; r; 328727; 1599; 319; 12; 328726; 7
7; r; 329368; 1599; 342; 14; 329367; 9
7; r; 346061; 1599; 1047; 49; 346060; 9
7; r; 759831; 1599; 1470; 69; 759830; 11
7; r; 760472; 1599; 1084; 52; 760471; 9
7; r; 768160; 1599; 116; 4; 768159; 12
7; r; 771363; 1599; 338; 13; 771362; 15
7; r; 778412; 1599; 759; 35; 778411; 14
7; r; 779053; 1599; 540; 26; 779052; 15
7; r; 781617; 1599; 927; 40; 781616; 21
7; r; 787384; 1599; 1191; 56; 787383; 12
7; r; 788666; 1599; 1038; 47; 788665; 14
7; r; 789947; 1599; 608; 29; 789946; 19
7; r; 790588; 1599; 296; 11; 790587; 19
7; r; 791870; 1599; 1020; 44; 791869; 8
7; r; 795714; 1599; 205; 8; 795713; 16
7; r; 809171; 1599; 510; 23; 809170; 20
7; r; 812373; 1599; 1151; 138; 12372; 2
7; r; 814295; 1599; 963; 42; 814294; 19
7; r; 816857; 1599; 1116; 136; 16856; 3
7; r; 847609; 1599; 1153; 139; 47608; 2
7; r; 851452; 1599; 930; 126; 51451; 9
7; r; 863624; 1599; 1173; 142; 63623; 5
7; r; 868749; 1599; 1540; 158; 68748; 3
7; r; 873875; 1599; 633; 107; 73874; 8
7; r; 874516; 1599; 1314; 148; 74515; 2
7; r; 877720; 1599; 657; 110; 77719; 7
7; r; 884768; 1599; 893; 123; 84767; 9
7; r; 893097; 1599; 1117; 137; 93096; 3
7; r; 897582; 1599; 1353; 151; 97581; 2
7; r; 909112; 1599; 472; 100; 109111; 6
7; r; 918081; 1599; 833; 118; 118080; 4
7; r; 921286; 1599; 1382; 152; 121285; 3
7; r; 921927; 1599; 1497; 70; 921926; 17
7; r; 929614; 1599; 384; 93; 129613; 7
7; r; 931536; 1599; 875; 121; 131535; 4
7; r; 935380; 1599; 1069; 135; 135379; 3
7; r; 945632; 1599; 1067; 134; 145631; 5
7; r; 948195; 1599; 469; 99; 148194; 8
7; r; 951400; 1599; 455; 21; 951399; 18
7; r; 956527; 1599; 479; 101; 156526; 7
7; r; 966139; 1599; 755; 34; 966138; 19
7; r; 971906; 1599; 1264; 145; 171905; 7
7; r; 975751; 1599; 212; 85; 175750; 13
7; r; 986644; 1599; 718; 112; 186643; 7
7; r; 994334; 1599; 454; 97; 194333; 7
7; r; 998178; 1599; 200; 83; 198177; 11
7; r; 1005867; 1599; 1259; 144; 205866; 5
7; r; 1013557; 1599; 606; 105; 213556; 7
7; r; 1021247; 1599; 796; 117; 221246; 5
7; r; 1035345; 1599; 300; 90; 235344; 8
7; r; 1050083; 1599; 870; 120; 250082; 5
7; r; 1050723; 1599; 554; 103; 250722; 6
7; r; 1052005; 1599; 232; 86; 252004; 8
7; r; 1076360; 1599; 729; 114; 276359; 8
7; r; 1091098; 1599; 256; 87; 291097; 10
7; r; 1091739; 1599; 1210; 143; 291738; 8
7; r; 1096226; 1599; 1346; 150; 296225; 3
7; r; 1100713; 1599; 1542; 159; 300712; 4
7; r; 1110968; 1599; 52; 75; 310967; 11
7; r; 1114815; 1599; 1024; 132; 314814; 5
7; r; 1126353; 1599; 916; 124; 326352; 8
7; r; 1132761; 1599; 751; 115; 332760; 6
7; r; 1142381; 1599; 64; 76; 342380; 8
7; r; 1556445; 1599; 728; 113; 756444; 9
7; r; 1562212; 1599; 526; 102; 762211; 10
7; r; 1573745; 1599; 1544; 160; 773744; 6
7; r; 1575667; 1599; 603; 104; 775666; 13
7; r; 1577590; 1599; 1331; 149; 777589; 7
7; r; 1584638; 1599; 84; 78; 784637; 17
7; r; 1596813; 1599; 372; 92; 796812; 12
7; r; 1605142; 1599; 394; 94; 805141; 12
7; r; 1606423; 1599; 293; 88; 806422; 13
7; r; 1613473; 1599; 971; 128; 813472; 19
7; r; 1614755; 1599; 921; 125; 814754; 16
7; r; 1617960; 1599; 1293; 147; 817959; 10
7; r; 1618601; 1599; 1040; 133; 818600; 10
7; r; 1622447; 1599; 398; 95; 822446; 11
7; r; 1623729; 1599; 646; 108; 823728; 18
7; r; 1624370; 1599; 655; 109; 824369; 10
7; r; 1625011; 1599; 119; 79; 825010; 9
7; r; 1628857; 1599; 201; 84; 828856; 13
7; r; 1635906; 1599; 1463; 154; 835905; 11
7; r; 1636547; 1599; 457; 98; 836546; 12
7; r; 1637188; 1599; 614; 106; 837187; 8
7; r; 1639111; 1599; 332; 91; 839110; 14
7; r; 1642957; 1599; 1172; 141; 842956; 11
7; r; 1644238; 1599; 129; 80; 844237; 11
7; r; 1655773; 1599; 1521; 157; 855772; 11
7; r; 1662182; 1599; 1516; 156; 862181; 18
7; r; 1673717; 1599; 427; 96; 873716; 12
7; r; 1678204; 1599; 1496; 155; 878203; 19
7; r; 1688457; 1599; 934; 127; 888456; 11
7; r; 1689098; 1599; 141; 82; 889097; 12
7; r; 1694867; 1599; 296; 89; 894866; 15
7; r; 1695508; 1599; 1287; 146; 895507; 12
7; r; 1698072; 1599; 73; 77; 898071; 12
7; r; 1699995; 1599; 683; 111; 899994; 14
7; r; 1704483; 1599; 131; 81; 904482; 16
7; r; 1721789; 1599; 986; 129; 921788; 11
7; r; 1723071; 1599; 887; 122; 923070; 15
7; r; 1750637; 1599; 771; 116; 950636; 11
8; r; 18582; 1599; 153; 3; 18581; 9
8; r; 22424; 1599; 1508; 71; 22423; 2
8; r; 24986; 1599; 704; 33; 24985; 6
8; r; 32672; 1599; 948; 39; 32671; 4
8; r; 38435; 1599; 1390; 66; 38434; 2
8; r; 49964; 1599; 1479; 70; 49963; 1
8; r; 52527; 1599; 1265; 59; 52526; 3
8; r; 59573; 1599; 576; 25; 59572; 8
8; r; 64698; 1599; 1358; 65; 64697; 1
8; r; 69182; 1599; 571; 24; 69181; 14
8; r; 74306; 1599; 1148; 53; 74305; 7
8; r; 83276; 1599; 1598; 75; 83275; 1
8; r; 83917; 1599; 533; 21; 83916; 7
8; r; 85839; 1599; 1222; 57; 85838; 4
8; r; 95448; 1599; 700; 32; 95447; 7
8; r; 100573; 1599; 1341; 64; 100572; 6
8; r; 102496; 1599; 675; 29; 102495; 5
8; r; 106339; 1599; 1326; 63; 106338; 9
8; r; 108261; 1599; 341; 12; 108260; 6
8; r; 108902; 1599; 1174; 55; 108901; 7
8; r; 114029; 1599; 298; 11; 114028; 7
8; r; 117872; 1599; 786; 35; 117871; 7
8; r; 121716; 1599; 1476; 69; 121715; 1
8; r; 122998; 1599; 889; 38; 122997; 7
8; r; 130687; 1599; 1057; 48; 130686; 5
8; r; 133890; 1599; 954; 40; 133889; 3
8; r; 139017; 1599; 1225; 58; 139016; 3
8; r; 147987; 1599; 264; 8; 147986; 8
8; r; 174258; 1599; 1160; 54; 174257; 9
8; r; 183870; 1599; 610; 26; 183869; 11
8; r; 196688; 1599; 1054; 47; 196687; 7
8; r; 198611; 1599; 1141; 52; 198610; 7
8; r; 201175; 1599; 1269; 61; 201174; 5
8; r; 208864; 1599; 1031; 46; 208863; 4
8; r; 209505; 1599; 463; 18; 209504; 6
8; r; 217834; 1599; 693; 31; 217833; 6
8; r; 221037; 1599; 773; 34; 221036; 9
8; r; 231930; 1599; 156; 4; 231929; 9
8; r; 232571; 1599; 964; 41; 232570; 9
8; r; 233853; 1599; 624; 28; 233852; 6
8; r; 240903; 1599; 1080; 50; 240902; 8
8; r; 241544; 1599; 151; 2; 241543; 8
8; r; 249233; 1599; 554; 22; 249232; 12
8; r; 253079; 1599; 1523; 72; 253078; 10
8; r; 263974; 1599; 1000; 44; 263973; 10
8; r; 271665; 1599; 250; 6; 271664; 11
8; r; 272946; 1599; 373; 14; 272945; 9
8; r; 273587; 1599; 481; 19; 273586; 10
8; r; 275510; 1599; 528; 20; 275509; 9
8; r; 287047; 1599; 125; 0; 287046; 11
8; r; 296662; 1599; 556; 23; 296661; 8
8; r; 309481; 1599; 842; 37; 309480; 11
8; r; 311405; 1599; 611; 27; 311404; 8
8; r; 314610; 1599; 435; 17; 314609; 9
8; r; 320382; 1599; 1176; 56; 320381; 11
8; r; 331283; 1599; 1561; 73; 331282; 10
8; r; 333207; 1599; 252; 7; 333206; 10
8; r; 344116; 1599; 677; 30; 344115; 8
8; r; 353093; 1599; 1406; 67; 353092; 10
8; r; 378832; 1599; 807; 36; 378831; 9
8; r; 799413; 1599; 989; 43; 799412; 19
8; r; 800054; 1599; 370; 13; 800053; 16
8; r; 829522; 1599; 1268; 60; 829521; 15
8; r; 832085; 1599; 266; 9; 832084; 16
8; r; 834007; 1599; 386; 15; 834006; 19
8; r; 837850; 1599; 1574; 74; 837849; 13
8; r; 838491; 1599; 391; 97; 38490; 7
8; r; 845538; 1599; 673; 114; 45537; 7
8; r; 846820; 1599; 983; 42; 846819; 9
8; r; 851305; 1599; 1289; 147; 51304; 6
8; r; 876294; 1599; 1445; 154; 76293; 8
8; r; 882701; 1599; 293; 86; 82700; 12
8; r; 883342; 1599; 494; 105; 83341; 8
8; r; 888469; 1599; 1313; 150; 88468; 2
8; r; 894877; 1599; 1084; 136; 94876; 10
8; r; 898081; 1599; 1075; 49; 898080; 20
8; r; 900003; 1599; 1156; 141; 100002; 3
8; r; 900643; 1599; 414; 99; 100642; 10
8; r; 901925; 1599; 140; 1; 901924; 18
8; r; 906410; 1599; 1347; 151; 106409; 3
8; r; 922427; 1599; 606; 109; 122426; 9
8; r; 923708; 1599; 620; 110; 123707; 8
8; r; 925630; 1599; 1051; 133; 125629; 6
8; r; 933960; 1599; 1468; 155; 133959; 2
8; r; 935242; 1599; 929; 127; 135241; 8
8; r; 939088; 1599; 1113; 138; 139087; 6
8; r; 951263; 1599; 1473; 156; 151262; 1
8; r; 954467; 1599; 533; 107; 154466; 8
8; r; 957031; 1599; 678; 115; 157030; 6
8; r; 963439; 1599; 1300; 148; 163438; 5
8; r; 967284; 1599; 173; 81; 167283; 10
8; r; 973053; 1599; 690; 116; 173052; 8
8; r; 974975; 1599; 1155; 140; 174974; 3
8; r; 977537; 1599; 365; 94; 177536; 10
8; r; 980739; 1599; 1028; 132; 180738; 4
8; r; 983303; 1599; 1106; 137; 183302; 5
8; r; 985225; 1599; 1302; 149; 185224; 4
8; r; 990992; 1599; 247; 5; 990991; 22
8; r; 994196; 1599; 1181; 143; 194195; 5
8; r; 994837; 1599; 843; 121; 194836; 10
8; r; 1013421; 1599; 1248; 145; 213420; 8
8; r; 1021111; 1599; 941; 129; 221110; 6
8; r; 1021752; 1599; 956; 130; 221751; 7
8; r; 1022393; 1599; 630; 111; 222392; 5
8; r; 1024957; 1599; 332; 90; 224956; 10
8; r; 1027520; 1599; 1287; 146; 227519; 9
8; r; 1037772; 1599; 278; 10; 1037771; 24
8; r; 1053152; 1599; 352; 92; 253151; 9
8; r; 1058279; 1599; 1064; 135; 258278; 5
8; r; 1067251; 1599; 82; 77; 267250; 14
8; r; 1067892; 1599; 323; 89; 267891; 11
8; r; 1085839; 1599; 191; 82; 285838; 9
8; r; 1087762; 1599; 1572; 160; 287761; 5
8; r; 1096094; 1599; 662; 113; 296093; 6
8; r; 1103145; 1599; 599; 108; 303144; 6
8; r; 1110837; 1599; 379; 96; 310836; 7
8; r; 1114683; 1599; 933; 128; 314682; 7
8; r; 1128785; 1599; 151; 80; 328784; 9
8; r; 1130067; 1599; 92; 78; 330066; 10
8; r; 1137760; 1599; 1167; 142; 337759; 8
8; r; 1169180; 1599; 893; 125; 369179; 6
8; r; 1170462; 1599; 1526; 158; 370461; 8
8; r; 1185861; 1599; 777; 118; 385860; 6
8; r; 1602039; 1599; 146; 79; 802038; 11
8; r; 1605243; 1599; 1549; 159; 805242; 10
8; r; 1609086; 1599; 405; 98; 809085; 15
8; r; 1611007; 1599; 970; 131; 811006; 14
8; r; 1621899; 1599; 200; 84; 821898; 11
8; r; 1627025; 1599; 909; 126; 827024; 10
8; r; 1628307; 1599; 7; 76; 828306; 15
8; r; 1634074; 1599; 720; 117; 834073; 14
8; r; 1635997; 1599; 196; 83; 835996; 13
8; r; 1648173; 1599; 340; 91; 848172; 13
8; r; 1651378; 1599; 830; 120; 851377; 7
8; r; 1652659; 1599; 425; 100; 852658; 16
8; r; 1655863; 1599; 530; 106; 855862; 13
8; r; 1657785; 1599; 1368; 152; 857784; 14
8; r; 1662911; 1599; 878; 124; 862910; 11
8; r; 1669319; 1599; 358; 93; 869318; 8
8; r; 1669960; 1599; 469; 104; 869959; 11
8; r; 1670601; 1599; 852; 122; 870600; 16
8; r; 1680856; 1599; 309; 87; 880855; 14
8; r; 1683420; 1599; 435; 102; 883419; 15
8; r; 1695598; 1599; 821; 119; 895597; 13
8; r; 1698161; 1599; 1059; 134; 898160; 8
8; r; 1708417; 1599; 645; 112; 908416; 12
8; r; 1709058; 1599; 321; 88; 909057; 11
8; r; 1719956; 1599; 1480; 157; 919955; 17
8; r; 1764835; 1599; 1203; 144; 964834; 13
8; r; 1808555; 1599; 1429; 153; 1008554; 11
9; r; 5768; 1599; 1466; 76; 5767; 5
9; r; 16657; 1599; 1467; 77; 16656; 3
9; r; 20500; 1599; 1535; 83; 20499; 6
9; r; 23703; 1599; 1139; 59; 23702; 4
9; r; 35233; 1599; 745; 35; 35232; 5
9; r; 39717; 1599; 1196; 62; 39716; 3
9; r; 41639; 1599; 1465; 75; 41638; 3
9; r; 44843; 1599; 824; 43; 44842; 6
9; r; 54452; 1599; 1041; 51; 54451; 9
9; r; 57655; 1599; 316; 20; 57654; 10
9; r; 67265; 1599; 986; 46; 67264; 5
9; r; 80079; 1599; 758; 36; 80078; 8
9; r; 80720; 1599; 1140; 60; 80719; 5
9; r; 89690; 1599; 1541; 85; 89689; 4
9; r; 92253; 1599; 1455; 73; 92252; 9
9; r; 99303; 1599; 513; 29; 99302; 7
9; r; 102507; 1599; 86; 7; 102506; 15
9; r; 106992; 1599; 1012; 50; 106991; 7
9; r; 108273; 1599; 355; 23; 108272; 11
9; r; 111477; 1599; 1257; 63; 111476; 6
9; r; 114681; 1599; 1556; 86; 114680; 1
9; r; 115963; 1599; 636; 34; 115962; 7
9; r; 122371; 1599; 796; 41; 122370; 4
9; r; 124934; 1599; 1057; 52; 124933; 6
9; r; 126215; 1599; 1153; 61; 126214; 3
9; r; 143514; 1599; 444; 26; 143513; 10
9; r; 149921; 1599; 763; 38; 149920; 8
9; r; 150562; 1599; 262; 16; 150561; 12
9; r; 153126; 1599; 1573; 87; 153125; 5
9; r; 156330; 1599; 569; 31; 156329; 11
9; r; 171708; 1599; 1503; 80; 171707; 6
9; r; 180038; 1599; 1295; 65; 180037; 5
9; r; 184524; 1599; 268; 17; 184523; 8
9; r; 192855; 1599; 1061; 53; 192854; 8
9; r; 194137; 1599; 998; 49; 194136; 4
9; r; 198622; 1599; 297; 19; 198621; 9
9; r; 210799; 1599; 1073; 54; 210798; 3
9; r; 211439; 1599; 1458; 74; 211438; 6
9; r; 213362; 1599; 1134; 58; 213361; 8
9; r; 217207; 1599; 1099; 56; 217206; 7
9; r; 219770; 1599; 807; 42; 219769; 10
9; r; 222334; 1599; 325; 21; 222333; 11
9; r; 226819; 1599; 1096; 55; 226818; 7
9; r; 237070; 1599; 1276; 64; 237069; 5
9; r; 237711; 1599; 557; 30; 237710; 7
9; r; 238352; 1599; 1416; 71; 238351; 7
9; r; 247964; 1599; 411; 24; 247963; 10
9; r; 258219; 1599; 459; 27; 258218; 9
9; r; 261424; 1599; 337; 22; 261423; 11
9; r; 269756; 1599; 84; 6; 269755; 11
9; r; 270396; 1599; 0; 0; 270395; 12
9; r; 285138; 1599; 173; 12; 285137; 11
9; r; 301162; 1599; 496; 28; 301161; 8
9; r; 302443; 1599; 9; 1; 302442; 11
9; r; 305647; 1599; 48; 4; 305646; 12
9; r; 310775; 1599; 104; 9; 310774; 11
9; r; 352458; 1599; 47; 3; 352457; 11
9; r; 373008; 1599; 214; 14; 373007; 11
9; r; 378797; 1599; 284; 18; 378796; 10
9; r; 388551; 1599; 589; 33; 388550; 11
9; r; 791293; 1599; 240; 15; 791292; 13
9; r; 808593; 1599; 98; 8; 808592; 11
9; r; 816921; 1599; 67; 5; 816920; 8
9; r; 823328; 1599; 838; 44; 823327; 10
9; r; 847034; 1599; 1121; 57; 847033; 16
9; r; 848956; 1599; 774; 40; 848955; 13
9; r; 854083; 1599; 988; 47; 854082; 13
9; r; 862413; 1599; 863; 128; 62412; 4
9; r; 872664; 1599; 580; 32; 872663; 12
9; r; 873305; 1599; 722; 118; 73304; 13
9; r; 882274; 1599; 1537; 84; 882273; 12
9; r; 885477; 1599; 762; 37; 885476; 20
9; r; 886759; 1599; 957; 133; 86758; 3
9; r; 889962; 1599; 487; 109; 89961; 9
9; r; 893807; 1599; 186; 13; 893806; 13
9; r; 898933; 1599; 1516; 81; 898932; 29
9; r; 900855; 1599; 1482; 78; 900854; 11
9; r; 901496; 1599; 1553; 163; 101495; 1
9; r; 902777; 1599; 1229; 145; 102776; 4
9; r; 905339; 1599; 1196; 142; 105338; 3
9; r; 910465; 1599; 1408; 70; 910464; 16
9; r; 911746; 1599; 994; 48; 911745; 9
9; r; 914308; 1599; 11; 2; 914307; 18
9; r; 921996; 1599; 790; 124; 121995; 6
9; r; 927122; 1599; 1598; 88; 927121; 17
9; r; 929045; 1599; 626; 114; 129044; 5
9; r; 931609; 1599; 221; 98; 131608; 11
9; r; 932891; 1599; 588; 112; 132890; 7
9; r; 934812; 1599; 743; 122; 134811; 7
9; r; 937376; 1599; 860; 127; 137375; 7
9; r; 954677; 1599; 975; 135; 154676; 8
9; r; 957241; 1599; 1295; 149; 157240; 5
9; r; 961087; 1599; 820; 126; 161086; 8
9; r; 963010; 1599; 1117; 139; 163009; 5
9; r; 967496; 1599; 589; 113; 167495; 6
9; r; 970700; 1599; 293; 103; 170699; 10
9; r; 976467; 1599; 1484; 79; 976466; 15
9; r; 978389; 1599; 136; 11; 978388; 16
9; r; 979670; 1599; 1143; 141; 179669; 4
9; r; 990563; 1599; 1462; 156; 190562; 4
9; r; 1016834; 1599; 205; 97; 216833; 11
9; r; 1020037; 1599; 740; 120; 220036; 6
9; r; 1020678; 1599; 356; 104; 220677; 11
9; r; 1021959; 1599; 1416; 154; 221958; 5
9; r; 1025804; 1599; 407; 107; 225803; 11
9; r; 1031572; 1599; 937; 131; 231571; 6
9; r; 1032213; 1599; 945; 132; 232212; 5
9; r; 1043751; 1599; 553; 110; 243750; 7
9; r; 1049519; 1599; 655; 115; 249518; 6
9; r; 1055927; 1599; 190; 95; 255926; 8
9; r; 1059132; 1599; 368; 105; 259131; 10
9; r; 1066181; 1599; 464; 108; 266180; 7
9; r; 1068104; 1599; 796; 125; 268103; 5
9; r; 1069386; 1599; 1246; 148; 269385; 7
9; r; 1078358; 1599; 1456; 155; 278357; 5
9; r; 1089254; 1599; 718; 117; 289253; 5
9; r; 1095663; 1599; 35; 90; 295662; 10
9; r; 1100151; 1599; 1484; 158; 300150; 8
9; r; 1113611; 1599; 62; 91; 313610; 8
9; r; 1132841; 1599; 764; 123; 332840; 7
9; r; 1146303; 1599; 1494; 160; 346302; 6
9; r; 1147586; 1599; 1482; 157; 347585; 10
9; r; 1156567; 1599; 223; 99; 356566; 10
9; r; 1158492; 1599; 1089; 137; 358491; 8
9; r; 1177099; 1599; 1090; 138; 377098; 10
9; r; 1591899; 1599; 1408; 153; 791898; 11
9; r; 1593181; 1599; 257; 101; 793180; 9
9; r; 1599586; 1599; 194; 96; 799585; 9
9; r; 1600868; 1599; 1575; 165; 800867; 9
9; r; 1605352; 1599; 291; 102; 805351; 12
9; r; 1607275; 1599; 130; 92; 807274; 19
9; r; 1607916; 1599; 132; 93; 807915; 15
9; r; 1614323; 1599; 1211; 144; 814322; 13
9; r; 1619449; 1599; 1082; 136; 819448; 15
9; r; 1622012; 1599; 729; 119; 822011; 9
9; r; 1627779; 1599; 768; 39; 1627778; 24
9; r; 1630983; 1599; 231; 100; 830982; 13
9; r; 1636108; 1599; 1324; 151; 836107; 12
9; r; 1643797; 1599; 1510; 161; 843796; 7
9; r; 1648924; 1599; 1585; 166; 848923; 5
9; r; 1665588; 1599; 741; 121; 865587; 15
9; r; 1666869; 1599; 1488; 159; 866868; 19
9; r; 1681611; 1599; 963; 134; 881610; 15
9; r; 1686098; 1599; 1555; 164; 886097; 11
9; r; 1686739; 1599; 1243; 147; 886738; 15
9; r; 1719430; 1599; 24; 89; 919429; 14
9; r; 1773932; 1599; 160; 94; 973931; 17
9; r; 1803498; 1599; 935; 130; 1003497; 9
9; r; 1814516; 1599; 373; 106; 1014515; 15
9; r; 1815222; 1599; 1401; 152; 1015221; 11
9; r; 1816536; 1599; 1200; 143; 1016535; 16
9; r; 1818600; 1599; 1322; 150; 1018599; 17
