iter; type; time slot; d_nodes; s_nodes; pid; nslot; nhop
0; r; 14591; 1599; 423; 14; 7468; 10
0; r; 20994; 1599; 173; 0; 20520; 10
0; r; 22915; 1599; 994; 17; 14044; 4
0; r; 28677; 1599; 1466; 18; 19256; 3
0; r; 35079; 1599; 1372; 21; 25428; 5
0; r; 37640; 1599; 11; 32; 23954; 10
0; r; 38280; 1599; 219; 33; 24292; 9
0; r; 51084; 1599; 625; 20; 41539; 6
0; r; 54925; 1599; 395; 12; 49733; 7
0; r; 58767; 1599; 1378; 43; 39496; 5
0; r; 60688; 1599; 382; 4; 58784; 8
0; r; 64530; 1599; 944; 59; 36558; 5
0; r; 72214; 1599; 909; 44; 52496; 6
0; r; 72854; 1599; 1500; 58; 46386; 3
0; r; 76695; 1599; 542; 60; 48433; 7
0; r; 77976; 1599; 1230; 55; 52473; 3
0; r; 79897; 1599; 286; 2; 78076; 10
0; r; 83739; 1599; 1333; 47; 62325; 7
0; r; 87581; 1599; 881; 50; 65317; 9
0; r; 90143; 1599; 545; 23; 79833; 7
0; r; 91424; 1599; 1298; 54; 66626; 6
0; r; 102948; 1599; 1267; 27; 91011; 3
0; r; 105509; 1599; 851; 28; 93390; 8
0; r; 116395; 1599; 1366; 48; 94530; 8
0; r; 120237; 1599; 1332; 65; 89896; 7
0; r; 123441; 1599; 1425; 46; 102737; 6
0; r; 124722; 1599; 432; 39; 106268; 7
0; r; 545134; 1599; 604; 6; 542388; 13
0; r; 811333; 1599; 343; 68; 10901; 11
0; r; 813255; 1599; 1435; 76; 10185; 1
0; r; 815176; 1599; 160; 73; 13141; 12
0; r; 817738; 1599; 879; 75; 14731; 4
0; r; 827342; 1599; 1004; 78; 23093; 8
0; r; 830543; 1599; 1584; 71; 29048; 4
0; r; 834384; 1599; 1381; 100; 20224; 4
0; r; 836305; 1599; 237; 107; 20771; 8
0; r; 838226; 1599; 1037; 103; 23783; 4
0; r; 842067; 1599; 1305; 131; 14540; 3
0; r; 843988; 1599; 220; 79; 39277; 12
0; r; 861275; 1599; 762; 133; 32983; 9
0; r; 865756; 1599; 544; 123; 40448; 10
0; r; 868317; 1599; 705; 104; 53800; 7
0; r; 886246; 1599; 271; 122; 62844; 8
0; r; 902254; 1599; 1134; 115; 83884; 7
0; r; 906097; 1599; 1423; 136; 75723; 5
0; r; 908018; 1599; 1082; 80; 102941; 11
0; r; 910579; 1599; 718; 125; 85206; 5
0; r; 913781; 1599; 1150; 121; 91737; 3
0; r; 917623; 1599; 89; 72; 115913; 11
0; r; 918904; 1599; 568; 130; 91791; 9
0; r; 920186; 1599; 150; 105; 104735; 10
0; r; 921467; 1599; 1340; 106; 106016; 6
0; r; 923388; 1599; 415; 119; 101740; 9
0; r; 924029; 1599; 1255; 69; 122747; 7
0; r; 1335325; 1599; 239; 89; 523316; 10
1; r; 1; 1599; 1439; 57; 0; 1
1; r; 5123; 1599; 235; 8; 5122; 7
1; r; 5763; 1599; 817; 35; 5762; 9
1; r; 18568; 1599; 1488; 60; 18567; 7
1; r; 21769; 1599; 1590; 66; 21768; 3
1; r; 28811; 1599; 1576; 65; 28810; 5
1; r; 31371; 1599; 1484; 59; 31370; 9
1; r; 33293; 1599; 963; 39; 33292; 9
1; r; 35214; 1599; 1178; 45; 35213; 5
1; r; 36494; 1599; 1269; 49; 36493; 3
1; r; 38415; 1599; 310; 13; 38414; 7
1; r; 40976; 1599; 1145; 44; 40975; 5
1; r; 42897; 1599; 1465; 58; 42896; 4
1; r; 46098; 1599; 1271; 50; 46097; 2
1; r; 51860; 1599; 1011; 41; 51859; 8
1; r; 56342; 1599; 800; 34; 56341; 10
1; r; 61463; 1599; 922; 38; 61462; 11
1; r; 63384; 1599; 1554; 62; 63383; 1
1; r; 64664; 1599; 416; 18; 64663; 7
1; r; 65945; 1599; 223; 7; 65944; 8
1; r; 67866; 1599; 1054; 42; 67865; 6
1; r; 77469; 1599; 1351; 56; 77468; 2
1; r; 82592; 1599; 1293; 52; 82591; 7
1; r; 83232; 1599; 685; 27; 83231; 8
1; r; 85153; 1599; 43; 0; 85152; 12
1; r; 85794; 1599; 797; 33; 85793; 5
1; r; 87715; 1599; 705; 28; 87714; 6
1; r; 93479; 1599; 1329; 55; 93478; 7
1; r; 97962; 1599; 527; 22; 97961; 11
1; r; 106287; 1599; 795; 32; 106286; 6
1; r; 113331; 1599; 364; 17; 113330; 14
1; r; 113972; 1599; 97; 3; 113971; 12
1; r; 117174; 1599; 768; 31; 117173; 12
1; r; 118456; 1599; 1010; 40; 118455; 10
1; r; 120377; 1599; 1285; 51; 120376; 9
1; r; 121658; 1599; 335; 15; 121657; 10
1; r; 122299; 1599; 257; 10; 122298; 8
1; r; 122940; 1599; 333; 14; 122939; 11
1; r; 124861; 1599; 631; 26; 124860; 7
1; r; 127423; 1599; 1527; 61; 127422; 11
1; r; 129987; 1599; 1305; 54; 129986; 4
1; r; 131910; 1599; 516; 21; 131909; 7
1; r; 136395; 1599; 767; 30; 136394; 11
1; r; 137036; 1599; 1213; 46; 137035; 9
1; r; 140241; 1599; 894; 37; 140240; 10
1; r; 140882; 1599; 601; 25; 140881; 13
1; r; 141524; 1599; 98; 4; 141523; 12
1; r; 142806; 1599; 457; 20; 142805; 12
1; r; 145372; 1599; 299; 12; 145371; 10
1; r; 147938; 1599; 99; 5; 147937; 13
1; r; 810244; 1599; 542; 93; 10243; 6
1; r; 820487; 1599; 968; 112; 20486; 9
1; r; 823048; 1599; 236; 80; 23047; 9
1; r; 835852; 1599; 51; 69; 35851; 11
1; r; 839054; 1599; 287; 83; 39053; 11
1; r; 840975; 1599; 1362; 131; 40974; 10
1; r; 845457; 1599; 754; 103; 45456; 6
1; r; 846098; 1599; 1398; 133; 46097; 1
1; r; 864664; 1599; 1407; 134; 64663; 7
1; r; 869146; 1599; 571; 95; 69145; 9
1; r; 880670; 1599; 1471; 135; 80669; 2
1; r; 881310; 1599; 1307; 130; 81309; 2
1; r; 885792; 1599; 488; 91; 85791; 10
1; r; 887072; 1599; 362; 86; 87071; 9
1; r; 890274; 1599; 1071; 118; 90273; 4
1; r; 892194; 1599; 895; 106; 92193; 9
1; r; 894115; 1599; 113; 72; 94114; 7
1; r; 898597; 1599; 122; 73; 98596; 13
1; r; 899878; 1599; 1110; 120; 99877; 3
1; r; 901159; 1599; 101; 71; 101158; 9
1; r; 901800; 1599; 937; 110; 101799; 6
1; r; 908204; 1599; 1244; 126; 108203; 10
1; r; 909485; 1599; 374; 87; 109484; 9
1; r; 912047; 1599; 1551; 137; 112046; 3
1; r; 915250; 1599; 1104; 119; 115249; 6
1; r; 915891; 1599; 154; 76; 115890; 9
1; r; 916532; 1599; 1379; 132; 116531; 5
1; r; 919736; 1599; 886; 105; 119735; 9
1; r; 924219; 1599; 142; 75; 124218; 12
1; r; 933187; 1599; 943; 111; 133186; 8
1; r; 938315; 1599; 250; 81; 138314; 13
1; r; 938956; 1599; 254; 82; 138955; 13
1; r; 939597; 1599; 599; 97; 139596; 7
1; r; 940238; 1599; 715; 102; 140237; 9
1; r; 940879; 1599; 232; 79; 140878; 13
1; r; 941520; 1599; 537; 92; 141519; 13
1; r; 942161; 1599; 920; 107; 142160; 12
1; r; 942802; 1599; 1562; 140; 142801; 13
1; r; 946649; 1599; 330; 84; 146648; 12
1; r; 954992; 1599; 602; 98; 154991; 11
2; r; 4481; 1599; 1202; 52; 4480; 8
2; r; 5761; 1599; 16; 0; 5760; 10
2; r; 9603; 1599; 761; 36; 9602; 10
2; r; 11523; 1599; 737; 32; 11522; 6
2; r; 17287; 1599; 390; 17; 17286; 8
2; r; 26890; 1599; 597; 26; 26889; 5
2; r; 28171; 1599; 146; 6; 28170; 10
2; r; 37134; 1599; 1118; 49; 37133; 3
2; r; 37774; 1599; 537; 24; 37773; 7
2; r; 40336; 1599; 360; 15; 40335; 10
2; r; 40976; 1599; 517; 23; 40975; 6
2; r; 43537; 1599; 342; 13; 43536; 7
2; r; 44178; 1599; 1566; 68; 44177; 8
2; r; 44818; 1599; 1056; 47; 44817; 6
2; r; 49298; 1599; 269; 10; 49297; 10
2; r; 473888; 1599; 1522; 64; 473887; 13
2; r; 474534; 1599; 371; 16; 474533; 9
2; r; 519141; 1599; 1096; 48; 519140; 7
2; r; 534237; 1599; 642; 28; 534236; 11
2; r; 534902; 1599; 325; 12; 534901; 13
2; r; 535542; 1599; 928; 44; 535541; 9
2; r; 808965; 1599; 910; 117; 8964; 4
2; r; 817287; 1599; 854; 112; 17286; 8
2; r; 818567; 1599; 492; 95; 18566; 11
2; r; 822408; 1599; 567; 101; 22407; 9
2; r; 828170; 1599; 1015; 122; 28169; 7
2; r; 828810; 1599; 1429; 142; 28809; 2
2; r; 840335; 1599; 199; 79; 40334; 9
2; r; 840975; 1599; 1335; 137; 40974; 7
2; r; 842255; 1599; 1539; 152; 42254; 4
2; r; 846736; 1599; 1010; 121; 46735; 9
2; r; 848656; 1599; 487; 94; 48655; 9
2; r; 1258718; 1599; 64; 73; 458717; 8
2; r; 1266415; 1599; 130; 75; 466414; 11
2; r; 1272186; 1599; 246; 82; 472185; 15
2; r; 1277312; 1599; 157; 78; 477311; 11
2; r; 1290791; 1599; 594; 103; 490790; 8
2; r; 1310031; 1599; 267; 84; 510030; 9
2; r; 1317732; 1599; 927; 118; 517731; 9
2; r; 1322219; 1599; 1467; 145; 522218; 5
2; r; 1327355; 1599; 10; 69; 527354; 14
2; r; 1331866; 1599; 319; 88; 531865; 8
2; r; 1334269; 1599; 875; 115; 534268; 6
2; r; 1334950; 1599; 1059; 126; 534949; 7
2; r; 1354995; 1599; 364; 91; 554994; 17
3; r; 3843; 1599; 1340; 77; 3842; 5
3; r; 6406; 1599; 1515; 88; 6405; 2
3; r; 21130; 1599; 1436; 84; 21129; 1
3; r; 30092; 1599; 154; 4; 30091; 9
3; r; 35213; 1599; 640; 36; 35212; 12
3; r; 35854; 1599; 1095; 60; 35853; 7
3; r; 37135; 1599; 1281; 75; 37134; 7
3; r; 40336; 1599; 1588; 93; 40335; 3
3; r; 44177; 1599; 382; 18; 44176; 9
3; r; 46098; 1599; 599; 31; 46097; 6
3; r; 48659; 1599; 849; 50; 48658; 8
3; r; 49300; 1599; 1472; 85; 49299; 2
3; r; 50581; 1599; 1392; 80; 50580; 2
3; r; 51221; 1599; 1272; 74; 51220; 3
3; r; 52502; 1599; 649; 39; 52501; 10
3; r; 54423; 1599; 1509; 87; 54422; 2
3; r; 56344; 1599; 1485; 86; 56343; 10
3; r; 58265; 1599; 622; 34; 58264; 9
3; r; 71069; 1599; 1231; 72; 71068; 2
3; r; 72990; 1599; 914; 52; 72989; 7
3; r; 88356; 1599; 1581; 92; 88355; 5
3; r; 89637; 1599; 1065; 58; 89636; 4
3; r; 90277; 1599; 296; 13; 90276; 10
3; r; 91558; 1599; 735; 43; 91557; 9
3; r; 499830; 1599; 91; 2; 499829; 13
3; r; 543498; 1599; 174; 7; 543497; 13
3; r; 803842; 1599; 1013; 144; 3841; 6
3; r; 809604; 1599; 566; 122; 9603; 8
3; r; 811525; 1599; 229; 111; 11524; 8
3; r; 824329; 1599; 497; 118; 24328; 8
3; r; 826890; 1599; 120; 104; 26889; 12
3; r; 830732; 1599; 1358; 158; 30731; 1
3; r; 832653; 1599; 1155; 151; 32652; 4
3; r; 833293; 1599; 96; 101; 33292; 11
3; r; 835854; 1599; 1502; 165; 35853; 3
3; r; 840976; 1599; 123; 105; 40975; 10
3; r; 848018; 1599; 934; 141; 48017; 7
3; r; 851219; 1599; 1200; 152; 51218; 9
3; r; 851860; 1599; 4; 94; 51859; 11
3; r; 853140; 1599; 1281; 155; 53139; 8
3; r; 855701; 1599; 1553; 170; 55700; 1
3; r; 860822; 1599; 1445; 162; 60821; 9
3; r; 867865; 1599; 1392; 159; 67864; 3
3; r; 870426; 1599; 214; 108; 70425; 10
3; r; 881951; 1599; 738; 130; 81950; 6
3; r; 884512; 1599; 735; 129; 84511; 9
3; r; 887074; 1599; 1548; 169; 87073; 2
3; r; 889635; 1599; 106; 102; 89634; 11
3; r; 890275; 1599; 1472; 163; 90274; 2
3; r; 892196; 1599; 200; 106; 92195; 10
3; r; 1310095; 1599; 560; 121; 510094; 13
4; r; 1; 1599; 1474; 71; 0; 1
4; r; 4482; 1599; 1404; 68; 4481; 8
4; r; 8963; 1599; 505; 23; 8962; 8
4; r; 16645; 1599; 540; 26; 16644; 8
4; r; 17285; 1599; 851; 42; 17284; 8
4; r; 18566; 1599; 1395; 66; 18565; 1
4; r; 21767; 1599; 99; 6; 21766; 10
4; r; 27529; 1599; 45; 2; 27528; 12
4; r; 29450; 1599; 1469; 70; 29449; 2
4; r; 31371; 1599; 397; 17; 31370; 6
4; r; 37774; 1599; 1283; 61; 37773; 10
4; r; 46097; 1599; 1265; 60; 46096; 3
4; r; 62104; 1599; 1394; 65; 62103; 1
4; r; 66585; 1599; 640; 34; 66584; 10
4; r; 76189; 1599; 1475; 72; 76188; 1
4; r; 80670; 1599; 1074; 53; 80669; 3
4; r; 82591; 1599; 1555; 76; 82590; 2
4; r; 83231; 1599; 883; 47; 83230; 11
4; r; 91555; 1599; 870; 45; 91554; 5
4; r; 92195; 1599; 361; 13; 92194; 15
4; r; 92835; 1599; 85; 5; 92834; 10
4; r; 96037; 1599; 1122; 55; 96036; 11
4; r; 99240; 1599; 1002; 51; 99239; 9
4; r; 102442; 1599; 1411; 69; 102441; 6
4; r; 105003; 1599; 449; 20; 105002; 11
4; r; 108206; 1599; 139; 8; 108205; 11
4; r; 114610; 1599; 753; 38; 114609; 6
4; r; 119094; 1599; 480; 22; 119093; 11
4; r; 120375; 1599; 604; 31; 120374; 11
4; r; 127418; 1599; 810; 39; 127417; 10
4; r; 132541; 1599; 423; 18; 132540; 12
4; r; 135102; 1599; 681; 36; 135101; 11
4; r; 138305; 1599; 371; 15; 138304; 12
4; r; 138946; 1599; 1188; 58; 138945; 5
4; r; 140227; 1599; 878; 46; 140226; 4
4; r; 142149; 1599; 314; 11; 142148; 12
4; r; 142790; 1599; 638; 32; 142789; 8
4; r; 149835; 1599; 348; 12; 149834; 10
4; r; 153039; 1599; 521; 25; 153038; 14
4; r; 154961; 1599; 560; 28; 154960; 13
4; r; 156241; 1599; 366; 14; 156240; 10
4; r; 159445; 1599; 18; 1; 159444; 15
4; r; 162008; 1599; 857; 43; 162007; 8
4; r; 166498; 1599; 1498; 75; 166497; 6
4; r; 172931; 1599; 130; 7; 172930; 11
4; r; 174214; 1599; 1403; 67; 174213; 11
4; r; 801281; 1599; 1392; 143; 1280; 3
4; r; 808964; 1599; 691; 108; 8963; 7
4; r; 814726; 1599; 940; 118; 14725; 6
4; r; 822409; 1599; 1130; 130; 22408; 8
4; r; 827531; 1599; 825; 113; 27530; 5
4; r; 828812; 1599; 358; 91; 28811; 7
4; r; 839055; 1599; 126; 82; 39054; 14
4; r; 840336; 1599; 1196; 134; 40335; 2
4; r; 847379; 1599; 786; 111; 47378; 6
4; r; 851861; 1599; 425; 94; 51860; 10
4; r; 852501; 1599; 98; 80; 52500; 10
4; r; 854422; 1599; 696; 109; 54421; 8
4; r; 860824; 1599; 299; 87; 60823; 10
4; r; 864026; 1599; 504; 99; 64025; 8
4; r; 867867; 1599; 560; 102; 67866; 10
4; r; 870428; 1599; 591; 103; 70427; 6
4; r; 872349; 1599; 183; 84; 72348; 8
4; r; 874910; 1599; 1558; 153; 74909; 1
4; r; 881314; 1599; 782; 110; 81313; 7
4; r; 886437; 1599; 227; 86; 86436; 8
4; r; 890919; 1599; 1168; 132; 90918; 8
4; r; 897963; 1599; 1067; 123; 97962; 5
4; r; 903085; 1599; 1085; 126; 103084; 9
4; r; 906928; 1599; 186; 85; 106927; 9
4; r; 907568; 1599; 592; 104; 107567; 7
4; r; 908209; 1599; 1421; 145; 108208; 9
4; r; 913333; 1599; 43; 77; 113332; 15
4; r; 913974; 1599; 1170; 133; 113973; 10
4; r; 914615; 1599; 324; 89; 114614; 14
4; r; 915256; 1599; 519; 100; 115255; 7
4; r; 917179; 1599; 1564; 154; 117178; 13
4; r; 921664; 1599; 865; 115; 121663; 6
4; r; 923587; 1599; 1331; 138; 123586; 9
4; r; 924868; 1599; 152; 83; 124867; 11
4; r; 926149; 1599; 1241; 135; 126148; 16
4; r; 926790; 1599; 1282; 136; 126789; 9
4; r; 928713; 1599; 1550; 151; 128712; 4
4; r; 929354; 1599; 883; 116; 129353; 12
4; r; 929995; 1599; 610; 107; 129994; 10
4; r; 934480; 1599; 442; 96; 134479; 12
4; r; 946665; 1599; 805; 112; 146664; 13
4; r; 948589; 1599; 447; 97; 148588; 11
5; r; 16008; 1599; 658; 30; 16007; 8
5; r; 17288; 1599; 1544; 71; 17287; 3
5; r; 22410; 1599; 964; 44; 22409; 9
5; r; 24971; 1599; 516; 25; 24970; 7
5; r; 25611; 1599; 1224; 57; 25610; 3
5; r; 40976; 1599; 180; 7; 40975; 12
5; r; 47378; 1599; 152; 6; 47377; 9
5; r; 50579; 1599; 1271; 60; 50578; 5
5; r; 60823; 1599; 1519; 69; 60822; 1
5; r; 62745; 1599; 1032; 47; 62744; 4
5; r; 69788; 1599; 71; 0; 69787; 11
5; r; 73630; 1599; 229; 11; 73629; 11
5; r; 74271; 1599; 1151; 53; 74270; 3
5; r; 77472; 1599; 900; 42; 77471; 8
5; r; 78113; 1599; 334; 20; 78112; 12
5; r; 83236; 1599; 891; 41; 83235; 8
5; r; 89639; 1599; 1031; 46; 89638; 4
5; r; 90280; 1599; 1505; 68; 90279; 4
5; r; 90920; 1599; 132; 4; 90919; 11
5; r; 99885; 1599; 348; 21; 99884; 10
5; r; 101807; 1599; 982; 45; 101806; 6
5; r; 105649; 1599; 1045; 49; 105648; 11
5; r; 107571; 1599; 1392; 64; 107570; 2
5; r; 110774; 1599; 387; 23; 110773; 8
5; r; 112055; 1599; 660; 31; 112054; 8
5; r; 113336; 1599; 1286; 61; 113335; 7
5; r; 113976; 1599; 291; 19; 113975; 9
5; r; 114617; 1599; 906; 43; 114616; 7
5; r; 119101; 1599; 857; 39; 119100; 7
5; r; 126787; 1599; 146; 5; 126786; 12
5; r; 132553; 1599; 1087; 50; 132552; 11
5; r; 138320; 1599; 182; 8; 138319; 12
5; r; 138960; 1599; 537; 27; 138959; 10
5; r; 140242; 1599; 253; 16; 140241; 11
5; r; 140882; 1599; 1169; 54; 140881; 10
5; r; 142165; 1599; 591; 29; 142164; 7
5; r; 142806; 1599; 247; 14; 142805; 15
5; r; 143447; 1599; 119; 3; 143446; 12
5; r; 144729; 1599; 526; 26; 144728; 14
5; r; 149220; 1599; 820; 37; 149219; 12
5; r; 152429; 1599; 356; 22; 152428; 11
5; r; 158968; 1599; 265; 17; 158967; 12
5; r; 803201; 1599; 1135; 133; 3200; 6
5; r; 808323; 1599; 1247; 140; 8322; 7
5; r; 808963; 1599; 1537; 151; 8962; 4
5; r; 812803; 1599; 642; 105; 12802; 10
5; r; 814725; 1599; 1473; 148; 14724; 1
5; r; 819207; 1599; 418; 90; 19206; 8
5; r; 822408; 1599; 775; 110; 22407; 8
5; r; 824330; 1599; 354; 86; 24329; 7
5; r; 828171; 1599; 1350; 143; 28170; 3
5; r; 832653; 1599; 1316; 141; 32652; 2
5; r; 835213; 1599; 1242; 139; 35212; 8
5; r; 842257; 1599; 1372; 144; 42256; 8
5; r; 846098; 1599; 1151; 134; 46097; 2
5; r; 851861; 1599; 577; 100; 51860; 9
5; r; 855062; 1599; 18; 74; 55061; 14
5; r; 856983; 1599; 784; 111; 56982; 5
5; r; 862105; 1599; 405; 88; 62104; 11
5; r; 868509; 1599; 1496; 150; 68508; 5
5; r; 874271; 1599; 1172; 137; 74270; 7
5; r; 878113; 1599; 753; 109; 78112; 4
5; r; 881953; 1599; 325; 84; 81952; 14
5; r; 882594; 1599; 1418; 147; 82593; 6
5; r; 883875; 1599; 377; 87; 83874; 8
5; r; 885795; 1599; 156; 79; 85794; 9
5; r; 887075; 1599; 926; 121; 87074; 8
5; r; 894760; 1599; 1414; 146; 94759; 7
5; r; 897321; 1599; 305; 83; 97320; 8
5; r; 901163; 1599; 798; 112; 101162; 3
5; r; 902444; 1599; 261; 82; 102443; 9
5; r; 905645; 1599; 1126; 132; 105644; 6
5; r; 906286; 1599; 1076; 128; 106285; 2
5; r; 907567; 1599; 1161; 135; 107566; 11
5; r; 908848; 1599; 486; 94; 108847; 11
5; r; 910769; 1599; 1387; 145; 110768; 4
5; r; 912691; 1599; 1490; 149; 112690; 7
5; r; 918454; 1599; 1000; 124; 118453; 13
5; r; 921015; 1599; 1086; 130; 121014; 8
5; r; 922296; 1599; 1589; 152; 122295; 3
5; r; 924217; 1599; 1002; 125; 124216; 11
5; r; 927419; 1599; 1168; 136; 127418; 7
5; r; 928701; 1599; 1122; 131; 128700; 10
5; r; 931905; 1599; 414; 89; 131904; 14
5; r; 935750; 1599; 580; 101; 135749; 10
5; r; 937672; 1599; 704; 106; 137671; 9
5; r; 941517; 1599; 1046; 127; 141516; 11
5; r; 942799; 1599; 954; 122; 142798; 5
5; r; 944722; 1599; 1217; 138; 144721; 10
5; r; 951132; 1599; 891; 119; 151131; 9
5; r; 955622; 1599; 546; 98; 155621; 7
5; r; 957544; 1599; 528; 97; 157543; 12
5; r; 961403; 1599; 610; 102; 161402; 11
5; r; 968472; 1599; 174; 80; 168471; 14
5; r; 969123; 1599; 145; 77; 169122; 12
5; r; 970462; 1599; 567; 99; 170461; 14
6; r; 4481; 1599; 395; 22; 4480; 8
6; r; 415895; 1599; 1056; 53; 415894; 7
6; r; 426182; 1599; 183; 10; 426181; 9
6; r; 431965; 1599; 560; 30; 431964; 10
6; r; 437111; 1599; 1093; 57; 437110; 6
6; r; 440971; 1599; 555; 29; 440970; 5
6; r; 450593; 1599; 324; 18; 450592; 11
6; r; 451235; 1599; 1596; 74; 451234; 1
6; r; 455080; 1599; 982; 47; 455079; 5
6; r; 462135; 1599; 1293; 65; 462134; 6
6; r; 464062; 1599; 1369; 67; 464061; 8
6; r; 465986; 1599; 126; 5; 465985; 13
6; r; 478189; 1599; 358; 20; 478188; 9
6; r; 492580; 1599; 65; 2; 492579; 10
6; r; 513860; 1599; 601; 31; 513859; 13
6; r; 515145; 1599; 1283; 64; 515144; 9
6; r; 529283; 1599; 840; 41; 529282; 12
6; r; 541677; 1599; 103; 3; 541676; 13
6; r; 543632; 1599; 1148; 60; 543631; 6
6; r; 569899; 1599; 898; 45; 569898; 10
6; r; 571195; 1599; 820; 40; 571194; 9
6; r; 806403; 1599; 742; 119; 6402; 6
6; r; 1214421; 1599; 1550; 172; 414420; 2
6; r; 1230179; 1599; 825; 122; 430178; 6
6; r; 1235958; 1599; 468; 101; 435957; 6
6; r; 1250067; 1599; 963; 133; 450066; 7
6; r; 1253912; 1599; 1038; 136; 453911; 3
6; r; 1260959; 1599; 608; 109; 460958; 8
6; r; 1264163; 1599; 981; 134; 464162; 5
6; r; 1265445; 1599; 125; 85; 465444; 12
6; r; 1276977; 1599; 1361; 157; 476976; 9
6; r; 1281460; 1599; 1413; 164; 481459; 6
6; r; 1284665; 1599; 3; 76; 484664; 11
6; r; 1295578; 1599; 231; 92; 495577; 9
6; r; 1306474; 1599; 1125; 139; 506473; 8
6; r; 1318018; 1599; 531; 106; 518017; 9
6; r; 1318659; 1599; 91; 84; 518658; 14
6; r; 1323146; 1599; 1207; 141; 523145; 8
6; r; 1330209; 1599; 492; 103; 530208; 11
6; r; 1340487; 1599; 1281; 148; 540486; 10
7; r; 1922; 1599; 1470; 78; 1921; 2
7; r; 3842; 1599; 586; 29; 3841; 6
7; r; 24968; 1599; 327; 12; 24967; 13
7; r; 28809; 1599; 1074; 62; 28808; 3
7; r; 30730; 1599; 502; 25; 30729; 8
7; r; 39055; 1599; 553; 27; 39054; 8
7; r; 40335; 1599; 1142; 66; 40334; 7
7; r; 43536; 1599; 1593; 82; 43535; 1
7; r; 46738; 1599; 905; 55; 46737; 5
7; r; 50579; 1599; 874; 51; 50578; 5
7; r; 55062; 1599; 1324; 72; 55061; 7
7; r; 56343; 1599; 1027; 60; 56342; 3
7; r; 71069; 1599; 549; 26; 71068; 7
7; r; 74271; 1599; 1314; 71; 74270; 3
7; r; 76831; 1599; 397; 16; 76830; 6
7; r; 77472; 1599; 471; 22; 77471; 5
7; r; 79393; 1599; 856; 49; 79392; 7
7; r; 80034; 1599; 1503; 79; 80033; 3
7; r; 85157; 1599; 1016; 58; 85156; 9
7; r; 88999; 1599; 1026; 59; 88998; 5
7; r; 102446; 1599; 453; 18; 102445; 11
7; r; 105007; 1599; 74; 3; 105006; 10
7; r; 112694; 1599; 474; 23; 112693; 7
7; r; 116535; 1599; 825; 47; 116534; 6
7; r; 117176; 1599; 468; 21; 117175; 7
7; r; 119097; 1599; 827; 48; 119096; 8
7; r; 119738; 1599; 901; 54; 119737; 7
7; r; 126144; 1599; 1440; 77; 126143; 12
7; r; 129347; 1599; 384; 15; 129346; 11
7; r; 131909; 1599; 182; 4; 131908; 12
7; r; 137677; 1599; 735; 36; 137676; 7
7; r; 138958; 1599; 776; 41; 138957; 11
7; r; 140881; 1599; 1327; 73; 140880; 12
7; r; 141522; 1599; 7; 0; 141521; 15
7; r; 144727; 1599; 736; 37; 144726; 11
7; r; 146649; 1599; 727; 35; 146648; 11
7; r; 147931; 1599; 28; 2; 147930; 12
7; r; 148572; 1599; 726; 34; 148571; 12
7; r; 149855; 1599; 700; 33; 149854; 11
7; r; 150499; 1599; 318; 11; 150498; 9
7; r; 801921; 1599; 1544; 168; 1920; 4
7; r; 805122; 1599; 1384; 158; 5121; 4
7; r; 814725; 1599; 900; 131; 14724; 8
7; r; 817927; 1599; 1341; 155; 17926; 4
7; r; 819848; 1599; 1163; 142; 19847; 8
7; r; 830732; 1599; 1221; 148; 30731; 5
7; r; 835215; 1599; 863; 127; 35214; 7
7; r; 839056; 1599; 1488; 165; 39055; 7
7; r; 839696; 1599; 1497; 166; 39695; 4
7; r; 841617; 1599; 1157; 141; 41616; 2
7; r; 849941; 1599; 385; 103; 49940; 7
7; r; 851222; 1599; 1433; 164; 51221; 1
7; r; 856985; 1599; 67; 89; 56984; 10
7; r; 860186; 1599; 57; 88; 60185; 13
7; r; 861467; 1599; 809; 122; 61466; 9
7; r; 869790; 1599; 1421; 163; 69789; 3
7; r; 871071; 1599; 1235; 149; 71070; 3
7; r; 874912; 1599; 56; 87; 74911; 11
7; r; 887718; 1599; 1307; 153; 87717; 2
7; r; 894121; 1599; 452; 104; 94120; 9
7; r; 894761; 1599; 522; 109; 94760; 12
7; r; 895402; 1599; 313; 98; 95401; 7
7; r; 897324; 1599; 755; 118; 97323; 5
7; r; 899885; 1599; 1107; 137; 99884; 5
7; r; 905008; 1599; 803; 121; 105007; 7
7; r; 912693; 1599; 192; 93; 112692; 8
7; r; 918458; 1599; 853; 125; 118457; 9
7; r; 922302; 1599; 622; 114; 122301; 8
7; r; 922942; 1599; 1182; 144; 122941; 5
7; r; 923583; 1599; 274; 96; 123582; 11
7; r; 924224; 1599; 992; 134; 124223; 7
7; r; 926787; 1599; 1286; 152; 126786; 8
7; r; 928068; 1599; 275; 97; 128067; 10
7; r; 929349; 1599; 697; 116; 129348; 9
7; r; 930630; 1599; 35; 84; 130629; 12
7; r; 931911; 1599; 859; 126; 131910; 8
7; r; 932551; 1599; 496; 107; 132550; 11
7; r; 933192; 1599; 664; 115; 133191; 8
7; r; 934474; 1599; 1364; 156; 134473; 12
7; r; 937037; 1599; 896; 130; 137036; 10
7; r; 937677; 1599; 37; 85; 137676; 11
7; r; 945367; 1599; 781; 120; 145366; 8
7; r; 947932; 1599; 1099; 136; 147931; 7
7; r; 949855; 1599; 543; 110; 149854; 8
7; r; 950496; 1599; 778; 119; 150495; 9
7; r; 951137; 1599; 1080; 135; 151136; 15
7; r; 951779; 1599; 810; 123; 151778; 11
7; r; 954345; 1599; 1117; 139; 154344; 5
7; r; 956910; 1599; 108; 90; 156909; 12
8; r; 3842; 1599; 1260; 64; 3841; 5
8; r; 17925; 1599; 1533; 80; 17924; 4
8; r; 22406; 1599; 1570; 81; 22405; 7
8; r; 32010; 1599; 456; 30; 32009; 10
8; r; 39692; 1599; 100; 3; 39691; 11
8; r; 41613; 1599; 945; 56; 41612; 6
8; r; 44174; 1599; 943; 55; 44173; 4
8; r; 47376; 1599; 1317; 69; 47375; 1
8; r; 49297; 1599; 1195; 62; 49296; 3
8; r; 64664; 1599; 1482; 76; 64663; 9
8; r; 69785; 1599; 272; 16; 69784; 8
8; r; 78750; 1599; 1455; 74; 78749; 5
8; r; 86432; 1599; 591; 36; 86431; 9
8; r; 95396; 1599; 84; 2; 95395; 13
8; r; 96037; 1599; 244; 15; 96036; 10
8; r; 99239; 1599; 884; 49; 99238; 9
8; r; 101159; 1599; 1085; 59; 101158; 9
8; r; 109484; 1599; 799; 46; 109483; 5
8; r; 111406; 1599; 287; 17; 111405; 13
8; r; 112687; 1599; 217; 11; 112686; 14
8; r; 118451; 1599; 195; 9; 118450; 13
8; r; 121013; 1599; 693; 42; 121012; 8
8; r; 122294; 1599; 167; 8; 122293; 11
8; r; 126775; 1599; 1303; 67; 126774; 5
8; r; 130618; 1599; 424; 29; 130617; 9
8; r; 133181; 1599; 691; 41; 133180; 9
8; r; 135104; 1599; 368; 24; 135103; 11
8; r; 140229; 1599; 1526; 79; 140228; 9
8; r; 142792; 1599; 465; 31; 142791; 8
8; r; 147278; 1599; 1452; 73; 147277; 7
8; r; 148560; 1599; 336; 22; 148559; 13
8; r; 149201; 1599; 405; 26; 149200; 11
8; r; 160743; 1599; 1096; 60; 160742; 7
8; r; 163949; 1599; 332; 21; 163948; 13
8; r; 165875; 1599; 481; 32; 165874; 15
8; r; 167800; 1599; 669; 40; 167799; 10
8; r; 804483; 1599; 1260; 142; 4482; 6
8; r; 808963; 1599; 164; 90; 8962; 12
8; r; 810244; 1599; 1279; 144; 10243; 2
8; r; 821128; 1599; 1269; 143; 21127; 3
8; r; 824329; 1599; 848; 120; 24328; 8
8; r; 824970; 1599; 359; 105; 24969; 6
8; r; 826890; 1599; 341; 103; 26889; 10
8; r; 830092; 1599; 133; 88; 30091; 12
8; r; 846737; 1599; 1477; 155; 46736; 1
8; r; 849938; 1599; 1357; 148; 49937; 3
8; r; 858902; 1599; 1283; 145; 58901; 10
8; r; 860183; 1599; 257; 95; 60182; 11
8; r; 860823; 1599; 1529; 157; 60822; 10
8; r; 869786; 1599; 1010; 129; 69785; 8
8; r; 870426; 1599; 928; 127; 70425; 9
8; r; 874268; 1599; 1008; 128; 74267; 7
8; r; 879391; 1599; 859; 121; 79390; 7
8; r; 885794; 1599; 1012; 130; 85793; 8
8; r; 888995; 1599; 687; 115; 88994; 8
8; r; 892195; 1599; 309; 98; 92194; 10
8; r; 897958; 1599; 1377; 150; 97957; 5
8; r; 901799; 1599; 1182; 139; 101798; 6
8; r; 902440; 1599; 662; 114; 102439; 8
8; r; 908205; 1599; 748; 117; 108204; 7
8; r; 910126; 1599; 325; 100; 110125; 17
8; r; 911407; 1599; 180; 92; 111406; 10
8; r; 915889; 1599; 1360; 149; 115888; 12
8; r; 921014; 1599; 1181; 138; 121013; 6
8; r; 922295; 1599; 436; 110; 122294; 6
8; r; 923576; 1599; 410; 109; 123575; 10
8; r; 924857; 1599; 1126; 136; 124856; 8
8; r; 927419; 1599; 617; 113; 127418; 10
8; r; 931261; 1599; 886; 126; 131260; 8
8; r; 938307; 1599; 294; 97; 138306; 11
8; r; 940868; 1599; 402; 108; 140867; 12
8; r; 941508; 1599; 1204; 140; 141507; 11
8; r; 942149; 1599; 269; 96; 142148; 9
8; r; 942790; 1599; 1418; 153; 142789; 5
8; r; 944712; 1599; 820; 119; 144711; 7
8; r; 945993; 1599; 882; 124; 145992; 10
8; r; 947916; 1599; 1250; 141; 147915; 8
8; r; 949839; 1599; 1044; 132; 149838; 13
8; r; 951120; 1599; 605; 112; 151119; 11
8; r; 955606; 1599; 313; 99; 155605; 10
8; r; 957529; 1599; 1468; 154; 157528; 6
8; r; 960092; 1599; 2; 84; 160091; 14
8; r; 961373; 1599; 1582; 159; 161372; 4
8; r; 963301; 1599; 242; 93; 163300; 16
8; r; 964586; 1599; 175; 91; 164585; 14
8; r; 968442; 1599; 375; 106; 168441; 10
9; r; 1922; 1599; 1197; 52; 1921; 2
9; r; 3842; 1599; 1101; 48; 3841; 5
9; r; 10245; 1599; 1431; 68; 10244; 2
9; r; 12806; 1599; 1108; 50; 12805; 3
9; r; 17287; 1599; 359; 7; 17286; 8
9; r; 17927; 1599; 609; 26; 17926; 8
9; r; 19848; 1599; 1097; 47; 19847; 6
9; r; 21769; 1599; 599; 25; 21768; 6
9; r; 22409; 1599; 167; 3; 22408; 9
9; r; 23049; 1599; 916; 39; 23048; 4
9; r; 26251; 1599; 912; 38; 26250; 4
9; r; 26891; 1599; 1233; 56; 26890; 2
9; r; 29452; 1599; 1058; 46; 29451; 6
9; r; 35214; 1599; 374; 9; 35213; 9
9; r; 37135; 1599; 1358; 64; 37134; 1
9; r; 40976; 1599; 1237; 58; 40975; 3
9; r; 44817; 1599; 110; 2; 44816; 11
9; r; 49299; 1599; 628; 27; 49298; 7
9; r; 68504; 1599; 1235; 57; 68503; 2
9; r; 94116; 1599; 464; 15; 94115; 7
9; r; 97319; 1599; 1454; 70; 97318; 6
9; r; 102442; 1599; 1254; 61; 102441; 9
9; r; 110767; 1599; 11; 0; 110766; 13
9; r; 113969; 1599; 82; 1; 113968; 15
9; r; 537059; 1599; 680; 31; 537058; 12
9; r; 538982; 1599; 641; 29; 418063; 11
9; r; 540907; 1599; 1403; 66; 422229; 9
9; r; 545403; 1599; 1525; 73; 545402; 10
9; r; 549252; 1599; 360; 8; 549251; 14
9; r; 801282; 1599; 1354; 161; 1281; 1
9; r; 804483; 1599; 1271; 154; 4482; 2
9; r; 808965; 1599; 892; 136; 8964; 7
9; r; 810885; 1599; 784; 129; 10884; 6
9; r; 813446; 1599; 871; 133; 13445; 6
9; r; 815367; 1599; 905; 137; 15366; 6
9; r; 816007; 1599; 1301; 158; 16006; 5
9; r; 817288; 1599; 1555; 170; 17287; 1
9; r; 819849; 1599; 1558; 171; 19848; 1
9; r; 827532; 1599; 625; 119; 27531; 6
9; r; 830733; 1599; 1424; 163; 30732; 3
9; r; 847379; 1599; 766; 128; 47378; 11
9; r; 850580; 1599; 416; 103; 50579; 11
9; r; 855063; 1599; 733; 125; 55062; 11
9; r; 859544; 1599; 1477; 164; 59543; 2
9; r; 864666; 1599; 1027; 142; 64665; 6
9; r; 865947; 1599; 190; 90; 65946; 10
9; r; 869148; 1599; 225; 92; 69147; 8
9; r; 871069; 1599; 1179; 150; 71068; 5
9; r; 871710; 1599; 1512; 167; 71709; 1
9; r; 876192; 1599; 591; 115; 76191; 5
9; r; 877472; 1599; 1076; 146; 77471; 5
9; r; 880032; 1599; 606; 116; 80031; 10
9; r; 883876; 1599; 153; 88; 83875; 11
9; r; 887718; 1599; 8; 79; 87717; 12
9; r; 892200; 1599; 204; 91; 92199; 11
9; r; 892841; 1599; 1251; 153; 92840; 7
9; r; 899886; 1599; 490; 111; 99885; 8
9; r; 903089; 1599; 362; 98; 103088; 13
9; r; 903729; 1599; 806; 131; 103728; 12
9; r; 904370; 1599; 794; 130; 104369; 5
9; r; 905650; 1599; 42; 80; 105649; 15
9; r; 907571; 1599; 468; 106; 107570; 9
9; r; 1340981; 1599; 1572; 174; 540980; 10
9; r; 1348038; 1599; 641; 120; 416135; 9
