iter; type; time slot; d_nodes; s_nodes; pid; nslot; nhop
0; r; 3426; 1599; 1103; 0; 3206; 6
0; r; 20712; 1599; 1569; 19; 15135; 7
0; r; 428092; 1599; 952; 20; 422357; 3
0; r; 459493; 1599; 1508; 61; 436536; 5
0; r; 461415; 1599; 83; 33; 451389; 11
0; r; 466540; 1599; 1381; 93; 37279; 4
0; r; 471666; 1599; 1328; 3; 471081; 13
0; r; 478072; 1599; 291; 92; 49116; 10
0; r; 483196; 1599; 834; 7; 481504; 12
0; r; 491523; 1599; 1235; 58; 470948; 2
0; r; 500493; 1599; 1441; 79; 471927; 11
0; r; 521629; 1599; 386; 54; 503092; 7
0; r; 529315; 1599; 216; 91; 104211; 11
0; r; 542765; 1599; 1240; 81; 513878; 12
0; r; 549171; 1599; 824; 16; 544800; 7
0; r; 551733; 1599; 922; 40; 539000; 27
0; r; 556218; 1599; 1296; 42; 542512; 10
0; r; 558139; 1599; 743; 76; 531154; 9
0; r; 561982; 1599; 1403; 51; 544502; 13
0; r; 564544; 1599; 98; 65; 540511; 23
0; r; 581834; 1599; 212; 1; 581529; 24
0; r; 585677; 1599; 848; 41; 572246; 18
0; r; 602969; 1599; 756; 24; 595750; 16
0; r; 610012; 1599; 211; 12; 606743; 14
0; r; 618335; 1599; 728; 28; 609893; 21
0; r; 622818; 1599; 1554; 2; 622237; 22
0; r; 624099; 1599; 1319; 57; 603859; 14
0; r; 630503; 1599; 805; 89; 598219; 21
0; r; 633065; 1599; 30; 9; 630720; 21
0; r; 640109; 1599; 1162; 67; 615504; 27
0; r; 644591; 1599; 872; 84; 614543; 22
0; r; 650994; 1599; 713; 4; 650286; 7
0; r; 652274; 1599; 1340; 63; 628599; 22
0; r; 663160; 1599; 709; 82; 633664; 13
0; r; 668923; 1599; 567; 66; 644736; 15
0; r; 672765; 1599; 1422; 74; 646360; 22
0; r; 674046; 1599; 1417; 71; 648014; 19
0; r; 677888; 1599; 1217; 43; 663125; 17
0; r; 682371; 1599; 455; 69; 656413; 16
0; r; 684292; 1599; 1194; 36; 672722; 24
0; r; 693897; 1599; 364; 8; 692181; 20
0; r; 697099; 1599; 168; 55; 677639; 19
0; r; 701581; 1599; 1529; 62; 678412; 27
0; r; 702862; 1599; 121; 85; 672733; 22
0; r; 704783; 1599; 1; 14; 701312; 26
0; r; 711187; 1599; 1200; 50; 694221; 14
0; r; 720151; 1599; 849; 47; 703640; 20
0; r; 722713; 1599; 1491; 70; 696703; 19
0; r; 725275; 1599; 882; 32; 715762; 26
0; r; 731039; 1599; 754; 30; 721833; 22
0; r; 734881; 1599; 1301; 18; 729921; 24
0; r; 737442; 1599; 190; 83; 707423; 23
0; r; 738083; 1599; 516; 52; 720345; 22
0; r; 743206; 1599; 84; 87; 711668; 18
0; r; 752812; 1599; 300; 60; 730081; 25
0; r; 764338; 1599; 221; 48; 747738; 29
0; r; 774585; 1599; 1505; 17; 769935; 23
0; r; 775866; 1599; 827; 29; 767066; 31
0; r; 776506; 1599; 741; 77; 749328; 28
0; r; 778428; 1599; 775; 73; 752203; 38
0; r; 786754; 1599; 1196; 15; 783003; 24
0; r; 788035; 1599; 431; 53; 769812; 23
0; r; 796363; 1599; 375; 13; 793002; 19
0; r; 818131; 1599; 1040; 110; 14097; 9
0; r; 1227297; 1599; 1596; 139; 414903; 5
0; r; 1256795; 1599; 861; 171; 427935; 5
0; r; 1273455; 1599; 794; 177; 442058; 6
0; r; 1288830; 1599; 143; 148; 472686; 9
0; r; 1315733; 1599; 471; 98; 514615; 9
0; r; 1324058; 1599; 189; 174; 493656; 9
0; r; 1329180; 1599; 1270; 101; 527164; 6
0; r; 1336225; 1599; 1488; 103; 533778; 8
0; r; 1337506; 1599; 1136; 118; 531769; 8
0; r; 1343269; 1599; 1021; 136; 531127; 16
0; r; 1347752; 1599; 898; 99; 546450; 15
0; r; 1349034; 1599; 1158; 176; 518158; 6
0; r; 1358643; 1599; 1301; 115; 553683; 8
0; r; 1361205; 1599; 663; 160; 536949; 6
0; r; 1362486; 1599; 1037; 157; 539400; 16
0; r; 1365688; 1599; 1141; 179; 533493; 18
0; r; 1385546; 1599; 1466; 151; 568185; 8
0; r; 1397073; 1599; 1409; 116; 592076; 12
0; r; 1406041; 1599; 591; 132; 595870; 14
0; r; 1410523; 1599; 466; 127; 601841; 20
0; r; 1416926; 1599; 1217; 145; 602163; 18
0; r; 1418848; 1599; 830; 180; 586609; 18
0; r; 1443180; 1599; 949; 166; 615825; 23
0; r; 1453428; 1599; 893; 172; 623788; 16
0; r; 1455349; 1599; 573; 168; 627100; 15
0; r; 1467515; 1599; 1594; 95; 667081; 19
0; r; 1469436; 1599; 1053; 150; 653030; 17
0; r; 1477761; 1599; 44; 169; 649404; 17
0; r; 1479681; 1599; 194; 119; 672638; 21
0; r; 1486085; 1599; 381; 107; 683370; 17
0; r; 1490568; 1599; 1035; 123; 682425; 20
0; r; 1495050; 1599; 1184; 109; 691352; 13
0; r; 1496971; 1599; 1340; 158; 673296; 29
0; r; 1500813; 1599; 629; 155; 681294; 20
0; r; 1505295; 1599; 1238; 129; 695981; 28
0; r; 1507856; 1599; 1283; 120; 700781; 27
0; r; 1511698; 1599; 449; 161; 686957; 21
0; r; 1518102; 1599; 525; 121; 710598; 25
0; r; 1527708; 1599; 240; 181; 694997; 23
0; r; 1530269; 1599; 419; 130; 720861; 22
0; r; 1532831; 1599; 108; 117; 727748; 18
0; r; 1548841; 1599; 1539; 112; 744185; 35
0; r; 1551403; 1599; 491; 100; 749689; 23
0; r; 1553964; 1599; 462; 135; 742531; 22
0; r; 1557806; 1599; 13; 154; 738773; 20
0; r; 1560368; 1599; 1278; 152; 742983; 22
0; r; 1564852; 1599; 1061; 164; 738519; 20
0; r; 1566133; 1599; 655; 134; 754809; 26
0; r; 1568054; 1599; 1287; 137; 755780; 28
0; r; 1569336; 1599; 99; 141; 756072; 30
0; r; 1578303; 1599; 1346; 162; 753406; 28
0; r; 1596239; 1599; 567; 159; 772052; 22
0; r; 1601364; 1599; 210; 138; 788973; 32
0; r; 1604567; 1599; 628; 126; 796097; 18
1; r; 10883; 1599; 1042; 54; 10882; 10
1; r; 21125; 1599; 820; 35; 21124; 9
1; r; 23686; 1599; 836; 37; 23685; 6
1; r; 24326; 1599; 988; 51; 24325; 6
1; r; 29447; 1599; 1254; 61; 29446; 12
1; r; 31368; 1599; 1559; 68; 31367; 1
1; r; 34569; 1599; 948; 48; 34568; 4
1; r; 46093; 1599; 832; 36; 46092; 3
1; r; 48654; 1599; 578; 25; 48653; 9
1; r; 53136; 1599; 1187; 58; 53135; 4
1; r; 56337; 1599; 771; 32; 56336; 7
1; r; 58898; 1599; 860; 41; 58897; 9
1; r; 61459; 1599; 1067; 56; 61458; 3
1; r; 66581; 1599; 1051; 55; 66580; 7
1; r; 67221; 1599; 1028; 53; 67220; 5
1; r; 69782; 1599; 1564; 69; 69781; 7
1; r; 72343; 1599; 1190; 59; 72342; 3
1; r; 75544; 1599; 1223; 60; 75543; 4
1; r; 85149; 1599; 799; 33; 85148; 6
1; r; 87070; 1599; 849; 39; 87069; 12
1; r; 90271; 1599; 126; 6; 90270; 16
1; r; 92832; 1599; 266; 11; 92831; 19
1; r; 102436; 1599; 706; 30; 102435; 6
1; r; 107558; 1599; 460; 20; 107557; 12
1; r; 110759; 1599; 884; 44; 110758; 15
1; r; 111399; 1599; 717; 31; 111398; 9
1; r; 116522; 1599; 97; 3; 116521; 20
1; r; 124206; 1599; 931; 47; 124205; 11
1; r; 125487; 1599; 365; 16; 125486; 16
1; r; 126127; 1599; 690; 29; 126126; 12
1; r; 133170; 1599; 1121; 57; 133169; 10
1; r; 142134; 1599; 542; 23; 142133; 13
1; r; 156220; 1599; 837; 38; 156219; 5
1; r; 159422; 1599; 71; 1; 159421; 15
1; r; 161983; 1599; 473; 21; 161982; 8
1; r; 162624; 1599; 1529; 65; 162623; 9
1; r; 176070; 1599; 1525; 64; 176069; 18
1; r; 176710; 1599; 1017; 52; 176709; 13
1; r; 178631; 1599; 543; 24; 178630; 12
1; r; 182473; 1599; 686; 28; 182472; 16
1; r; 183114; 1599; 328; 12; 183113; 11
1; r; 185035; 1599; 589; 26; 185034; 11
1; r; 188237; 1599; 133; 7; 188236; 15
1; r; 195282; 1599; 456; 19; 195281; 17
1; r; 195923; 1599; 970; 49; 195922; 16
1; r; 198484; 1599; 429; 17; 198483; 10
1; r; 200406; 1599; 873; 42; 200405; 16
1; r; 201687; 1599; 976; 50; 201686; 9
1; r; 202968; 1599; 260; 10; 202967; 11
1; r; 205530; 1599; 856; 40; 205529; 11
1; r; 210654; 1599; 510; 22; 210653; 11
1; r; 215139; 1599; 453; 18; 215138; 16
1; r; 236281; 1599; 210; 8; 236280; 23
1; r; 686346; 1599; 52; 0; 686345; 21
1; r; 705561; 1599; 124; 4; 705560; 25
1; r; 713888; 1599; 83; 2; 713887; 28
1; r; 719012; 1599; 331; 13; 719011; 23
1; r; 719653; 1599; 353; 15; 719652; 32
1; r; 726700; 1599; 1303; 62; 726699; 28
1; r; 727982; 1599; 243; 9; 727981; 24
1; r; 810621; 1599; 1433; 141; 10620; 1
1; r; 818943; 1599; 696; 104; 18942; 10
1; r; 825985; 1599; 1279; 134; 25984; 2
1; r; 833667; 1599; 936; 119; 33666; 5
1; r; 834307; 1599; 1335; 136; 34306; 6
1; r; 843910; 1599; 555; 98; 43909; 9
1; r; 849032; 1599; 924; 115; 49031; 11
1; r; 849672; 1599; 785; 107; 49671; 6
1; r; 852873; 1599; 446; 94; 52872; 12
1; r; 853513; 1599; 243; 85; 53512; 11
1; r; 861196; 1599; 1364; 137; 61195; 9
1; r; 862476; 1599; 854; 113; 62475; 8
1; r; 868239; 1599; 951; 120; 68238; 6
1; r; 870800; 1599; 1; 70; 70799; 14
1; r; 876563; 1599; 61; 75; 76562; 18
1; r; 880404; 1599; 359; 90; 80403; 9
1; r; 882965; 1599; 205; 81; 82964; 13
1; r; 884246; 1599; 1223; 133; 84245; 5
1; r; 889368; 1599; 1048; 125; 89367; 12
1; r; 891929; 1599; 783; 106; 91928; 11
1; r; 893850; 1599; 843; 111; 93849; 8
1; r; 897051; 1599; 930; 116; 97050; 13
1; r; 901534; 1599; 934; 118; 101533; 6
1; r; 906016; 1599; 1368; 138; 106015; 8
1; r; 922024; 1599; 1120; 127; 122023; 14
1; r; 922664; 1599; 1546; 145; 122663; 4
1; r; 926506; 1599; 1451; 142; 126505; 14
1; r; 928427; 1599; 853; 112; 128426; 13
1; r; 929067; 1599; 21; 73; 129066; 10
1; r; 930348; 1599; 225; 82; 130347; 10
1; r; 934830; 1599; 1578; 147; 134829; 8
1; r; 935470; 1599; 1301; 135; 135469; 5
1; r; 937390; 1599; 972; 121; 137389; 15
1; r; 938671; 1599; 690; 103; 138670; 15
1; r; 942513; 1599; 823; 109; 142512; 13
1; r; 943793; 1599; 352; 89; 143792; 13
1; r; 945074; 1599; 1130; 128; 145073; 7
1; r; 948276; 1599; 1568; 146; 148275; 13
1; r; 952758; 1599; 1369; 139; 152757; 10
1; r; 955320; 1599; 1007; 123; 155319; 11
1; r; 959802; 1599; 842; 110; 159801; 10
1; r; 968768; 1599; 120; 77; 168767; 15
1; r; 971969; 1599; 497; 96; 171968; 10
1; r; 984137; 1599; 727; 105; 184136; 12
1; r; 985418; 1599; 3; 71; 185417; 14
1; r; 986058; 1599; 297; 86; 186057; 12
1; r; 987339; 1599; 995; 122; 187338; 9
1; r; 1000787; 1599; 59; 74; 200786; 16
1; r; 1002708; 1599; 867; 114; 202707; 13
1; r; 1003989; 1599; 1089; 126; 203988; 19
1; r; 1006551; 1599; 483; 95; 206550; 15
1; r; 1010393; 1599; 197; 79; 210392; 16
1; r; 1016798; 1599; 313; 88; 216797; 11
1; r; 1018079; 1599; 310; 87; 218078; 19
1; r; 1019360; 1599; 1459; 143; 219359; 11
1; r; 1021282; 1599; 547; 97; 221281; 16
1; r; 1034736; 1599; 817; 108; 234735; 10
1; r; 1483877; 1599; 574; 100; 683876; 24
1; r; 1492842; 1599; 682; 102; 692841; 18
1; r; 1493482; 1599; 1219; 132; 693481; 19
1; r; 1495404; 1599; 77; 76; 695403; 29
1; r; 1501168; 1599; 6; 72; 701167; 26
1; r; 1503089; 1599; 1582; 148; 703088; 28
1; r; 1504370; 1599; 1491; 144; 704369; 26
1; r; 1522302; 1599; 559; 99; 722301; 31
1; r; 1558177; 1599; 162; 78; 758176; 37
1; r; 1559459; 1599; 204; 80; 759458; 31
1; r; 1597259; 1599; 622; 101; 797258; 25
2; r; 4482; 1599; 1156; 44; 4481; 2
2; r; 26246; 1599; 49; 3; 26245; 9
2; r; 30086; 1599; 1001; 39; 30085; 10
2; r; 37128; 1599; 809; 29; 37127; 10
2; r; 37768; 1599; 1579; 67; 37767; 6
2; r; 39689; 1599; 948; 38; 39688; 4
2; r; 42890; 1599; 264; 8; 42889; 10
2; r; 47371; 1599; 815; 32; 47370; 7
2; r; 48011; 1599; 642; 23; 48010; 16
2; r; 51212; 1599; 1331; 54; 51211; 11
2; r; 58254; 1599; 1472; 64; 58253; 1
2; r; 64656; 1599; 1312; 52; 64655; 2
2; r; 68497; 1599; 1393; 60; 68496; 1
2; r; 72979; 1599; 1250; 49; 72978; 12
2; r; 73619; 1599; 182; 5; 73618; 14
2; r; 78741; 1599; 813; 31; 78740; 9
2; r; 83223; 1599; 1035; 40; 83222; 4
2; r; 83863; 1599; 1089; 42; 83862; 15
2; r; 92827; 1599; 1398; 61; 92826; 1
2; r; 97309; 1599; 868; 35; 97308; 6
2; r; 99870; 1599; 780; 27; 99869; 5
2; r; 104992; 1599; 864; 34; 104991; 5
2; r; 108193; 1599; 1199; 47; 108192; 3
2; r; 112035; 1599; 1195; 46; 112034; 8
2; r; 114596; 1599; 634; 22; 114595; 9
2; r; 116517; 1599; 449; 13; 116516; 9
2; r; 117798; 1599; 1345; 57; 117797; 6
2; r; 123560; 1599; 1304; 51; 123559; 3
2; r; 131885; 1599; 570; 17; 131884; 17
2; r; 144052; 1599; 1284; 50; 144051; 15
2; r; 149815; 1599; 788; 28; 149814; 7
2; r; 157499; 1599; 411; 11; 157498; 9
2; r; 166463; 1599; 328; 10; 166462; 12
2; r; 167744; 1599; 1546; 66; 167743; 7
2; r; 169024; 1599; 261; 7; 169023; 10
2; r; 169665; 1599; 473; 14; 169664; 11
2; r; 172867; 1599; 895; 36; 172866; 15
2; r; 177990; 1599; 627; 21; 177989; 12
2; r; 181192; 1599; 810; 30; 181191; 14
2; r; 193358; 1599; 1387; 59; 193357; 7
2; r; 194639; 1599; 681; 25; 194638; 18
2; r; 206165; 1599; 276; 9; 206164; 7
2; r; 206805; 1599; 1418; 63; 206804; 10
2; r; 208726; 1599; 1165; 45; 208725; 11
2; r; 210648; 1599; 57; 4; 210647; 14
2; r; 217693; 1599; 1243; 48; 217692; 14
2; r; 219614; 1599; 1376; 58; 219613; 23
2; r; 220255; 1599; 932; 37; 220254; 11
2; r; 229863; 1599; 15; 0; 229862; 14
2; r; 231785; 1599; 185; 6; 231784; 21
2; r; 240114; 1599; 1541; 65; 240113; 15
2; r; 247161; 1599; 19; 1; 247160; 17
2; r; 259337; 1599; 431; 12; 259336; 14
2; r; 259978; 1599; 607; 19; 259977; 15
2; r; 786137; 1599; 851; 33; 786136; 31
2; r; 813677; 1599; 1291; 128; 13676; 13
2; r; 817518; 1599; 1139; 122; 17517; 4
2; r; 829681; 1599; 1389; 142; 29680; 4
2; r; 834802; 1599; 506; 95; 34801; 7
2; r; 838003; 1599; 1080; 117; 38002; 14
2; r; 843125; 1599; 1531; 150; 43124; 6
2; r; 850167; 1599; 1324; 132; 50166; 9
2; r; 854008; 1599; 1433; 147; 54007; 1
2; r; 863612; 1599; 1319; 131; 63611; 1
2; r; 868094; 1599; 1405; 144; 68093; 8
2; r; 870655; 1599; 770; 105; 70654; 7
2; r; 875777; 1599; 1309; 130; 75776; 5
2; r; 878978; 1599; 980; 113; 78977; 7
2; r; 898185; 1599; 1510; 149; 98184; 6
2; r; 902668; 1599; 588; 99; 102667; 10
2; r; 906510; 1599; 1335; 134; 106509; 6
2; r; 908431; 1599; 341; 89; 108430; 15
2; r; 911632; 1599; 1236; 126; 111631; 3
2; r; 912913; 1599; 260; 82; 112912; 11
2; r; 916755; 1599; 984; 114; 116754; 7
2; r; 918676; 1599; 1385; 140; 118675; 11
2; r; 920597; 1599; 1108; 119; 120596; 6
2; r; 928921; 1599; 230; 80; 128920; 12
2; r; 932764; 1599; 172; 71; 132763; 10
2; r; 934685; 1599; 1387; 141; 134684; 6
2; r; 936606; 1599; 774; 106; 136605; 8
2; r; 938527; 1599; 1467; 148; 138526; 7
2; r; 939808; 1599; 301; 85; 139807; 11
2; r; 946211; 1599; 342; 90; 146210; 7
2; r; 948132; 1599; 559; 98; 148131; 7
2; r; 950053; 1599; 1586; 153; 150052; 3
2; r; 962859; 1599; 1131; 121; 162858; 10
2; r; 964780; 1599; 1099; 118; 164779; 12
2; r; 966061; 1599; 157; 69; 166060; 10
2; r; 966701; 1599; 436; 94; 166700; 7
2; r; 967342; 1599; 1424; 145; 167341; 6
2; r; 972465; 1599; 1364; 136; 172464; 8
2; r; 974386; 1599; 1575; 152; 174385; 9
2; r; 978869; 1599; 210; 76; 178868; 17
2; r; 982071; 1599; 909; 110; 182070; 4
2; r; 989115; 1599; 776; 107; 189114; 11
2; r; 995519; 1599; 222; 78; 195518; 13
2; r; 1000001; 1599; 221; 77; 200000; 9
2; r; 1002563; 1599; 368; 92; 202562; 15
2; r; 1005125; 1599; 171; 70; 205124; 12
2; r; 1010889; 1599; 431; 93; 210888; 8
2; r; 1016012; 1599; 538; 96; 216011; 16
2; r; 1022417; 1599; 203; 74; 222416; 19
2; r; 1026260; 1599; 930; 112; 226259; 17
2; r; 1029462; 1599; 179; 72; 229461; 15
2; r; 1032664; 1599; 1332; 133; 232663; 11
2; r; 1033945; 1599; 365; 91; 233944; 18
2; r; 1044834; 1599; 228; 79; 244833; 14
2; r; 1048037; 1599; 1286; 127; 248036; 21
2; r; 1062131; 1599; 208; 75; 262130; 17
2; r; 1067896; 1599; 1122; 120; 267895; 17
2; r; 1069178; 1599; 330; 87; 269177; 20
2; r; 1083276; 1599; 253; 81; 283275; 15
2; r; 1582678; 1599; 890; 109; 782677; 29
2; r; 1586523; 1599; 544; 97; 786522; 34
2; r; 1592287; 1599; 782; 108; 792286; 23
2; r; 1599973; 1599; 1547; 151; 799972; 27
2; r; 1601254; 1599; 1214; 124; 801253; 26
2; r; 1611504; 1599; 1216; 125; 811503; 26
2; r; 1613427; 1599; 751; 104; 813426; 32
2; r; 1615990; 1599; 1431; 146; 815989; 30
2; r; 1621117; 1599; 1394; 143; 821116; 19
2; r; 1637139; 1599; 1067; 116; 837138; 24
2; r; 1650598; 1599; 1367; 137; 850597; 33
3; r; 8323; 1599; 1235; 65; 8322; 2
3; r; 12164; 1599; 1554; 84; 12163; 1
3; r; 20486; 1599; 998; 53; 20485; 4
3; r; 23047; 1599; 328; 17; 23046; 16
3; r; 28808; 1599; 94; 7; 28807; 9
3; r; 35209; 1599; 1308; 69; 35208; 5
3; r; 38411; 1599; 1399; 75; 38410; 2
3; r; 44173; 1599; 313; 15; 44172; 19
3; r; 47374; 1599; 997; 52; 47373; 4
3; r; 51216; 1599; 1139; 61; 51215; 6
3; r; 53777; 1599; 543; 30; 53776; 11
3; r; 56338; 1599; 1378; 73; 56337; 4
3; r; 69783; 1599; 745; 40; 69782; 12
3; r; 72344; 1599; 806; 44; 72343; 10
3; r; 78106; 1599; 1278; 67; 78105; 2
3; r; 85148; 1599; 1413; 76; 85147; 7
3; r; 92191; 1599; 574; 31; 92190; 14
3; r; 94112; 1599; 878; 47; 94111; 3
3; r; 96673; 1599; 735; 39; 96672; 12
3; r; 102436; 1599; 396; 20; 102435; 7
3; r; 112039; 1599; 655; 35; 112038; 10
3; r; 113960; 1599; 34; 0; 113959; 9
3; r; 116521; 1599; 1224; 63; 116520; 3
3; r; 119082; 1599; 1451; 80; 119081; 9
3; r; 132528; 1599; 996; 51; 132527; 6
3; r; 143413; 1599; 1084; 58; 143412; 11
3; r; 144053; 1599; 270; 13; 144052; 18
3; r; 144693; 1599; 840; 45; 144692; 10
3; r; 552904; 1599; 91; 6; 552903; 20
3; r; 558029; 1599; 754; 41; 558028; 13
3; r; 561871; 1599; 321; 16; 561870; 14
3; r; 563153; 1599; 1301; 68; 563152; 11
3; r; 566356; 1599; 1425; 77; 566355; 18
3; r; 574044; 1599; 1082; 57; 574043; 14
3; r; 579167; 1599; 399; 21; 579166; 12
3; r; 580448; 1599; 437; 25; 580447; 14
3; r; 582369; 1599; 1245; 66; 582368; 20
3; r; 593898; 1599; 1127; 60; 593897; 16
3; r; 594539; 1599; 784; 43; 594538; 29
3; r; 595180; 1599; 1105; 59; 595179; 15
3; r; 606066; 1599; 307; 14; 606065; 22
3; r; 621435; 1599; 482; 27; 621434; 20
3; r; 625918; 1599; 63; 4; 625917; 17
3; r; 629120; 1599; 61; 3; 629119; 18
3; r; 640005; 1599; 992; 50; 640004; 17
3; r; 648972; 1599; 1006; 54; 648971; 19
3; r; 656016; 1599; 1379; 74; 656015; 9
3; r; 661778; 1599; 1342; 70; 661777; 24
3; r; 668822; 1599; 255; 12; 668821; 15
3; r; 677787; 1599; 715; 38; 677786; 26
3; r; 679068; 1599; 609; 32; 679067; 22
3; r; 681630; 1599; 35; 1; 681629; 23
3; r; 686753; 1599; 861; 46; 686752; 16
3; r; 706603; 1599; 529; 29; 706602; 20
3; r; 711085; 1599; 1453; 81; 711084; 38
3; r; 712366; 1599; 248; 11; 712365; 27
3; r; 723252; 1599; 614; 33; 723251; 25
3; r; 736059; 1599; 485; 28; 736058; 17
3; r; 742463; 1599; 54; 2; 742462; 33
3; r; 748226; 1599; 1446; 79; 748225; 29
3; r; 753990; 1599; 699; 37; 753989; 27
3; r; 762316; 1599; 922; 49; 762315; 27
3; r; 763597; 1599; 404; 23; 763596; 29
3; r; 772564; 1599; 1369; 71; 772563; 27
3; r; 815473; 1599; 658; 114; 15472; 9
3; r; 825716; 1599; 959; 131; 25715; 3
3; r; 830837; 1599; 1208; 146; 30836; 6
3; r; 834038; 1599; 489; 106; 34037; 13
3; r; 836599; 1599; 664; 116; 36598; 6
3; r; 837239; 1599; 1591; 164; 37238; 2
3; r; 839800; 1599; 1399; 156; 39799; 1
3; r; 846842; 1599; 236; 91; 46841; 11
3; r; 852604; 1599; 1382; 155; 52603; 3
3; r; 860927; 1599; 992; 133; 60926; 3
3; r; 869889; 1599; 1088; 138; 69888; 7
3; r; 877572; 1599; 571; 110; 77571; 14
3; r; 895498; 1599; 1341; 152; 95497; 6
3; r; 900621; 1599; 924; 127; 100620; 9
3; r; 905103; 1599; 614; 112; 105102; 12
3; r; 911506; 1599; 879; 125; 111505; 5
3; r; 913427; 1599; 97; 87; 113426; 9
3; r; 915348; 1599; 1494; 159; 115347; 7
3; r; 917269; 1599; 1369; 153; 117268; 5
3; r; 919189; 1599; 422; 101; 119188; 10
3; r; 919830; 1599; 486; 104; 119829; 10
3; r; 926233; 1599; 937; 129; 126232; 10
3; r; 935838; 1599; 626; 113; 135837; 7
3; r; 945443; 1599; 1212; 147; 145442; 7
3; r; 946724; 1599; 1185; 143; 146723; 7
3; r; 1353322; 1599; 1011; 134; 553321; 8
3; r; 1360367; 1599; 509; 107; 560366; 17
3; r; 1369332; 1599; 1191; 144; 569331; 10
3; r; 1372535; 1599; 954; 130; 572534; 16
3; r; 1382143; 1599; 84; 86; 582142; 12
3; r; 1383424; 1599; 1550; 161; 583423; 8
3; r; 1387907; 1599; 1231; 149; 587906; 13
3; r; 1389188; 1599; 1017; 135; 589187; 11
3; r; 1391110; 1599; 927; 128; 591109; 18
3; r; 1392391; 1599; 1200; 145; 592390; 20
3; r; 1401358; 1599; 1425; 157; 601357; 26
3; r; 1410324; 1599; 1258; 151; 610323; 23
3; r; 1416727; 1599; 1227; 148; 616726; 19
3; r; 1428254; 1599; 588; 111; 628253; 11
3; r; 1434017; 1599; 1463; 158; 634016; 8
3; r; 1440421; 1599; 487; 105; 640420; 27
3; r; 1446184; 1599; 461; 103; 646183; 21
3; r; 1453227; 1599; 1573; 163; 653226; 13
3; r; 1461551; 1599; 185; 90; 661550; 22
3; r; 1462192; 1599; 312; 97; 662191; 19
3; r; 1483324; 1599; 436; 102; 683323; 11
3; r; 1489728; 1599; 1041; 136; 689727; 14
3; r; 1497411; 1599; 750; 118; 697410; 21
3; r; 1508937; 1599; 1110; 141; 708936; 19
3; r; 1512780; 1599; 375; 99; 712779; 11
3; r; 1514061; 1599; 384; 100; 714060; 14
3; r; 1518542; 1599; 1514; 160; 718541; 30
3; r; 1530710; 1599; 1561; 162; 730709; 12
3; r; 1575544; 1599; 111; 88; 775543; 17
3; r; 1576825; 1599; 1234; 150; 776824; 24
3; r; 1599887; 1599; 869; 123; 799886; 22
4; r; 1; 1599; 1475; 85; 0; 1
4; r; 5762; 1599; 1356; 73; 5761; 1
4; r; 12163; 1599; 1363; 75; 12162; 8
4; r; 14724; 1599; 1421; 81; 14723; 6
4; r; 16644; 1599; 1511; 89; 16643; 4
4; r; 18565; 1599; 1558; 92; 18564; 1
4; r; 22406; 1599; 1073; 51; 22405; 3
4; r; 28807; 1599; 368; 20; 28806; 9
4; r; 37770; 1599; 1274; 64; 37769; 2
4; r; 39050; 1599; 28; 3; 39049; 9
4; r; 42892; 1599; 1141; 55; 42891; 7
4; r; 51216; 1599; 1355; 72; 51215; 2
4; r; 55057; 1599; 1137; 54; 55056; 16
4; r; 59538; 1599; 1398; 77; 59537; 1
4; r; 72982; 1599; 400; 22; 72981; 10
4; r; 74263; 1599; 97; 6; 74262; 10
4; r; 78745; 1599; 718; 41; 78744; 12
4; r; 80666; 1599; 738; 42; 80665; 12
4; r; 83227; 1599; 1278; 65; 83226; 2
4; r; 92832; 1599; 1065; 50; 92831; 12
4; r; 97954; 1599; 749; 43; 97953; 7
4; r; 102436; 1599; 435; 25; 102435; 7
4; r; 104357; 1599; 1455; 84; 104356; 4
4; r; 106278; 1599; 712; 40; 106277; 7
4; r; 109480; 1599; 907; 45; 109479; 5
4; r; 113962; 1599; 1074; 52; 113961; 3
4; r; 127408; 1599; 442; 27; 127407; 12
4; r; 129969; 1599; 1483; 87; 129968; 12
4; r; 138933; 1599; 479; 29; 138932; 9
4; r; 142134; 1599; 840; 44; 142133; 14
4; r; 146617; 1599; 1202; 58; 146616; 16
4; r; 149179; 1599; 19; 1; 149178; 11
4; r; 154302; 1599; 1447; 83; 154301; 11
4; r; 156864; 1599; 293; 16; 156863; 9
4; r; 162628; 1599; 1297; 68; 162627; 9
4; r; 166470; 1599; 633; 36; 166469; 11
4; r; 170312; 1599; 1494; 88; 170311; 20
4; r; 171593; 1599; 1330; 69; 171592; 8
4; r; 172233; 1599; 244; 14; 172232; 14
4; r; 175435; 1599; 328; 17; 175434; 16
4; r; 183760; 1599; 506; 30; 183759; 18
4; r; 185681; 1599; 1203; 59; 185680; 12
4; r; 193366; 1599; 1150; 56; 193365; 7
4; r; 195287; 1599; 1292; 67; 195286; 7
4; r; 201050; 1599; 363; 19; 201049; 23
4; r; 203612; 1599; 611; 34; 203611; 12
4; r; 204893; 1599; 1417; 79; 204892; 8
4; r; 206814; 1599; 100; 7; 206813; 13
4; r; 208736; 1599; 589; 33; 208735; 11
4; r; 210657; 1599; 413; 23; 210656; 17
4; r; 213859; 1599; 69; 4; 213858; 20
4; r; 215140; 1599; 1206; 60; 215139; 14
4; r; 219623; 1599; 1331; 70; 219622; 11
4; r; 226026; 1599; 463; 28; 226025; 16
4; r; 227307; 1599; 1010; 47; 227306; 20
4; r; 228588; 1599; 511; 32; 228587; 10
4; r; 233712; 1599; 1056; 49; 233711; 10
4; r; 236275; 1599; 440; 26; 236274; 21
4; r; 240118; 1599; 1095; 53; 240117; 15
4; r; 242680; 1599; 683; 39; 242679; 17
4; r; 243320; 1599; 647; 37; 243319; 19
4; r; 243961; 1599; 396; 21; 243960; 23
4; r; 245882; 1599; 1214; 61; 245881; 20
4; r; 246523; 1599; 672; 38; 246522; 14
4; r; 253571; 1599; 1545; 91; 253570; 20
4; r; 263822; 1599; 1360; 74; 263821; 24
4; r; 268307; 1599; 13; 0; 268306; 13
4; r; 675290; 1599; 21; 2; 675289; 23
4; r; 691938; 1599; 1228; 62; 691937; 20
4; r; 698342; 1599; 1425; 82; 698341; 23
4; r; 710508; 1599; 1530; 90; 710507; 21
4; r; 725237; 1599; 419; 24; 725236; 26
4; r; 733560; 1599; 507; 31; 733559; 23
4; r; 754694; 1599; 231; 13; 754693; 25
4; r; 757256; 1599; 1342; 71; 757255; 28
4; r; 774551; 1599; 1399; 78; 774550; 26
4; r; 795053; 1599; 181; 10; 795052; 25
4; r; 795694; 1599; 352; 18; 795693; 23
4; r; 812980; 1599; 866; 150; 12979; 5
4; r; 816821; 1599; 423; 121; 16820; 13
4; r; 824503; 1599; 1062; 171; 24502; 6
4; r; 832185; 1599; 231; 105; 32184; 9
4; r; 834746; 1599; 858; 149; 34745; 5
4; r; 838587; 1599; 671; 136; 38586; 4
4; r; 853311; 1599; 1557; 192; 53310; 4
4; r; 857152; 1599; 1426; 187; 57151; 4
4; r; 872518; 1599; 1391; 184; 72517; 2
4; r; 875079; 1599; 1548; 191; 75078; 2
4; r; 879561; 1599; 656; 134; 79560; 9
4; r; 880201; 1599; 930; 157; 80200; 11
4; r; 883403; 1599; 694; 138; 83402; 7
4; r; 893007; 1599; 1421; 186; 93006; 3
4; r; 900050; 1599; 1034; 167; 100049; 3
4; r; 906453; 1599; 1312; 181; 106452; 3
4; r; 910294; 1599; 1104; 172; 110293; 5
4; r; 912855; 1599; 1026; 166; 112854; 5
4; r; 925661; 1599; 410; 119; 125660; 16
4; r; 926942; 1599; 595; 130; 126941; 7
4; r; 929504; 1599; 1194; 176; 129503; 2
4; r; 930144; 1599; 467; 126; 130143; 11
4; r; 935266; 1599; 641; 133; 135265; 10
4; r; 938467; 1599; 996; 161; 138466; 3
4; r; 939747; 1599; 1140; 174; 139746; 12
4; r; 940388; 1599; 684; 137; 140387; 16
4; r; 944229; 1599; 760; 143; 144228; 11
4; r; 944869; 1599; 1035; 168; 144868; 5
4; r; 949992; 1599; 670; 135; 149991; 10
4; r; 951913; 1599; 37; 93; 151912; 10
4; r; 953194; 1599; 738; 141; 153193; 10
4; r; 965360; 1599; 759; 142; 165359; 7
4; r; 967922; 1599; 731; 139; 167921; 13
4; r; 970483; 1599; 612; 131; 170482; 19
4; r; 974967; 1599; 1336; 183; 174966; 16
4; r; 978170; 1599; 63; 96; 178169; 10
4; r; 981372; 1599; 1230; 178; 181371; 8
4; r; 982012; 1599; 1247; 180; 182011; 10
4; r; 985854; 1599; 973; 160; 185853; 13
4; r; 987775; 1599; 886; 152; 187774; 10
4; r; 1000584; 1599; 1049; 170; 200583; 12
4; r; 1001224; 1599; 637; 132; 201223; 8
4; r; 1009550; 1599; 1330; 182; 209549; 14
4; r; 1012112; 1599; 316; 112; 212111; 10
4; r; 1016595; 1599; 883; 151; 216594; 11
4; r; 1024281; 1599; 411; 120; 224280; 10
4; r; 1030686; 1599; 1141; 175; 230685; 9
4; r; 1033888; 1599; 1005; 163; 233887; 15
4; r; 1037731; 1599; 1532; 190; 237730; 16
4; r; 1041574; 1599; 48; 95; 241573; 10
4; r; 1050541; 1599; 1047; 169; 250540; 12
4; r; 1051182; 1599; 311; 111; 251181; 11
4; r; 1052463; 1599; 1573; 194; 252462; 19
4; r; 1058228; 1599; 809; 146; 258227; 19
4; r; 1059509; 1599; 95; 100; 259508; 20
4; r; 1071680; 1599; 533; 128; 271679; 16
4; r; 1073601; 1599; 88; 98; 273600; 19
4; r; 1477900; 1599; 1112; 173; 677899; 16
4; r; 1481741; 1599; 296; 109; 681740; 19
4; r; 1483022; 1599; 920; 155; 683021; 23
4; r; 1489425; 1599; 1588; 195; 689424; 21
4; r; 1494547; 1599; 511; 127; 694546; 18
4; r; 1501591; 1599; 264; 107; 701590; 22
4; r; 1518239; 1599; 92; 99; 718238; 25
4; r; 1522722; 1599; 400; 116; 722721; 21
4; r; 1524643; 1599; 210; 104; 724642; 28
4; r; 1525283; 1599; 1419; 185; 725282; 20
4; r; 1532327; 1599; 844; 148; 732326; 26
4; r; 1534248; 1599; 444; 124; 734247; 24
4; r; 1536169; 1599; 425; 122; 736168; 21
4; r; 1538090; 1599; 326; 113; 738089; 20
4; r; 1552816; 1599; 159; 101; 752815; 27
4; r; 1556658; 1599; 822; 147; 756657; 17
4; r; 1568823; 1599; 571; 129; 768822; 26
4; r; 1575867; 1599; 1196; 177; 775866; 31
4; r; 1580349; 1599; 1433; 188; 780348; 32
4; r; 1583550; 1599; 926; 156; 783549; 30
4; r; 1596356; 1599; 162; 102; 796355; 20
4; r; 1598277; 1599; 307; 110; 798276; 32
4; r; 1604041; 1599; 1562; 193; 804040; 32
4; r; 1611725; 1599; 401; 117; 811724; 25
4; r; 1616848; 1599; 775; 144; 816847; 26
4; r; 1641832; 1599; 966; 159; 841831; 24
4; r; 1661053; 1599; 936; 158; 861052; 30
5; r; 2561; 1599; 1333; 72; 2560; 5
5; r; 10883; 1599; 738; 37; 10882; 8
5; r; 14084; 1599; 1347; 74; 14083; 2
5; r; 21125; 1599; 861; 41; 21124; 5
5; r; 23046; 1599; 347; 18; 23045; 11
5; r; 24967; 1599; 1021; 52; 24966; 5
5; r; 27527; 1599; 1388; 77; 27526; 5
5; r; 29448; 1599; 1504; 79; 29447; 3
5; r; 35850; 1599; 1069; 55; 35849; 3
5; r; 39691; 1599; 433; 22; 39690; 9
5; r; 46093; 1599; 903; 43; 46092; 7
5; r; 46733; 1599; 1114; 59; 46732; 4
5; r; 53775; 1599; 1117; 60; 53774; 3
5; r; 64659; 1599; 737; 36; 64658; 10
5; r; 65299; 1599; 313; 17; 65298; 11
5; r; 72981; 1599; 464; 23; 72980; 10
5; r; 77463; 1599; 1312; 71; 77462; 3
5; r; 81304; 1599; 995; 48; 81303; 4
5; r; 83225; 1599; 1515; 80; 83224; 2
5; r; 89627; 1599; 566; 26; 89626; 11
5; r; 95389; 1599; 1294; 69; 95388; 5
5; r; 97950; 1599; 401; 19; 97949; 18
5; r; 100511; 1599; 1268; 67; 100510; 4
5; r; 102432; 1599; 1582; 84; 102431; 6
5; r; 114598; 1599; 1018; 51; 114597; 7
5; r; 121002; 1599; 58; 3; 121001; 13
5; r; 121642; 1599; 111; 5; 121641; 11
5; r; 124844; 1599; 673; 31; 124843; 8
5; r; 128045; 1599; 1231; 66; 128044; 3
5; r; 135088; 1599; 1587; 85; 135087; 10
5; r; 135728; 1599; 764; 38; 135727; 16
5; r; 136368; 1599; 772; 39; 136367; 12
5; r; 137009; 1599; 411; 21; 137008; 16
5; r; 137649; 1599; 114; 6; 137648; 9
5; r; 146614; 1599; 410; 20; 146613; 16
5; r; 149175; 1599; 1106; 57; 149174; 11
5; r; 157500; 1599; 11; 2; 157499; 18
5; r; 161343; 1599; 310; 16; 161342; 19
5; r; 163904; 1599; 726; 35; 163903; 16
5; r; 172230; 1599; 254; 15; 172229; 15
5; r; 174791; 1599; 1125; 61; 174790; 16
5; r; 177993; 1599; 1034; 53; 177992; 11
5; r; 179914; 1599; 249; 14; 179913; 13
5; r; 181195; 1599; 62; 4; 181194; 12
5; r; 185037; 1599; 6; 1; 185036; 12
5; r; 192081; 1599; 917; 45; 192080; 11
5; r; 199125; 1599; 1003; 50; 199124; 14
5; r; 201687; 1599; 1220; 64; 201686; 5
5; r; 203608; 1599; 616; 28; 203607; 12
5; r; 205529; 1599; 2; 0; 205528; 15
5; r; 206810; 1599; 722; 33; 206809; 13
5; r; 215137; 1599; 725; 34; 215136; 12
5; r; 217699; 1599; 622; 29; 217698; 8
5; r; 226025; 1599; 126; 7; 226024; 16
5; r; 227306; 1599; 1361; 75; 227305; 21
5; r; 231149; 1599; 979; 47; 231148; 11
5; r; 231790; 1599; 1002; 49; 231789; 18
5; r; 270228; 1599; 1173; 63; 270227; 13
5; r; 293307; 1599; 244; 13; 293306; 28
5; r; 741544; 1599; 1573; 82; 741543; 19
5; r; 749229; 1599; 1378; 76; 749228; 20
5; r; 751791; 1599; 1281; 68; 751790; 19
5; r; 754353; 1599; 1147; 62; 754352; 25
5; r; 762677; 1599; 915; 44; 762676; 16
5; r; 765241; 1599; 241; 12; 765240; 24
5; r; 775490; 1599; 475; 24; 775489; 21
5; r; 782536; 1599; 1223; 65; 782535; 22
5; r; 787020; 1599; 944; 46; 787019; 38
5; r; 788302; 1599; 1308; 70; 788301; 30
5; r; 788943; 1599; 219; 11; 788942; 33
5; r; 789584; 1599; 678; 32; 789583; 35
5; r; 805593; 1599; 235; 101; 5592; 9
5; r; 810715; 1599; 1295; 144; 10714; 4
5; r; 813916; 1599; 1558; 151; 13915; 1
5; r; 835682; 1599; 1585; 152; 35681; 3
5; r; 837603; 1599; 1587; 153; 37602; 3
5; r; 842084; 1599; 1270; 143; 42083; 2
5; r; 850407; 1599; 335; 105; 50406; 12
5; r; 859370; 1599; 1592; 154; 59369; 1
5; r; 861291; 1599; 1237; 142; 61290; 4
5; r; 861931; 1599; 1386; 148; 61930; 4
5; r; 865773; 1599; 207; 99; 65772; 12
5; r; 866413; 1599; 657; 117; 66412; 6
5; r; 871535; 1599; 989; 133; 71534; 5
5; r; 879858; 1599; 176; 97; 79857; 8
5; r; 883700; 1599; 1055; 137; 83699; 6
5; r; 885620; 1599; 932; 131; 85619; 10
5; r; 886261; 1599; 848; 126; 86260; 8
5; r; 890103; 1599; 580; 113; 90102; 9
5; r; 892024; 1599; 821; 125; 92023; 13
5; r; 899708; 1599; 21; 88; 99707; 12
5; r; 904831; 1599; 873; 128; 104830; 5
5; r; 906752; 1599; 673; 118; 106751; 9
5; r; 909313; 1599; 1376; 147; 109312; 7
5; r; 911874; 1599; 1017; 135; 111873; 9
5; r; 913154; 1599; 820; 124; 113153; 7
5; r; 918277; 1599; 1229; 141; 118276; 11
5; r; 920839; 1599; 62; 90; 120838; 9
5; r; 927242; 1599; 1371; 146; 127241; 7
5; r; 933646; 1599; 277; 102; 133645; 16
5; r; 934927; 1599; 99; 91; 134926; 10
5; r; 936208; 1599; 472; 111; 136207; 15
5; r; 940691; 1599; 539; 112; 140690; 10
5; r; 942612; 1599; 679; 120; 142611; 5
5; r; 954777; 1599; 152; 96; 154776; 11
5; r; 956058; 1599; 129; 93; 156057; 16
5; r; 956699; 1599; 886; 129; 156698; 12
5; r; 957980; 1599; 1324; 145; 157979; 11
5; r; 961823; 1599; 1494; 150; 161822; 10
5; r; 972709; 1599; 638; 115; 172708; 16
5; r; 973990; 1599; 346; 107; 173989; 20
5; r; 976552; 1599; 365; 108; 176551; 13
5; r; 984877; 1599; 285; 103; 184876; 18
5; r; 985518; 1599; 425; 110; 185517; 14
5; r; 987439; 1599; 676; 119; 187438; 7
5; r; 988720; 1599; 223; 100; 188719; 11
5; r; 996403; 1599; 196; 98; 196402; 11
5; r; 1001526; 1599; 616; 114; 201525; 11
5; r; 1007931; 1599; 650; 116; 207930; 14
5; r; 1013057; 1599; 44; 89; 213056; 20
5; r; 1016260; 1599; 1194; 140; 216259; 5
5; r; 1020104; 1599; 1006; 134; 220103; 15
5; r; 1034842; 1599; 1171; 139; 234841; 13
5; r; 1036124; 1599; 20; 87; 236123; 21
5; r; 1542867; 1599; 862; 127; 742866; 30
5; r; 1547995; 1599; 410; 109; 747994; 30
5; r; 1549918; 1599; 140; 95; 749917; 24
5; r; 1551200; 1599; 311; 104; 751199; 23
5; r; 1556326; 1599; 750; 122; 756325; 22
5; r; 1558247; 1599; 338; 106; 758246; 34
5; r; 1569142; 1599; 910; 130; 769141; 34
5; r; 1587726; 1599; 1050; 136; 787725; 29
6; r; 1281; 1599; 1585; 80; 1280; 3
6; r; 5122; 1599; 1396; 69; 5121; 1
6; r; 19845; 1599; 1046; 55; 19844; 9
6; r; 23686; 1599; 1581; 79; 23685; 6
6; r; 25607; 1599; 1316; 66; 25606; 1
6; r; 28808; 1599; 797; 45; 28807; 4
6; r; 30728; 1599; 87; 2; 30727; 13
6; r; 35209; 1599; 975; 54; 35208; 8
6; r; 41611; 1599; 695; 41; 41610; 9
6; r; 44172; 1599; 1598; 81; 44171; 1
6; r; 46733; 1599; 1259; 64; 46732; 6
6; r; 55696; 1599; 1568; 76; 55695; 8
6; r; 65300; 1599; 1406; 71; 65299; 9
6; r; 69141; 1599; 919; 52; 69140; 4
6; r; 71062; 1599; 458; 29; 71061; 7
6; r; 77465; 1599; 183; 16; 77464; 8
6; r; 90269; 1599; 149; 10; 90268; 16
6; r; 92190; 1599; 32; 0; 92189; 12
6; r; 100514; 1599; 366; 25; 100513; 11
6; r; 111398; 1599; 1111; 59; 111397; 3
6; r; 116520; 1599; 1272; 65; 116519; 5
6; r; 118441; 1599; 541; 33; 118440; 9
6; r; 122923; 1599; 1574; 77; 122922; 7
6; r; 124844; 1599; 676; 40; 124843; 11
6; r; 127405; 1599; 845; 48; 127404; 12
6; r; 133808; 1599; 672; 39; 133807; 7
6; r; 135089; 1599; 1323; 67; 135088; 11
6; r; 136370; 1599; 440; 28; 136369; 13
6; r; 137010; 1599; 811; 47; 137009; 10
6; r; 139572; 1599; 1067; 57; 139571; 11
6; r; 141493; 1599; 168; 12; 141492; 13
6; r; 149177; 1599; 1118; 60; 149176; 5
6; r; 151738; 1599; 862; 49; 151737; 10
6; r; 162623; 1599; 1058; 56; 162622; 10
6; r; 163264; 1599; 594; 35; 163263; 11
6; r; 171588; 1599; 603; 36; 171587; 13
6; r; 172869; 1599; 331; 23; 172868; 20
6; r; 173509; 1599; 95; 4; 173508; 17
6; r; 178632; 1599; 809; 46; 178631; 8
6; r; 179913; 1599; 194; 17; 179912; 20
6; r; 185036; 1599; 950; 53; 185035; 4
6; r; 189519; 1599; 90; 3; 189518; 16
6; r; 194643; 1599; 1446; 72; 194642; 8
6; r; 199767; 1599; 196; 18; 199766; 11
6; r; 201688; 1599; 172; 14; 201687; 13
6; r; 202969; 1599; 233; 20; 202968; 12
6; r; 204250; 1599; 295; 21; 204249; 14
6; r; 206171; 1599; 660; 37; 206170; 7
6; r; 208092; 1599; 222; 19; 208091; 12
6; r; 210014; 1599; 496; 31; 210013; 11
6; r; 213217; 1599; 588; 34; 213216; 10
6; r; 221543; 1599; 106; 5; 221542; 21
6; r; 231152; 1599; 1482; 73; 231151; 10
6; r; 239480; 1599; 170; 13; 239479; 18
6; r; 242044; 1599; 763; 44; 242043; 19
6; r; 244607; 1599; 357; 24; 244606; 16
6; r; 249092; 1599; 121; 8; 249091; 17
6; r; 249733; 1599; 160; 11; 249732; 24
6; r; 255502; 1599; 864; 50; 255501; 18
6; r; 262552; 1599; 668; 38; 262551; 16
6; r; 267680; 1599; 115; 6; 267679; 15
6; r; 276655; 1599; 176; 15; 276654; 20
6; r; 741294; 1599; 1575; 78; 741293; 24
6; r; 747701; 1599; 885; 51; 747700; 27
6; r; 748982; 1599; 1225; 61; 748981; 24
6; r; 757310; 1599; 435; 27; 757309; 28
6; r; 767560; 1599; 1079; 58; 767559; 27
6; r; 777810; 1599; 1535; 74; 777809; 28
6; r; 793828; 1599; 392; 26; 793827; 34
6; r; 796390; 1599; 146; 9; 796389; 27
6; r; 802793; 1599; 872; 125; 2792; 5
6; r; 806634; 1599; 1250; 63; 806633; 31
6; r; 812396; 1599; 1427; 152; 12395; 2
6; r; 820078; 1599; 1541; 159; 20077; 8
6; r; 827120; 1599; 1272; 142; 27119; 2
6; r; 836723; 1599; 750; 118; 36722; 6
6; r; 841204; 1599; 689; 115; 41203; 11
6; r; 845685; 1599; 1254; 140; 45684; 11
6; r; 851448; 1599; 1513; 155; 51447; 1
6; r; 870016; 1599; 1195; 138; 70015; 7
6; r; 872577; 1599; 993; 130; 72576; 4
6; r; 877058; 1599; 976; 129; 77057; 11
6; r; 886662; 1599; 553; 110; 86661; 7
6; r; 890504; 1599; 773; 121; 90503; 9
6; r; 894986; 1599; 1394; 149; 94985; 1
6; r; 897547; 1599; 1078; 136; 97546; 4
6; r; 898828; 1599; 123; 90; 98827; 17
6; r; 902669; 1599; 1261; 141; 102668; 4
6; r; 906511; 1599; 1076; 135; 106510; 3
6; r; 909713; 1599; 40; 83; 109712; 13
6; r; 921879; 1599; 823; 124; 121878; 8
6; r; 928282; 1599; 710; 116; 128281; 5
6; r; 934044; 1599; 552; 109; 134043; 5
6; r; 935325; 1599; 1059; 133; 135324; 7
6; r; 938527; 1599; 607; 111; 138526; 12
6; r; 943648; 1599; 78; 85; 143647; 10
6; r; 945569; 1599; 671; 114; 145568; 13
6; r; 946209; 1599; 464; 106; 146208; 13
6; r; 950051; 1599; 1283; 143; 150050; 8
6; r; 955174; 1599; 121; 89; 155173; 14
6; r; 959016; 1599; 87; 86; 159015; 16
6; r; 960297; 1599; 1373; 147; 160296; 10
6; r; 962218; 1599; 1529; 156; 162217; 12
6; r; 966701; 1599; 1533; 157; 166700; 11
6; r; 971183; 1599; 887; 126; 171182; 9
6; r; 978868; 1599; 230; 98; 178867; 12
6; r; 982070; 1599; 145; 94; 182069; 15
6; r; 996159; 1599; 133; 92; 196158; 13
6; r; 1001923; 1599; 1410; 151; 201922; 9
6; r; 1003204; 1599; 50; 84; 203203; 15
6; r; 1009608; 1599; 222; 97; 209607; 9
6; r; 1010889; 1599; 622; 112; 210888; 15
6; r; 1016013; 1599; 725; 117; 216012; 11
6; r; 1018575; 1599; 642; 113; 218574; 15
6; r; 1020497; 1599; 761; 120; 220496; 9
6; r; 1022418; 1599; 1371; 146; 222417; 19
6; r; 1024981; 1599; 800; 123; 224980; 16
6; r; 1028184; 1599; 898; 128; 228183; 13
6; r; 1033310; 1599; 774; 122; 233309; 15
6; r; 1045487; 1599; 1378; 148; 245486; 14
6; r; 1047409; 1599; 1002; 131; 247408; 17
6; r; 1052536; 1599; 1321; 145; 252535; 15
6; r; 1058303; 1599; 458; 105; 258302; 14
6; r; 1061507; 1599; 1065; 134; 261506; 18
6; r; 1065993; 1599; 110; 87; 265992; 16
6; r; 1068557; 1599; 453; 104; 268556; 16
6; r; 1549689; 1599; 255; 99; 749688; 32
6; r; 1551611; 1599; 513; 108; 751610; 20
6; r; 1554174; 1599; 758; 119; 754173; 23
6; r; 1555455; 1599; 1510; 154; 755454; 38
6; r; 1556096; 1599; 327; 102; 756095; 25
6; r; 1575319; 1599; 200; 95; 775318; 18
6; r; 1581085; 1599; 1473; 153; 781084; 37
6; r; 1585569; 1599; 280; 100; 785568; 29
6; r; 1588773; 1599; 1201; 139; 788772; 28
6; r; 1613763; 1599; 306; 101; 813762; 36
6; r; 1665692; 1599; 28; 82; 865691; 40
7; r; 11523; 1599; 1472; 69; 11522; 1
7; r; 20484; 1599; 1255; 59; 20483; 6
7; r; 22405; 1599; 131; 6; 22404; 11
7; r; 39689; 1599; 1339; 62; 39688; 4
7; r; 40329; 1599; 1478; 70; 40328; 3
7; r; 40969; 1599; 1081; 53; 40968; 11
7; r; 44170; 1599; 1357; 65; 44169; 1
7; r; 49931; 1599; 717; 36; 49930; 9
7; r; 66577; 1599; 1389; 67; 66576; 2
7; r; 69138; 1599; 924; 45; 69137; 11
7; r; 72339; 1599; 1455; 68; 72338; 9
7; r; 76180; 1599; 888; 44; 76179; 10
7; r; 80663; 1599; 1064; 52; 80662; 7
7; r; 81303; 1599; 543; 29; 81302; 7
7; r; 84505; 1599; 1578; 74; 84504; 9
7; r; 85145; 1599; 715; 35; 85144; 5
7; r; 90267; 1599; 1542; 72; 90266; 4
7; r; 93468; 1599; 493; 25; 93467; 11
7; r; 101791; 1599; 540; 28; 101790; 5
7; r; 103712; 1599; 519; 27; 103711; 7
7; r; 105633; 1599; 1180; 57; 105632; 10
7; r; 108194; 1599; 1034; 51; 108193; 7
7; r; 110115; 1599; 1095; 54; 110114; 11
7; r; 115878; 1599; 1011; 48; 115877; 8
7; r; 129324; 1599; 710; 34; 129323; 8
7; r; 131885; 1599; 380; 21; 131884; 13
7; r; 138288; 1599; 1269; 60; 138287; 6
7; r; 142770; 1599; 410; 23; 142769; 14
7; r; 145331; 1599; 377; 20; 145330; 14
7; r; 148532; 1599; 332; 15; 148531; 14
7; r; 154296; 1599; 1230; 58; 154295; 5
7; r; 157498; 1599; 4; 0; 157497; 14
7; r; 158779; 1599; 1028; 49; 158778; 11
7; r; 162621; 1599; 1561; 73; 162620; 15
7; r; 168384; 1599; 1363; 66; 168383; 8
7; r; 169665; 1599; 63; 5; 169664; 16
7; r; 174148; 1599; 351; 17; 174147; 12
7; r; 180551; 1599; 154; 7; 180550; 14
7; r; 190797; 1599; 1334; 61; 190796; 18
7; r; 191438; 1599; 21; 2; 191437; 10
7; r; 194640; 1599; 1030; 50; 194639; 14
7; r; 199763; 1599; 564; 30; 199762; 13
7; r; 209370; 1599; 283; 13; 209369; 13
7; r; 211932; 1599; 702; 33; 211931; 10
7; r; 214494; 1599; 838; 40; 214493; 10
7; r; 215775; 1599; 932; 46; 215774; 16
7; r; 224742; 1599; 169; 9; 224741; 20
7; r; 226023; 1599; 335; 16; 226022; 19
7; r; 228586; 1599; 841; 41; 228585; 16
7; r; 229227; 1599; 636; 31; 229226; 8
7; r; 231789; 1599; 1111; 55; 231788; 10
7; r; 236916; 1599; 504; 26; 236915; 15
7; r; 242683; 1599; 16; 1; 242682; 18
7; r; 248451; 1599; 25; 3; 248450; 21
7; r; 261911; 1599; 878; 43; 261910; 9
7; r; 739029; 1599; 308; 14; 739028; 22
7; r; 740310; 1599; 824; 39; 740309; 17
7; r; 740950; 1599; 157; 8; 740949; 27
7; r; 746716; 1599; 843; 42; 746715; 27
7; r; 751842; 1599; 206; 11; 751841; 31
7; r; 761451; 1599; 382; 22; 761450; 19
7; r; 779390; 1599; 765; 37; 779389; 26
7; r; 810775; 1599; 1335; 140; 10774; 9
7; r; 815896; 1599; 187; 10; 815895; 23
7; r; 817817; 1599; 792; 111; 17816; 5
7; r; 828700; 1599; 856; 115; 28699; 6
7; r; 832541; 1599; 1112; 56; 832540; 19
7; r; 838303; 1599; 1328; 137; 38302; 11
7; r; 841504; 1599; 1346; 141; 41503; 6
7; r; 842144; 1599; 1459; 145; 42143; 6
7; r; 844705; 1599; 1220; 131; 44704; 6
7; r; 849186; 1599; 432; 24; 849185; 20
7; r; 856868; 1599; 1196; 130; 56867; 4
7; r; 863911; 1599; 1552; 151; 63910; 1
7; r; 874156; 1599; 1150; 126; 74155; 6
7; r; 886321; 1599; 1259; 135; 86320; 7
7; r; 896565; 1599; 941; 119; 96564; 11
7; r; 898486; 1599; 980; 122; 98485; 6
7; r; 901687; 1599; 1148; 125; 101686; 6
7; r; 904248; 1599; 449; 95; 104247; 10
7; r; 906809; 1599; 515; 99; 106808; 11
7; r; 907449; 1599; 1173; 128; 107448; 8
7; r; 909370; 1599; 1315; 136; 109369; 4
7; r; 915773; 1599; 1334; 139; 115772; 6
7; r; 933702; 1599; 1256; 134; 133701; 16
7; r; 935623; 1599; 1514; 148; 135622; 4
7; r; 937544; 1599; 1251; 133; 137543; 8
7; r; 939465; 1599; 557; 101; 139464; 11
7; r; 949710; 1599; 1238; 132; 149709; 2
7; r; 954193; 1599; 8; 75; 154192; 16
7; r; 956114; 1599; 289; 89; 156113; 16
7; r; 957395; 1599; 311; 90; 157394; 12
7; r; 958036; 1599; 963; 120; 158035; 11
7; r; 962518; 1599; 1378; 143; 162517; 17
7; r; 964439; 1599; 916; 117; 164438; 7
7; r; 970843; 1599; 554; 100; 170842; 11
7; r; 972764; 1599; 450; 96; 172763; 12
7; r; 973404; 1599; 20; 77; 173403; 15
7; r; 975324; 1599; 623; 102; 175323; 10
7; r; 979807; 1599; 11; 76; 179806; 17
7; r; 984930; 1599; 702; 106; 184929; 15
7; r; 990053; 1599; 88; 84; 190052; 16
7; r; 997739; 1599; 1183; 129; 197738; 12
7; r; 999020; 1599; 370; 92; 199019; 12
7; r; 1002222; 1599; 246; 87; 202221; 13
7; r; 1002863; 1599; 1490; 147; 202862; 12
7; r; 1013110; 1599; 841; 113; 213109; 17
7; r; 1015672; 1599; 853; 114; 215671; 11
7; r; 1018234; 1599; 725; 108; 218233; 14
7; r; 1024637; 1599; 222; 86; 224636; 18
7; r; 1027839; 1599; 718; 107; 227838; 17
7; r; 1034244; 1599; 816; 112; 234243; 16
7; r; 1040648; 1599; 1165; 127; 240647; 19
7; r; 1041929; 1599; 85; 82; 241928; 12
7; r; 1044490; 1599; 75; 80; 244489; 14
7; r; 1052176; 1599; 369; 91; 252175; 17
7; r; 1054740; 1599; 1544; 149; 254739; 16
7; r; 1056663; 1599; 932; 118; 256662; 17
7; r; 1064993; 1599; 1000; 123; 264992; 14
7; r; 1536573; 1599; 502; 98; 736572; 27
7; r; 1538495; 1599; 111; 85; 738494; 32
7; r; 1543619; 1599; 433; 94; 743618; 36
7; r; 1544900; 1599; 56; 78; 744899; 39
7; r; 1564754; 1599; 86; 83; 764753; 36
7; r; 1568598; 1599; 1023; 124; 768597; 33
7; r; 1570521; 1599; 1435; 144; 770520; 30
7; r; 1586537; 1599; 765; 109; 786536; 22
8; r; 7682; 1599; 820; 57; 7681; 6
8; r; 8962; 1599; 582; 41; 8961; 7
8; r; 16004; 1599; 1380; 83; 16003; 3
8; r; 20485; 1599; 843; 59; 20484; 11
8; r; 26887; 1599; 1172; 74; 26886; 10
8; r; 30728; 1599; 897; 61; 30727; 8
8; r; 32009; 1599; 132; 10; 32008; 12
8; r; 34570; 1599; 379; 27; 34569; 9
8; r; 35850; 1599; 355; 25; 35849; 7
8; r; 52496; 1599; 476; 32; 52495; 8
8; r; 56978; 1599; 779; 51; 56977; 8
8; r; 73625; 1599; 670; 46; 73624; 9
8; r; 480555; 1599; 1581; 96; 480554; 4
8; r; 486961; 1599; 503; 34; 486960; 10
8; r; 515146; 1599; 231; 20; 515145; 13
8; r; 515787; 1599; 296; 22; 515786; 25
8; r; 527319; 1599; 562; 40; 527318; 12
8; r; 536930; 1599; 1524; 92; 536929; 20
8; r; 552305; 1599; 142; 12; 552304; 15
8; r; 556150; 1599; 495; 33; 556149; 16
8; r; 557430; 1599; 971; 67; 557429; 17
8; r; 570881; 1599; 628; 45; 570880; 10
8; r; 594580; 1599; 319; 23; 594579; 14
8; r; 597782; 1599; 1273; 79; 597781; 27
8; r; 599703; 1599; 829; 58; 599702; 19
8; r; 602264; 1599; 411; 30; 602263; 18
8; r; 626599; 1599; 1419; 88; 626598; 18
8; r; 641331; 1599; 929; 62; 641330; 16
8; r; 670142; 1599; 9; 1; 670141; 25
8; r; 671423; 1599; 16; 2; 671422; 21
8; r; 673344; 1599; 518; 36; 673343; 26
8; r; 675265; 1599; 728; 48; 675264; 23
8; r; 675905; 1599; 1100; 72; 675904; 18
8; r; 683589; 1599; 508; 35; 683588; 12
8; r; 689352; 1599; 999; 68; 689351; 18
8; r; 693194; 1599; 389; 28; 693193; 20
8; r; 695115; 1599; 20; 4; 695114; 17
8; r; 695755; 1599; 1246; 78; 695754; 21
8; r; 705361; 1599; 467; 31; 705360; 16
8; r; 707282; 1599; 806; 55; 707281; 24
8; r; 708562; 1599; 246; 21; 708561; 27
8; r; 714965; 1599; 609; 42; 714964; 20
8; r; 716886; 1599; 540; 38; 716885; 28
8; r; 722008; 1599; 1410; 86; 722007; 32
8; r; 730972; 1599; 328; 24; 730971; 24
8; r; 736737; 1599; 229; 19; 736736; 18
8; r; 738658; 1599; 1308; 80; 738657; 20
8; r; 747624; 1599; 52; 6; 747623; 34
8; r; 755312; 1599; 1477; 90; 755311; 34
8; r; 768764; 1599; 1391; 85; 768763; 37
8; r; 814242; 1599; 1076; 149; 14241; 2
8; r; 820003; 1599; 944; 137; 20002; 6
8; r; 825125; 1599; 1448; 161; 25124; 7
8; r; 832807; 1599; 205; 107; 32806; 12
8; r; 841769; 1599; 369; 111; 41768; 12
8; r; 848171; 1599; 1354; 158; 48170; 1
8; r; 857774; 1599; 803; 131; 57773; 12
8; r; 862256; 1599; 1437; 160; 62255; 2
8; r; 862896; 1599; 141; 105; 62895; 14
8; r; 866097; 1599; 1578; 165; 66096; 6
8; r; 868658; 1599; 1010; 142; 68657; 9
8; r; 869298; 1599; 1023; 146; 69297; 9
8; r; 872500; 1599; 935; 136; 72499; 10
8; r; 878903; 1599; 957; 140; 78902; 10
8; r; 1282711; 1599; 735; 128; 482710; 9
8; r; 1283992; 1599; 1413; 159; 483991; 5
8; r; 1292961; 1599; 1292; 152; 492960; 16
8; r; 1296163; 1599; 1565; 164; 496162; 8
8; r; 1304490; 1599; 1180; 151; 504489; 10
8; r; 1318582; 1599; 446; 116; 518581; 16
8; r; 1324986; 1599; 853; 132; 524985; 8
8; r; 1363419; 1599; 534; 119; 563418; 22
8; r; 1385195; 1599; 337; 108; 585194; 18
8; r; 1390317; 1599; 1465; 162; 590316; 25
8; r; 1403124; 1599; 1065; 148; 603123; 13
8; r; 1403764; 1599; 614; 120; 603763; 17
8; r; 1424256; 1599; 1298; 153; 624255; 15
8; r; 1428738; 1599; 632; 122; 628737; 23
8; r; 1443465; 1599; 1311; 155; 643464; 21
8; r; 1454989; 1599; 356; 109; 654988; 22
8; r; 1460752; 1599; 739; 129; 660751; 20
8; r; 1463314; 1599; 951; 139; 663313; 21
8; r; 1465876; 1599; 117; 103; 665875; 22
8; r; 1472921; 1599; 21; 98; 672920; 27
8; r; 1473561; 1599; 1017; 144; 673560; 26
8; r; 1480605; 1599; 128; 104; 680604; 23
8; r; 1481886; 1599; 1019; 145; 681885; 15
8; r; 1484447; 1599; 931; 135; 684446; 19
8; r; 1486369; 1599; 753; 130; 686368; 17
8; r; 1491491; 1599; 1037; 147; 691490; 24
8; r; 1499817; 1599; 58; 100; 699816; 19
8; r; 1505581; 1599; 625; 121; 705580; 23
8; r; 1551059; 1599; 923; 134; 751058; 21
9; r; 1921; 1599; 1181; 64; 1920; 4
9; r; 9603; 1599; 1552; 85; 9602; 1
9; r; 22405; 1599; 1272; 70; 22404; 2
9; r; 27526; 1599; 1496; 83; 27525; 10
9; r; 29447; 1599; 1553; 86; 29446; 1
9; r; 30727; 1599; 1470; 82; 30726; 3
9; r; 32008; 1599; 1459; 81; 32007; 16
9; r; 39051; 1599; 1142; 61; 39050; 7
9; r; 39691; 1599; 947; 50; 39690; 5
9; r; 41612; 1599; 702; 36; 41611; 5
9; r; 44813; 1599; 976; 53; 44812; 10
9; r; 50575; 1599; 823; 40; 50574; 6
9; r; 51215; 1599; 1361; 76; 51214; 7
9; r; 55696; 1599; 451; 27; 55695; 10
9; r; 61459; 1599; 1384; 77; 61458; 9
9; r; 66581; 1599; 1598; 90; 66580; 1
9; r; 69781; 1599; 1537; 84; 69780; 6
9; r; 80026; 1599; 1392; 78; 80025; 3
9; r; 81947; 1599; 1436; 80; 81946; 5
9; r; 92190; 1599; 186; 13; 92189; 12
9; r; 100513; 1599; 1305; 72; 100512; 4
9; r; 101794; 1599; 1262; 69; 101793; 4
9; r; 110758; 1599; 1173; 63; 110757; 23
9; r; 112679; 1599; 1558; 87; 112678; 2
9; r; 114600; 1599; 1139; 60; 114599; 8
9; r; 117802; 1599; 832; 41; 117801; 8
9; r; 126768; 1599; 905; 48; 126767; 5
9; r; 128689; 1599; 343; 22; 128688; 10
9; r; 129970; 1599; 203; 15; 129969; 14
9; r; 132531; 1599; 461; 28; 132530; 12
9; r; 134452; 1599; 54; 5; 134451; 21
9; r; 137654; 1599; 866; 44; 137653; 6
9; r; 142777; 1599; 904; 47; 142776; 17
9; r; 144058; 1599; 971; 52; 144057; 14
9; r; 153023; 1599; 639; 33; 153022; 9
9; r; 164549; 1599; 659; 34; 164548; 9
9; r; 166470; 1599; 1233; 67; 166469; 7
9; r; 170953; 1599; 311; 20; 170952; 11
9; r; 179919; 1599; 1058; 59; 179918; 17
9; r; 188885; 1599; 1022; 55; 188884; 12
9; r; 199132; 1599; 386; 24; 199131; 13
9; r; 202334; 1599; 169; 12; 202333; 18
9; r; 206817; 1599; 359; 23; 206816; 9
9; r; 208098; 1599; 38; 3; 208097; 16
9; r; 208739; 1599; 490; 29; 208738; 12
9; r; 211301; 1599; 319; 21; 211300; 18
9; r; 621952; 1599; 263; 18; 621951; 23
9; r; 623233; 1599; 101; 8; 623232; 18
9; r; 626435; 1599; 200; 14; 626434; 19
9; r; 628356; 1599; 521; 30; 628355; 24
9; r; 635399; 1599; 1015; 54; 635398; 15
9; r; 637320; 1599; 90; 7; 637319; 15
9; r; 644364; 1599; 572; 32; 644363; 17
9; r; 655890; 1599; 1216; 65; 655889; 22
9; r; 663573; 1599; 1027; 56; 663572; 25
9; r; 665494; 1599; 1251; 68; 665493; 22
9; r; 668055; 1599; 104; 9; 668054; 22
9; r; 673177; 1599; 141; 10; 673176; 28
9; r; 674458; 1599; 435; 26; 674457; 13
9; r; 677659; 1599; 881; 45; 677658; 19
9; r; 682783; 1599; 45; 4; 682782; 21
9; r; 692387; 1599; 87; 6; 692386; 27
9; r; 694949; 1599; 1416; 79; 694948; 15
9; r; 698791; 1599; 910; 49; 698790; 22
9; r; 701353; 1599; 300; 19; 701352; 25
9; r; 730807; 1599; 785; 39; 730806; 30
9; r; 732088; 1599; 258; 17; 732087; 33
9; r; 734009; 1599; 1358; 75; 734008; 22
9; r; 746176; 1599; 850; 42; 746175; 19
9; r; 755782; 1599; 1323; 73; 755781; 26
9; r; 807023; 1599; 1129; 148; 7022; 8
9; r; 811505; 1599; 515; 116; 11504; 6
9; r; 814706; 1599; 1437; 161; 14705; 1
9; r; 820468; 1599; 606; 125; 20467; 11
9; r; 826230; 1599; 1235; 153; 26229; 3
9; r; 827510; 1599; 777; 136; 27509; 8
9; r; 831991; 1599; 1097; 146; 31990; 6
9; r; 839033; 1599; 1287; 154; 39032; 9
9; r; 841594; 1599; 1198; 151; 41593; 2
9; r; 846075; 1599; 736; 133; 46074; 12
9; r; 852478; 1599; 67; 92; 52477; 11
9; r; 853118; 1599; 367; 106; 53117; 13
9; r; 859520; 1599; 744; 134; 59519; 6
9; r; 864002; 1599; 1363; 157; 64001; 8
9; r; 866563; 1599; 1230; 152; 66562; 4
9; r; 869764; 1599; 797; 137; 69763; 6
9; r; 876167; 1599; 714; 129; 76166; 6
9; r; 877447; 1599; 550; 119; 77446; 6
9; r; 880649; 1599; 58; 91; 80648; 10
9; r; 883850; 1599; 1519; 163; 83849; 1
9; r; 888332; 1599; 1026; 145; 88331; 5
9; r; 896656; 1599; 903; 142; 96655; 9
9; r; 904980; 1599; 479; 113; 104979; 6
9; r; 906901; 1599; 1322; 155; 106900; 11
9; r; 909462; 1599; 1339; 156; 109461; 4
9; r; 912664; 1599; 598; 124; 112663; 13
9; r; 920347; 1599; 1584; 167; 120346; 5
9; r; 923548; 1599; 508; 115; 123547; 9
9; r; 930592; 1599; 1411; 160; 130591; 9
9; r; 936356; 1599; 1462; 162; 136355; 7
9; r; 940838; 1599; 262; 97; 140837; 10
9; r; 942118; 1599; 865; 141; 142117; 7
9; r; 943399; 1599; 1179; 150; 143398; 12
9; r; 951725; 1599; 1410; 159; 151724; 16
9; r; 955567; 1599; 617; 126; 155566; 10
9; r; 970935; 1599; 570; 122; 170934; 8
9; r; 972216; 1599; 1098; 147; 172215; 7
9; r; 978620; 1599; 1540; 164; 178619; 7
9; r; 980541; 1599; 384; 107; 180540; 11
9; r; 982462; 1599; 426; 110; 182461; 21
9; r; 984383; 1599; 1163; 149; 184382; 14
9; r; 985664; 1599; 682; 128; 185663; 14
9; r; 990147; 1599; 341; 105; 190146; 22
9; r; 992068; 1599; 1385; 158; 192067; 7
9; r; 996551; 1599; 501; 114; 196550; 19
9; r; 997191; 1599; 279; 99; 197190; 20
9; r; 999753; 1599; 569; 121; 199752; 17
9; r; 1004236; 1599; 851; 140; 204235; 14
9; r; 1008079; 1599; 516; 117; 208078; 10
9; r; 1010640; 1599; 729; 132; 210639; 13
9; r; 1017687; 1599; 625; 127; 217686; 11
9; r; 1420068; 1599; 560; 120; 620067; 18
9; r; 1421989; 1599; 393; 108; 621988; 23
9; r; 1425190; 1599; 269; 98; 625189; 19
9; r; 1433515; 1599; 432; 111; 633514; 21
9; r; 1439278; 1599; 836; 139; 639277; 10
9; r; 1441199; 1599; 446; 112; 641198; 22
9; r; 1447602; 1599; 327; 103; 647601; 29
9; r; 1459129; 1599; 718; 130; 659128; 17
9; r; 1464251; 1599; 540; 118; 664250; 21
9; r; 1466813; 1599; 980; 143; 666812; 17
9; r; 1470656; 1599; 582; 123; 670655; 22
9; r; 1474498; 1599; 321; 102; 674497; 27
9; r; 1478341; 1599; 280; 100; 678340; 19
9; r; 1489867; 1599; 1006; 144; 689866; 22
9; r; 1494990; 1599; 1567; 165; 694989; 25
9; r; 1500751; 1599; 80; 93; 700750; 22
9; r; 1514840; 1599; 1588; 168; 714839; 24
9; r; 1518042; 1599; 725; 131; 718041; 16
