iter; type; time slot; d_nodes; s_nodes; pid; nslot; nhop
0; r; 18945; 624; 38; 0; 10914; 9
0; r; 38236; 624; 244; 1; 29594; 7
0; r; 50434; 624; 212; 8; 8245; 7
0; r; 83117; 624; 75; 4; 48197; 11
0; r; 104270; 624; 514; 7; 63132; 3
0; r; 105551; 624; 620; 11; 25543; 1
0; r; 106192; 624; 559; 9; 59926; 4
0; r; 107474; 624; 387; 3; 75661; 5
0; r; 113240; 624; 186; 2; 82257; 9
0; r; 126702; 624; 73; 6; 90837; 8
0; r; 133109; 624; 479; 12; 50979; 8
0; r; 154258; 624; 533; 5; 118898; 5
0; r; 198499; 624; 622; 19; 30267; 1
0; r; 202992; 624; 557; 16; 51051; 6
0; r; 204274; 624; 606; 13; 78420; 9
0; r; 238911; 624; 26; 15; 92696; 15
0; r; 253680; 624; 207; 14; 121942; 9
0; r; 804076; 624; 143; 10; 753983; 17
0; r; 808563; 624; 513; 24; 313283; 15
0; r; 814975; 624; 224; 23; 321331; 16
0; r; 816898; 624; 558; 21; 351546; 17
0; r; 818180; 624; 82; 22; 351343; 23
0; r; 820745; 624; 203; 26; 287040; 14
0; r; 847662; 624; 415; 18; 680864; 13
0; r; 854712; 624; 118; 29; 274757; 16
0; r; 858558; 624; 601; 31; 30474; 11
0; r; 863686; 624; 113; 17; 700304; 16
0; r; 875224; 624; 37; 30; 67648; 11
0; r; 879711; 624; 90; 27; 305182; 14
0; r; 922022; 624; 228; 33; 58782; 11
0; r; 933563; 624; 356; 32; 86962; 9
0; r; 945747; 624; 167; 39; 40268; 7
0; r; 956645; 624; 466; 36; 59753; 3
0; r; 973311; 624; 464; 34; 84060; 5
0; r; 977797; 624; 572; 46; 5332; 1
0; r; 982283; 624; 303; 37; 84958; 12
0; r; 997665; 624; 361; 42; 74445; 7
0; r; 1013054; 624; 104; 40; 105990; 12
0; r; 1025240; 624; 119; 45; 84512; 7
0; r; 1026521; 624; 207; 43; 94783; 8
0; r; 1053444; 624; 279; 48; 68156; 10
0; r; 1087456; 624; 130; 41; 166049; 18
0; r; 1096447; 624; 168; 47; 114083; 8
1; r; 5; 624; 524; 22; 4; 1
1; r; 1931; 624; 621; 29; 1930; 1
1; r; 7696; 624; 397; 13; 7695; 3
1; r; 19870; 624; 616; 27; 19869; 2
1; r; 35246; 624; 224; 7; 35245; 5
1; r; 42294; 624; 371; 12; 42293; 3
1; r; 49341; 624; 541; 23; 49340; 4
1; r; 53186; 624; 353; 11; 53185; 10
1; r; 54467; 624; 469; 17; 54466; 3
1; r; 56389; 624; 587; 25; 56388; 5
1; r; 58952; 624; 578; 24; 58951; 7
1; r; 71125; 624; 618; 28; 71124; 4
1; r; 80734; 624; 6; 0; 80733; 10
1; r; 94191; 624; 508; 21; 94190; 5
1; r; 107003; 624; 259; 9; 107002; 7
1; r; 108926; 624; 470; 18; 108925; 2
1; r; 114695; 624; 410; 15; 114694; 8
1; r; 136482; 624; 430; 16; 136481; 7
1; r; 137123; 624; 476; 19; 137122; 8
1; r; 147377; 624; 180; 5; 147376; 15
1; r; 149941; 624; 289; 10; 149940; 7
1; r; 150582; 624; 52; 1; 150581; 12
1; r; 154427; 624; 251; 8; 154426; 14
1; r; 160835; 624; 106; 2; 160834; 15
1; r; 173652; 624; 479; 20; 173651; 9
1; r; 177498; 624; 186; 6; 177497; 7
1; r; 197367; 624; 115; 3; 197366; 9
1; r; 237796; 624; 405; 14; 237795; 7
1; r; 805126; 624; 596; 65; 5125; 1
1; r; 833316; 624; 514; 60; 33315; 3
1; r; 836520; 624; 522; 61; 36519; 1
1; r; 846771; 624; 444; 50; 46770; 3
1; r; 857663; 624; 618; 66; 57662; 4
1; r; 858304; 624; 569; 62; 58303; 2
1; r; 859586; 624; 585; 64; 59585; 6
1; r; 862150; 624; 61; 33; 62149; 11
1; r; 872403; 624; 301; 43; 72402; 10
1; r; 874327; 624; 498; 56; 74326; 3
1; r; 878172; 624; 315; 44; 78171; 6
1; r; 882657; 624; 91; 35; 82656; 9
1; r; 883939; 624; 174; 39; 83938; 6
1; r; 889064; 624; 224; 41; 89063; 7
1; r; 894191; 624; 34; 32; 94190; 10
1; r; 901880; 624; 464; 54; 101879; 4
1; r; 908290; 624; 483; 55; 108289; 4
1; r; 912135; 624; 580; 63; 112134; 7
1; r; 913416; 624; 16; 30; 113415; 10
1; r; 916620; 624; 508; 58; 116619; 5
1; r; 919823; 624; 510; 59; 119822; 5
1; r; 937765; 624; 436; 49; 137764; 5
1; r; 940970; 624; 461; 53; 140969; 4
1; r; 942893; 624; 109; 37; 142892; 10
1; r; 949303; 624; 194; 40; 149302; 8
1; r; 961481; 624; 506; 57; 161480; 5
1; r; 986477; 624; 333; 45; 186476; 7
1; r; 991601; 624; 73; 34; 191600; 9
1; r; 1005058; 624; 376; 46; 205057; 10
1; r; 1031338; 624; 106; 36; 231337; 13
1; r; 1033260; 624; 400; 47; 233259; 11
1; r; 1051851; 624; 455; 52; 251850; 9
1; r; 1575922; 624; 429; 48; 555600; 15
1; r; 1595798; 624; 143; 38; 566179; 11
1; r; 1607984; 624; 31; 31; 598596; 19
2; r; 9615; 624; 458; 29; 9614; 5
2; r; 26275; 624; 498; 30; 26274; 3
2; r; 454337; 624; 291; 19; 454336; 6
2; r; 463982; 624; 81; 5; 463981; 11
2; r; 489725; 624; 213; 14; 489724; 8
2; r; 568234; 624; 157; 8; 568233; 16
2; r; 584917; 624; 105; 6; 584916; 15
2; r; 608010; 624; 42; 1; 608009; 13
2; r; 612500; 624; 200; 11; 612499; 15
2; r; 636857; 624; 29; 0; 636856; 11
2; r; 649035; 624; 381; 26; 649034; 9
2; r; 654804; 624; 312; 22; 654803; 19
2; r; 656727; 624; 65; 4; 656726; 9
2; r; 713138; 624; 308; 21; 713137; 14
2; r; 719549; 624; 343; 23; 719548; 23
2; r; 731733; 624; 199; 10; 731732; 24
2; r; 825390; 624; 364; 56; 25389; 6
2; r; 1285585; 624; 321; 51; 485584; 15
2; r; 1349192; 624; 10; 37; 549191; 14
2; r; 1359476; 624; 536; 62; 559475; 5
2; r; 1367196; 624; 493; 60; 567195; 23
2; r; 1398657; 624; 225; 47; 598656; 14
2; r; 1399943; 624; 354; 55; 599942; 10
2; r; 1402508; 624; 452; 59; 602507; 14
2; r; 1433939; 624; 170; 44; 633938; 16
2; r; 1441632; 624; 245; 48; 445685; 7
2; r; 1462785; 624; 302; 49; 662784; 22
2; r; 1482657; 624; 84; 40; 479939; 14
2; r; 1487144; 624; 330; 53; 687143; 19
2; r; 1522414; 624; 317; 50; 328573; 21
3; r; 2; 624; 573; 26; 1; 1
3; r; 21148; 624; 12; 0; 21147; 11
3; r; 46774; 624; 372; 11; 46773; 3
3; r; 49978; 624; 524; 21; 49977; 1
3; r; 53183; 624; 551; 24; 53182; 8
3; r; 55104; 624; 374; 12; 55103; 6
3; r; 67918; 624; 217; 6; 67917; 9
3; r; 68558; 624; 395; 13; 68557; 3
3; r; 70481; 624; 105; 3; 70480; 15
3; r; 77530; 624; 236; 8; 77529; 9
3; r; 88420; 624; 92; 2; 88419; 12
3; r; 92265; 624; 503; 19; 92264; 8
3; r; 97392; 624; 436; 15; 97391; 5
3; r; 110849; 624; 535; 23; 110848; 5
3; r; 113412; 624; 489; 18; 113411; 3
3; r; 126869; 624; 301; 10; 126868; 9
3; r; 133278; 624; 237; 9; 133277; 7
3; r; 135841; 624; 533; 22; 135840; 7
3; r; 153785; 624; 221; 7; 153784; 6
3; r; 183909; 624; 603; 27; 183908; 11
3; r; 190318; 624; 132; 5; 190317; 10
3; r; 704203; 624; 510; 20; 537488; 21
3; r; 805772; 624; 443; 51; 5771; 3
3; r; 817945; 624; 518; 58; 17944; 2
3; r; 830758; 624; 621; 59; 30757; 1
3; r; 834603; 624; 78; 30; 34602; 12
3; r; 839728; 624; 197; 37; 39727; 5
3; r; 859591; 624; 486; 56; 59590; 7
3; r; 864718; 624; 460; 54; 64717; 5
3; r; 869203; 624; 81; 31; 69202; 12
3; r; 874329; 624; 381; 46; 74328; 7
3; r; 876251; 624; 396; 49; 76250; 3
3; r; 880736; 624; 334; 44; 80735; 7
3; r; 886503; 624; 444; 52; 86502; 4
3; r; 889067; 624; 477; 55; 89066; 9
3; r; 893553; 624; 389; 48; 93552; 5
3; r; 901883; 624; 225; 42; 101882; 9
3; r; 910215; 624; 456; 53; 110214; 9
3; r; 911497; 624; 74; 29; 111496; 8
3; r; 918546; 624; 55; 28; 118545; 13
3; r; 923674; 624; 137; 34; 123673; 7
3; r; 938413; 624; 354; 45; 138412; 8
3; r; 945463; 624; 434; 50; 145462; 7
3; r; 952513; 624; 505; 57; 152512; 8
3; r; 961484; 624; 178; 36; 161483; 12
3; r; 965970; 624; 207; 39; 165969; 10
3; r; 987121; 624; 117; 33; 187120; 13
3; r; 996736; 624; 215; 41; 196735; 11
3; r; 1001223; 624; 202; 38; 201222; 9
3; r; 1022384; 624; 157; 35; 222383; 14
4; r; 7691; 624; 561; 18; 7690; 4
4; r; 16662; 624; 372; 13; 16661; 3
4; r; 19866; 624; 437; 14; 19865; 4
4; r; 25631; 624; 167; 7; 25630; 8
4; r; 474790; 624; 49; 3; 474789; 18
4; r; 530737; 624; 609; 21; 530736; 21
4; r; 542372; 624; 149; 5; 542371; 16
4; r; 578125; 624; 520; 16; 415253; 3
4; r; 585822; 624; 318; 12; 585821; 11
4; r; 610861; 624; 185; 8; 610860; 21
4; r; 1323349; 624; 352; 39; 523348; 11
4; r; 1345887; 624; 18; 23; 545886; 15
4; r; 1352330; 624; 88; 26; 552329; 17
4; r; 1374236; 624; 216; 32; 574235; 18
4; r; 1394798; 624; 536; 44; 468139; 6
4; r; 1408900; 624; 386; 40; 437661; 7
4; r; 1415311; 624; 157; 28; 457064; 14
4; r; 1451210; 624; 539; 45; 651209; 16
4; r; 1452492; 624; 574; 47; 472241; 4
4; r; 1456338; 624; 573; 46; 656337; 27
5; r; 9610; 624; 590; 35; 9609; 3
5; r; 20503; 624; 493; 26; 20502; 4
5; r; 27551; 624; 570; 33; 27550; 2
5; r; 48691; 624; 523; 28; 48690; 2
5; r; 52535; 624; 22; 2; 52534; 9
5; r; 54457; 624; 571; 34; 54456; 1
5; r; 58301; 624; 384; 21; 58300; 5
5; r; 61505; 624; 427; 24; 61504; 9
5; r; 62786; 624; 198; 12; 62785; 8
5; r; 76883; 624; 524; 29; 76882; 2
5; r; 78805; 624; 424; 23; 78804; 3
5; r; 85855; 624; 552; 32; 85854; 7
5; r; 89059; 624; 36; 3; 89058; 8
5; r; 89699; 624; 292; 16; 89698; 5
5; r; 581161; 624; 46; 4; 581160; 12
5; r; 587576; 624; 257; 14; 587575; 13
5; r; 598492; 624; 2; 0; 598491; 15
5; r; 633782; 624; 254; 13; 633781; 9
5; r; 661998; 624; 359; 20; 661997; 7
5; r; 682514; 624; 143; 10; 682513; 23
5; r; 688926; 624; 63; 5; 688925; 11
5; r; 714563; 624; 134; 9; 471425; 12
5; r; 786389; 624; 531; 30; 786388; 18
5; r; 791523; 624; 459; 25; 791522; 19
5; r; 818467; 624; 367; 52; 18466; 4
5; r; 823593; 624; 535; 59; 23592; 4
5; r; 830000; 624; 13; 36; 29999; 10
5; r; 840252; 624; 330; 49; 40251; 10
5; r; 851144; 624; 580; 61; 51143; 8
5; r; 853708; 624; 472; 56; 53707; 3
5; r; 854348; 624; 498; 57; 54347; 2
5; r; 859476; 624; 395; 54; 59475; 4
5; r; 876138; 624; 394; 53; 76137; 3
5; r; 877419; 624; 195; 44; 77418; 7
5; r; 883826; 624; 604; 62; 83825; 7
5; r; 888311; 624; 556; 60; 88310; 7
5; r; 889593; 624; 528; 58; 89592; 8
5; r; 893438; 624; 260; 45; 93437; 7
5; r; 899205; 624; 417; 55; 99204; 4
5; r; 1311191; 624; 304; 47; 511190; 14
5; r; 1395242; 624; 153; 42; 595241; 16
5; r; 1417708; 624; 355; 51; 617707; 12
5; r; 1434389; 624; 19; 37; 242870; 14
5; r; 1441440; 624; 608; 63; 423693; 5
5; r; 1471593; 624; 76; 40; 671592; 14
6; r; 14100; 624; 571; 31; 14099; 1
6; r; 23712; 624; 185; 13; 23711; 9
6; r; 29479; 624; 95; 5; 29478; 10
6; r; 46136; 624; 392; 24; 46135; 5
6; r; 60871; 624; 87; 4; 60870; 9
6; r; 65998; 624; 610; 32; 65997; 6
6; r; 69843; 624; 238; 19; 69842; 7
6; r; 70484; 624; 611; 33; 70483; 4
6; r; 82017; 624; 77; 3; 82016; 13
6; r; 98031; 624; 107; 7; 98030; 9
6; r; 98672; 624; 488; 27; 98671; 4
6; r; 99953; 624; 493; 28; 99952; 4
6; r; 118536; 624; 190; 14; 118535; 7
6; r; 544312; 624; 194; 15; 544311; 9
6; r; 565493; 624; 51; 1; 565492; 14
6; r; 596351; 624; 266; 21; 596350; 17
6; r; 636172; 624; 530; 29; 636171; 18
6; r; 655407; 624; 99; 6; 655406; 16
6; r; 662458; 624; 72; 2; 662457; 15
6; r; 670791; 624; 6; 0; 670790; 19
6; r; 678483; 624; 231; 18; 478194; 10
6; r; 682332; 624; 254; 20; 682331; 13
6; r; 807050; 624; 473; 63; 7049; 2
6; r; 812174; 624; 294; 52; 12173; 4
6; r; 814736; 624; 559; 73; 14735; 5
6; r; 817299; 624; 549; 71; 17298; 1
6; r; 835239; 624; 23; 34; 35238; 8
6; r; 836521; 624; 521; 70; 36520; 2
6; r; 841647; 624; 570; 74; 41646; 1
6; r; 847414; 624; 506; 67; 47413; 7
6; r; 849336; 624; 399; 58; 49335; 5
6; r; 871759; 624; 240; 49; 71758; 7
6; r; 878806; 624; 513; 69; 78805; 3
6; r; 881369; 624; 173; 41; 81368; 6
6; r; 885856; 624; 219; 47; 85855; 6
6; r; 891622; 624; 442; 60; 91621; 4
6; r; 893545; 624; 281; 51; 93544; 8
6; r; 897390; 624; 556; 72; 97389; 6
6; r; 899313; 624; 357; 57; 99312; 10
6; r; 902517; 624; 331; 56; 102516; 10
6; r; 915970; 624; 296; 53; 115969; 5
6; r; 921096; 624; 62; 36; 121095; 11
6; r; 922378; 624; 468; 62; 122377; 3
6; r; 1402172; 624; 155; 38; 602171; 13
6; r; 1420139; 624; 311; 55; 620138; 9
6; r; 1440659; 624; 182; 44; 640658; 12
6; r; 1473358; 624; 431; 59; 673357; 18
6; r; 1504773; 624; 466; 61; 704772; 9
6; r; 1522082; 624; 309; 54; 488113; 19
6; r; 1522722; 624; 490; 65; 435187; 8
6; r; 1533617; 624; 255; 50; 492022; 12
6; r; 1539393; 624; 171; 40; 739392; 16
6; r; 1553497; 624; 174; 42; 494855; 6
7; r; 8336; 624; 594; 27; 8335; 2
7; r; 485854; 624; 381; 17; 485853; 14
7; r; 582361; 624; 143; 6; 582360; 10
7; r; 598400; 624; 615; 28; 598399; 20
7; r; 601607; 624; 283; 13; 601606; 11
7; r; 629182; 624; 34; 1; 629181; 20
7; r; 629822; 624; 557; 26; 629821; 15
7; r; 638799; 624; 453; 23; 450670; 9
7; r; 656111; 624; 370; 16; 656110; 16
7; r; 1286743; 624; 481; 52; 486742; 9
7; r; 1291892; 624; 230; 43; 491891; 8
7; r; 1338837; 624; 36; 30; 538836; 17
7; r; 1356158; 624; 193; 41; 556157; 10
7; r; 1379905; 624; 484; 53; 579904; 17
7; r; 1445398; 624; 179; 39; 645397; 10
8; r; 1; 624; 549; 28; 0; 1
8; r; 5768; 624; 523; 27; 5767; 1
8; r; 21789; 624; 349; 20; 21788; 5
8; r; 27555; 624; 592; 29; 27554; 2
8; r; 28836; 624; 21; 2; 28835; 8
8; r; 46780; 624; 147; 13; 46779; 5
8; r; 48061; 624; 613; 30; 48060; 4
8; r; 58954; 624; 519; 26; 58953; 2
8; r; 89708; 624; 251; 17; 89707; 11
8; r; 93553; 624; 430; 24; 93552; 10
8; r; 98679; 624; 23; 3; 98678; 9
8; r; 107649; 624; 414; 23; 107648; 5
8; r; 108930; 624; 412; 22; 108929; 6
8; r; 118542; 624; 226; 16; 118541; 13
8; r; 151863; 624; 9; 1; 151862; 12
8; r; 155709; 624; 480; 25; 155708; 7
8; r; 158272; 624; 258; 18; 158271; 9
8; r; 160195; 624; 139; 12; 160194; 9
8; r; 162118; 624; 149; 14; 162117; 9
8; r; 179422; 624; 85; 5; 179421; 9
8; r; 184549; 624; 100; 9; 184548; 14
8; r; 188395; 624; 79; 4; 188394; 13
8; r; 221095; 624; 87; 6; 221094; 11
8; r; 811538; 624; 599; 65; 11537; 1
8; r; 813460; 624; 474; 61; 13459; 5
8; r; 818587; 624; 246; 46; 18586; 6
8; r; 828839; 624; 248; 47; 28838; 4
8; r; 832043; 624; 602; 66; 32042; 6
8; r; 843576; 624; 537; 63; 43575; 5
8; r; 844858; 624; 366; 58; 44857; 6
8; r; 856392; 624; 285; 54; 56391; 5
8; r; 871771; 624; 424; 59; 71770; 4
8; r; 880101; 624; 220; 44; 80100; 10
8; r; 880741; 624; 0; 31; 80740; 15
8; r; 885227; 624; 618; 67; 85226; 4
8; r; 892917; 624; 273; 50; 92916; 5
8; r; 895481; 624; 120; 40; 95480; 10
8; r; 903170; 624; 515; 62; 103169; 4
8; r; 904452; 624; 87; 36; 104451; 9
8; r; 917269; 624; 363; 57; 117268; 5
8; r; 924319; 624; 265; 48; 124318; 6
8; r; 955720; 624; 271; 49; 155719; 8
8; r; 962128; 624; 128; 41; 162127; 13
8; r; 964050; 624; 428; 60; 164049; 8
8; r; 973023; 624; 5; 32; 173022; 14
8; r; 981997; 624; 186; 42; 181996; 8
8; r; 996739; 624; 75; 35; 196738; 11
8; r; 999303; 624; 118; 39; 199302; 9
8; r; 1000585; 624; 283; 52; 200584; 10
8; r; 1022382; 624; 236; 45; 222381; 8
8; r; 1023665; 624; 58; 34; 223664; 12
8; r; 1498258; 624; 94; 37; 698257; 35
9; r; 4496; 624; 362; 16; 4495; 6
9; r; 6419; 624; 596; 23; 6418; 1
9; r; 29485; 624; 527; 20; 29484; 7
9; r; 35891; 624; 600; 24; 35890; 12
9; r; 36532; 624; 592; 22; 36531; 2
9; r; 41017; 624; 364; 17; 41016; 6
9; r; 46784; 624; 335; 15; 46783; 7
9; r; 51907; 624; 59; 3; 51906; 10
9; r; 67927; 624; 239; 9; 67926; 6
9; r; 71129; 624; 269; 11; 71128; 5
9; r; 87788; 624; 10; 0; 87787; 10
9; r; 99962; 624; 326; 13; 99961; 10
9; r; 100603; 624; 105; 5; 100602; 12
9; r; 110854; 624; 558; 21; 110853; 7
9; r; 118541; 624; 49; 2; 118540; 11
9; r; 122386; 624; 219; 8; 122385; 8
9; r; 140326; 624; 13; 1; 140325; 10
9; r; 159550; 624; 329; 14; 159549; 7
9; r; 169164; 624; 241; 10; 169163; 9
9; r; 175575; 624; 72; 4; 175574; 11
9; r; 831416; 624; 237; 36; 31415; 7
9; r; 832057; 624; 562; 53; 32056; 4
9; r; 835901; 624; 510; 49; 35900; 5
9; r; 846152; 624; 193; 34; 46151; 7
9; r; 848074; 624; 349; 42; 48073; 4
9; r; 849356; 624; 322; 41; 49355; 4
9; r; 850638; 624; 582; 54; 50637; 5
9; r; 855764; 624; 261; 38; 55763; 8
9; r; 862172; 624; 462; 47; 62171; 5
9; r; 863453; 624; 189; 33; 63452; 7
9; r; 874344; 624; 545; 51; 74343; 2
9; r; 889080; 624; 245; 37; 89079; 5
9; r; 890361; 624; 425; 46; 90360; 9
9; r; 894204; 624; 60; 27; 94203; 13
9; r; 896127; 624; 493; 48; 96126; 3
9; r; 900612; 624; 551; 52; 100611; 8
9; r; 902534; 624; 165; 31; 102533; 8
9; r; 903815; 624; 417; 45; 103814; 5
9; r; 911505; 624; 530; 50; 111504; 8
9; r; 927525; 624; 11; 25; 127524; 11
9; r; 933293; 624; 380; 44; 133292; 11
9; r; 935216; 624; 28; 26; 135215; 15
9; r; 969184; 624; 308; 40; 169183; 8
9; r; 971108; 624; 166; 32; 171107; 8
9; r; 1003157; 624; 131; 29; 203156; 11
9; r; 1007645; 624; 379; 43; 207644; 10
9; r; 1014056; 624; 136; 30; 214055; 10
9; r; 1027555; 624; 129; 28; 227554; 14
