iter; type; time slot; d_nodes; s_nodes; pid; nslot; nhop
0; r; 6650; 624; 549; 0; 35; 1
0; r; 25401; 624; 487; 1; 1992; 4
0; r; 26713; 624; 621; 2; 541; 1
0; r; 60413; 624; 380; 3; 7243; 8
0; r; 79524; 624; 347; 4; 1300; 3
0; r; 88007; 624; 187; 5; 8265; 9
0; r; 95741; 624; 240; 6; 10851; 6
0; r; 124515; 624; 214; 7; 5919; 6
0; r; 142143; 624; 362; 8; 3303; 5
0; r; 570100; 624; 32; 12; 14584; 10
0; r; 572695; 624; 131; 18; 14980; 8
0; r; 581809; 624; 94; 19; 14993; 8
0; r; 586416; 624; 308; 20; 11228; 8
0; r; 608507; 624; 401; 21; 7804; 8
0; r; 626139; 624; 603; 22; 5918; 9
0; r; 643262; 624; 319; 23; 2717; 4
0; r; 681745; 624; 75; 24; 13650; 12
0; r; 689993; 624; 495; 25; 1413; 2
0; r; 803708; 624; 597; 26; 19; 1
0; r; 816613; 624; 377; 27; 10233; 9
0; r; 851744; 624; 289; 28; 8474; 6
0; r; 852387; 624; 541; 31; 3003; 3
0; r; 855600; 624; 372; 30; 9233; 3
0; r; 864609; 624; 376; 29; 20949; 9
0; r; 876203; 624; 380; 32; 23033; 8
0; r; 878780; 624; 475; 33; 18597; 9
0; r; 887166; 624; 248; 34; 9742; 6
0; r; 891793; 624; 616; 35; 2031; 4
0; r; 920987; 624; 110; 36; 7122; 10
0; r; 939680; 624; 578; 38; 19269; 8
0; r; 943526; 624; 183; 40; 11416; 8
1; r; 12830; 624; 574; 39; 12829; 1
1; r; 15394; 624; 493; 33; 15393; 2
1; r; 16676; 624; 594; 43; 16675; 3
1; r; 18599; 624; 618; 45; 18598; 2
1; r; 19881; 624; 597; 44; 19880; 1
1; r; 21804; 624; 499; 34; 21803; 2
1; r; 28854; 624; 537; 36; 28853; 4
1; r; 39108; 624; 564; 38; 39107; 5
1; r; 40391; 624; 424; 26; 40390; 2
1; r; 42954; 624; 469; 30; 42953; 2
1; r; 55134; 624; 155; 10; 55133; 11
1; r; 59620; 624; 490; 32; 59619; 4
1; r; 64747; 624; 258; 17; 64746; 8
1; r; 67952; 624; 337; 21; 67951; 6
1; r; 77570; 624; 375; 24; 77569; 11
1; r; 84620; 624; 516; 35; 84619; 3
1; r; 95521; 624; 440; 27; 95520; 4
1; r; 96162; 624; 39; 2; 96161; 10
1; r; 105140; 624; 541; 37; 105139; 3
1; r; 107063; 624; 243; 16; 107062; 6
1; r; 109625; 624; 35; 1; 109624; 9
1; r; 111548; 624; 380; 25; 111547; 8
1; r; 119882; 624; 364; 23; 119881; 5
1; r; 120523; 624; 464; 29; 120522; 6
1; r; 125652; 624; 0; 0; 125651; 13
1; r; 128216; 624; 332; 19; 128215; 8
1; r; 131421; 624; 217; 14; 131420; 6
1; r; 135909; 624; 333; 20; 135908; 9
1; r; 140400; 624; 109; 8; 140399; 9
1; r; 142326; 624; 83; 7; 142325; 11
1; r; 144249; 624; 458; 28; 144248; 5
1; r; 144889; 624; 241; 15; 144888; 6
1; r; 151947; 624; 192; 13; 151946; 7
1; r; 162215; 624; 166; 11; 162214; 9
1; r; 166715; 624; 46; 3; 166714; 8
1; r; 167356; 624; 182; 12; 167355; 11
1; r; 178289; 624; 582; 41; 178288; 9
1; r; 180855; 624; 67; 4; 180854; 10
1; r; 182140; 624; 127; 9; 182139; 14
1; r; 185347; 624; 350; 22; 185346; 11
1; r; 185988; 624; 71; 5; 185987; 9
1; r; 191202; 624; 302; 18; 191201; 11
1; r; 805779; 624; 546; 77; 5778; 1
1; r; 810266; 624; 566; 78; 10265; 3
1; r; 828859; 624; 602; 83; 28858; 9
1; r; 829499; 624; 299; 64; 29498; 4
1; r; 835271; 624; 399; 70; 35270; 3
1; r; 839758; 624; 303; 65; 39757; 8
1; r; 841681; 624; 569; 79; 41680; 3
1; r; 845526; 624; 24; 48; 45525; 7
1; r; 860265; 624; 40; 49; 60264; 9
1; r; 862829; 624; 105; 52; 62828; 10
1; r; 866673; 624; 467; 73; 66672; 4
1; r; 867955; 624; 601; 82; 67954; 8
1; r; 875005; 624; 298; 63; 75004; 4
1; r; 875646; 624; 490; 74; 75645; 4
1; r; 876287; 624; 575; 80; 76286; 8
1; r; 880774; 624; 367; 69; 80773; 5
1; r; 883981; 624; 539; 76; 83980; 4
1; r; 885904; 624; 74; 50; 85903; 10
1; r; 898082; 624; 292; 62; 98081; 7
1; r; 903852; 624; 452; 72; 103851; 9
1; r; 907058; 624; 526; 75; 107057; 9
1; r; 907700; 624; 163; 57; 107699; 9
1; r; 908341; 624; 82; 51; 108340; 11
1; r; 911550; 624; 276; 61; 111549; 10
1; r; 918606; 624; 108; 53; 118605; 9
1; r; 920530; 624; 203; 58; 120529; 11
1; r; 923095; 624; 138; 56; 123094; 7
1; r; 931438; 624; 4; 46; 131437; 13
1; r; 938497; 624; 204; 59; 138496; 11
1; r; 942984; 624; 135; 55; 142983; 10
1; r; 944908; 624; 110; 54; 144907; 9
1; r; 966371; 624; 580; 81; 166370; 9
2; r; 19242; 624; 348; 17; 19241; 4
2; r; 31419; 624; 490; 23; 31418; 5
2; r; 32700; 624; 569; 29; 32699; 2
2; r; 35265; 624; 551; 28; 35264; 8
2; r; 39753; 624; 290; 16; 39752; 6
2; r; 48729; 624; 491; 24; 48728; 3
2; r; 50011; 624; 205; 13; 50010; 10
2; r; 67316; 624; 98; 5; 67315; 8
2; r; 69879; 624; 158; 9; 69878; 9
2; r; 72443; 624; 473; 20; 72442; 3
2; r; 74368; 624; 4; 0; 74367; 11
2; r; 75650; 624; 251; 14; 75649; 11
2; r; 77572; 624; 538; 27; 77571; 4
2; r; 78212; 624; 526; 26; 78211; 10
2; r; 83340; 624; 396; 18; 83339; 3
2; r; 85904; 624; 477; 21; 85903; 7
2; r; 105145; 624; 35; 2; 105144; 9
2; r; 110276; 624; 282; 15; 110275; 8
2; r; 113483; 624; 88; 4; 113482; 9
2; r; 119256; 624; 200; 12; 119255; 9
2; r; 550221; 624; 453; 19; 550220; 11
2; r; 552201; 624; 520; 25; 411409; 3
2; r; 808341; 624; 517; 59; 8340; 3
2; r; 817315; 624; 273; 42; 17314; 5
2; r; 817956; 624; 488; 58; 17955; 5
2; r; 836542; 624; 568; 63; 36541; 2
2; r; 837825; 624; 423; 53; 37824; 3
2; r; 840389; 624; 562; 62; 40388; 4
2; r; 848078; 624; 369; 50; 48077; 4
2; r; 849360; 624; 456; 57; 49359; 6
2; r; 850001; 624; 415; 52; 50000; 4
2; r; 852565; 624; 612; 66; 52564; 5
2; r; 861538; 624; 437; 56; 61537; 6
2; r; 867948; 624; 609; 65; 67947; 7
2; r; 868590; 624; 147; 37; 68589; 6
2; r; 873077; 624; 526; 60; 73076; 10
2; r; 873718; 624; 251; 41; 73717; 10
2; r; 887177; 624; 5; 31; 87176; 12
2; r; 892304; 624; 288; 44; 92303; 6
2; r; 893587; 624; 287; 43; 93586; 7
2; r; 896150; 624; 58; 34; 96149; 10
2; r; 897432; 624; 108; 35; 97431; 10
2; r; 900638; 624; 146; 36; 100637; 6
2; r; 904485; 624; 104; 7; 557316; 11
2; r; 914102; 624; 425; 55; 114101; 9
2; r; 923074; 624; 245; 40; 123073; 6
2; r; 925640; 624; 327; 48; 125639; 10
3; r; 2569; 624; 549; 27; 2568; 1
3; r; 3851; 624; 623; 28; 3850; 1
3; r; 25020; 624; 483; 25; 25019; 5
3; r; 39761; 624; 149; 6; 39760; 9
3; r; 41044; 624; 478; 23; 41043; 8
3; r; 42328; 624; 496; 26; 42327; 2
3; r; 45533; 624; 315; 17; 45532; 8
3; r; 48738; 624; 416; 21; 48737; 4
3; r; 59638; 624; 246; 13; 59637; 5
3; r; 63486; 624; 354; 18; 63485; 9
3; r; 68612; 624; 23; 1; 68611; 10
3; r; 69253; 624; 223; 12; 69252; 6
3; r; 71175; 624; 415; 20; 71174; 4
3; r; 73739; 624; 54; 3; 73738; 14
3; r; 75024; 624; 14; 0; 75023; 8
3; r; 75665; 624; 283; 15; 75664; 8
3; r; 82722; 624; 171; 7; 82721; 6
3; r; 88492; 624; 34; 2; 88491; 9
3; r; 91696; 624; 430; 22; 91695; 8
3; r; 118641; 624; 183; 8; 118640; 9
3; r; 122500; 624; 400; 19; 122499; 10
3; r; 132167; 624; 129; 5; 132166; 12
3; r; 815394; 624; 418; 53; 15393; 4
3; r; 816035; 624; 548; 63; 16034; 1
3; r; 828215; 624; 612; 70; 28214; 4
3; r; 832059; 624; 543; 62; 32058; 2
3; r; 843594; 624; 287; 16; 463897; 7
3; r; 844235; 624; 472; 56; 44234; 2
3; r; 853851; 624; 120; 32; 53850; 7
3; r; 860903; 624; 188; 37; 60902; 8
3; r; 862185; 624; 141; 35; 62184; 7
3; r; 862826; 624; 117; 4; 494893; 10
3; r; 863468; 624; 129; 33; 63467; 11
3; r; 875647; 624; 580; 65; 75646; 6
3; r; 876288; 624; 371; 51; 76287; 4
3; r; 878851; 624; 611; 69; 78850; 9
3; r; 880774; 624; 440; 54; 80773; 3
3; r; 887184; 624; 274; 45; 87183; 5
3; r; 887825; 624; 486; 59; 87824; 5
3; r; 897439; 624; 484; 58; 97438; 6
3; r; 910265; 624; 604; 67; 110264; 8
3; r; 912829; 624; 268; 14; 537272; 8
3; r; 917317; 624; 266; 44; 117316; 6
3; r; 926932; 624; 191; 38; 126931; 8
3; r; 933345; 624; 252; 41; 133344; 11
3; r; 938479; 624; 335; 48; 138478; 7
3; r; 941044; 624; 609; 68; 141043; 6
3; r; 942326; 624; 136; 34; 142325; 7
3; r; 944251; 624; 208; 10; 561006; 10
3; r; 947461; 624; 259; 43; 147460; 8
4; r; 11543; 624; 599; 36; 11542; 1
4; r; 461246; 624; 533; 30; 461245; 5
4; r; 538467; 624; 456; 27; 538466; 8
4; r; 808343; 624; 565; 62; 8342; 3
4; r; 808987; 624; 385; 51; 8986; 5
4; r; 814756; 624; 591; 65; 14755; 3
4; r; 815397; 624; 218; 13; 445818; 7
4; r; 816679; 624; 610; 67; 16678; 5
4; r; 820525; 624; 586; 64; 20524; 6
4; r; 832704; 624; 596; 66; 32703; 1
4; r; 834627; 624; 368; 49; 34626; 4
4; r; 838472; 624; 499; 57; 38471; 2
4; r; 841677; 624; 47; 39; 41676; 7
4; r; 1283996; 624; 28; 38; 483995; 12
4; r; 1296704; 624; 430; 54; 496703; 8
5; r; 2569; 624; 596; 39; 2568; 1
5; r; 8341; 624; 298; 21; 8340; 4
5; r; 11548; 624; 522; 36; 11547; 2
5; r; 30778; 624; 367; 26; 30777; 4
5; r; 38468; 624; 145; 12; 38467; 7
5; r; 41032; 624; 433; 30; 41031; 7
5; r; 44237; 624; 49; 6; 44236; 8
5; r; 48724; 624; 576; 37; 48723; 8
5; r; 49365; 624; 337; 23; 49364; 7
5; r; 57697; 624; 97; 10; 57696; 6
5; r; 60902; 624; 454; 33; 60901; 8
5; r; 66029; 624; 470; 34; 66028; 2
5; r; 67951; 624; 239; 18; 67950; 6
5; r; 75001; 624; 158; 13; 75000; 8
5; r; 78847; 624; 173; 15; 78846; 6
5; r; 83974; 624; 32; 2; 83973; 11
5; r; 85257; 624; 437; 31; 85256; 5
5; r; 96798; 624; 412; 28; 96797; 6
5; r; 97439; 624; 36; 4; 97438; 11
5; r; 106414; 624; 343; 24; 106413; 4
5; r; 108979; 624; 39; 5; 108978; 10
5; r; 110904; 624; 216; 17; 110903; 7
5; r; 112828; 624; 274; 19; 112827; 5
5; r; 117317; 624; 34; 3; 117316; 12
5; r; 123087; 624; 487; 35; 123086; 5
5; r; 139763; 624; 294; 20; 139762; 6
5; r; 142974; 624; 3; 0; 142973; 14
5; r; 144256; 624; 377; 27; 144255; 8
5; r; 146179; 624; 179; 16; 146178; 11
5; r; 153234; 624; 111; 11; 153233; 11
5; r; 155160; 624; 330; 22; 155159; 10
5; r; 161609; 624; 162; 14; 161608; 10
5; r; 801287; 624; 591; 67; 1286; 2
5; r; 812187; 624; 587; 66; 12186; 5
5; r; 816677; 624; 522; 63; 16676; 1
5; r; 817959; 624; 617; 69; 17958; 2
5; r; 820523; 624; 474; 62; 20522; 3
5; r; 831423; 624; 269; 53; 31422; 5
5; r; 844886; 624; 87; 9; 498718; 9
5; r; 847451; 624; 582; 65; 47450; 6
5; r; 852580; 624; 470; 61; 52579; 3
5; r; 854505; 624; 198; 48; 54504; 6
5; r; 870531; 624; 3; 40; 70530; 12
5; r; 872455; 624; 400; 58; 72454; 9
5; r; 880150; 624; 110; 44; 80149; 9
5; r; 885922; 624; 439; 60; 85921; 4
5; r; 887204; 624; 293; 54; 87203; 5
5; r; 888485; 624; 428; 29; 513146; 8
5; r; 895537; 624; 387; 57; 95536; 6
5; r; 897461; 624; 156; 47; 97460; 10
5; r; 914136; 624; 436; 59; 114135; 4
5; r; 914777; 624; 532; 64; 114776; 7
5; r; 915418; 624; 102; 43; 115417; 11
5; r; 916059; 624; 225; 49; 116058; 11
5; r; 926971; 624; 9; 41; 126970; 12
5; r; 939169; 624; 59; 42; 139168; 12
5; r; 940452; 624; 256; 52; 140451; 9
5; r; 946240; 624; 153; 46; 146239; 13
6; r; 1; 624; 547; 32; 0; 1
6; r; 25655; 624; 474; 29; 25654; 3
6; r; 27577; 624; 502; 31; 27576; 7
6; r; 37833; 624; 159; 10; 37832; 8
6; r; 50009; 624; 263; 18; 50008; 8
6; r; 53215; 624; 427; 25; 53214; 8
6; r; 57701; 624; 469; 27; 57700; 3
6; r; 65393; 624; 172; 12; 65392; 7
6; r; 66675; 624; 240; 16; 66674; 6
6; r; 67316; 624; 451; 26; 67315; 8
6; r; 822445; 624; 590; 63; 22444; 4
6; r; 823727; 624; 580; 61; 23726; 6
6; r; 827572; 624; 539; 60; 27571; 4
6; r; 839109; 624; 397; 53; 39108; 4
6; r; 839749; 624; 586; 62; 39748; 5
6; r; 847442; 624; 223; 44; 47441; 6
6; r; 848724; 624; 437; 54; 48723; 6
6; r; 850647; 624; 0; 0; 462389; 12
6; r; 864751; 624; 252; 47; 64750; 10
6; r; 866032; 624; 465; 56; 66031; 4
6; r; 1310836; 624; 334; 50; 510835; 8
6; r; 1327695; 624; 180; 41; 527694; 10
7; r; 2570; 624; 398; 21; 2569; 3
7; r; 5133; 624; 567; 28; 5132; 2
7; r; 8339; 624; 595; 30; 8338; 1
7; r; 17313; 624; 447; 23; 17312; 2
7; r; 23089; 624; 601; 31; 23088; 7
7; r; 30144; 624; 418; 22; 30143; 3
7; r; 37834; 624; 214; 10; 37833; 7
7; r; 47452; 624; 492; 25; 47451; 3
7; r; 53222; 624; 586; 29; 53221; 5
7; r; 55146; 624; 68; 3; 55145; 9
7; r; 55787; 624; 489; 24; 55786; 3
7; r; 59634; 624; 292; 16; 59633; 7
7; r; 81438; 624; 164; 7; 81437; 7
7; r; 90411; 624; 4; 0; 90410; 12
7; r; 92335; 624; 529; 27; 92334; 9
7; r; 94260; 624; 331; 18; 94259; 7
7; r; 98105; 624; 238; 13; 98104; 5
7; r; 103880; 624; 17; 1; 103879; 10
7; r; 106449; 624; 229; 11; 106448; 8
7; r; 109016; 624; 392; 20; 109015; 4
7; r; 112876; 624; 316; 17; 112875; 5
7; r; 113518; 624; 235; 12; 113517; 9
7; r; 114160; 624; 101; 5; 114159; 13
7; r; 118008; 624; 511; 26; 118007; 5
7; r; 133442; 624; 191; 8; 133441; 8
7; r; 139267; 624; 39; 2; 139266; 10
7; r; 802589; 624; 160; 6; 451681; 9
7; r; 810921; 624; 324; 44; 10920; 4
7; r; 813488; 624; 593; 54; 13487; 2
7; r; 821823; 624; 545; 52; 21822; 2
7; r; 825029; 624; 587; 53; 25028; 3
7; r; 837208; 624; 407; 47; 37207; 6
7; r; 850671; 624; 514; 51; 50670; 5
7; r; 853876; 624; 441; 49; 53875; 4
7; r; 855159; 624; 258; 40; 55158; 7
7; r; 864133; 624; 316; 43; 64132; 6
7; r; 869902; 624; 386; 46; 69901; 5
7; r; 874390; 624; 127; 35; 74389; 10
7; r; 875031; 624; 101; 34; 75030; 12
7; r; 876953; 624; 459; 50; 76952; 6
7; r; 878236; 624; 414; 48; 78235; 5
7; r; 892989; 624; 158; 37; 92988; 9
7; r; 896197; 624; 305; 41; 96196; 8
7; r; 903259; 624; 28; 32; 103258; 13
7; r; 910333; 624; 352; 45; 110332; 8
7; r; 916764; 624; 315; 42; 116763; 8
8; r; 3852; 624; 489; 18; 3851; 4
8; r; 11548; 624; 320; 13; 11547; 4
8; r; 15394; 624; 567; 20; 15393; 2
8; r; 38477; 624; 307; 11; 38476; 8
8; r; 39117; 624; 239; 8; 39116; 7
8; r; 41042; 624; 162; 6; 41041; 8
8; r; 46168; 624; 310; 12; 46167; 7
8; r; 57712; 624; 176; 7; 57711; 11
8; r; 67974; 624; 17; 1; 67973; 10
8; r; 68614; 624; 11; 0; 68613; 10
8; r; 74387; 624; 240; 9; 74386; 7
8; r; 77597; 624; 339; 14; 77596; 6
8; r; 80806; 624; 145; 5; 80805; 6
8; r; 90439; 624; 362; 15; 90438; 5
8; r; 96215; 624; 53; 3; 96214; 15
8; r; 102635; 624; 114; 4; 102634; 9
8; r; 109699; 624; 50; 2; 109698; 14
8; r; 128394; 624; 429; 16; 128393; 10
8; r; 802577; 624; 598; 49; 2576; 1
8; r; 808991; 624; 433; 17; 440389; 6
8; r; 823090; 624; 471; 40; 23089; 2
8; r; 823731; 624; 567; 47; 23730; 2
8; r; 835912; 624; 398; 39; 35911; 3
8; r; 837194; 624; 521; 45; 37193; 2
8; r; 839117; 624; 589; 48; 39116; 5
8; r; 839758; 624; 514; 44; 39757; 3
8; r; 847449; 624; 540; 46; 47448; 3
8; r; 852580; 624; 288; 37; 52579; 8
8; r; 858991; 624; 240; 33; 58990; 6
8; r; 861554; 624; 169; 29; 61553; 8
8; r; 866043; 624; 77; 25; 66042; 11
8; r; 869250; 624; 494; 43; 69249; 3
8; r; 874377; 624; 483; 42; 74376; 6
8; r; 877583; 624; 231; 31; 77582; 8
8; r; 883991; 624; 72; 24; 83990; 8
8; r; 888477; 624; 279; 36; 88476; 8
8; r; 889120; 624; 327; 38; 89119; 10
8; r; 896172; 624; 280; 10; 531858; 10
8; r; 902584; 624; 475; 41; 102583; 11
8; r; 907074; 624; 1; 21; 107073; 14
8; r; 908997; 624; 229; 30; 108996; 10
8; r; 910921; 624; 92; 26; 110920; 9
8; r; 913489; 624; 150; 28; 113488; 11
8; r; 930812; 624; 269; 35; 130811; 6
8; r; 935303; 624; 52; 23; 135302; 14
8; r; 944291; 624; 257; 34; 144290; 10
8; r; 951369; 624; 42; 22; 151368; 9
8; r; 956519; 624; 235; 32; 156518; 10
9; r; 5140; 624; 591; 19; 5139; 3
9; r; 14759; 624; 574; 18; 14758; 1
9; r; 17325; 624; 571; 17; 17324; 1
9; r; 32071; 624; 61; 2; 32070; 10
9; r; 39763; 624; 364; 12; 39762; 5
9; r; 50660; 624; 539; 16; 50659; 3
9; r; 53867; 624; 378; 13; 53866; 9
9; r; 64124; 624; 38; 1; 64123; 11
9; r; 71177; 624; 202; 8; 71176; 9
9; r; 73107; 624; 123; 5; 73106; 7
9; r; 82091; 624; 0; 0; 82090; 15
9; r; 85940; 624; 91; 3; 85939; 8
9; r; 96848; 624; 360; 11; 96847; 7
9; r; 98130; 624; 92; 4; 98129; 9
9; r; 107119; 624; 455; 14; 107118; 8
9; r; 110979; 624; 354; 10; 110978; 9
9; r; 114204; 624; 140; 6; 114203; 8
9; r; 803207; 624; 599; 51; 3206; 1
9; r; 817953; 624; 418; 40; 17952; 4
9; r; 832057; 624; 545; 50; 32056; 2
9; r; 833340; 624; 24; 20; 33339; 9
9; r; 841034; 624; 293; 9; 467810; 7
9; r; 845521; 624; 377; 37; 45520; 9
9; r; 846162; 624; 476; 43; 46161; 7
9; r; 848086; 624; 413; 38; 48085; 5
9; r; 849368; 624; 68; 24; 49367; 9
9; r; 857701; 624; 78; 26; 57700; 11
9; r; 873086; 624; 525; 15; 476031; 8
9; r; 875010; 624; 414; 39; 75009; 5
9; r; 878215; 624; 304; 35; 78214; 7
9; r; 879498; 624; 67; 23; 79497; 8
9; r; 887830; 624; 228; 30; 87829; 9
9; r; 888471; 624; 278; 34; 88470; 10
9; r; 894241; 624; 454; 42; 94240; 8
9; r; 900656; 624; 71; 25; 100655; 8
9; r; 905143; 624; 503; 47; 105142; 7
9; r; 906425; 624; 519; 49; 106424; 4
9; r; 907066; 624; 478; 44; 107065; 7
9; r; 917973; 624; 37; 22; 117972; 11
9; r; 919255; 624; 489; 45; 119254; 5
9; r; 928875; 624; 504; 48; 128874; 9
9; r; 930801; 624; 260; 32; 130800; 9
9; r; 934008; 624; 114; 27; 134007; 9
9; r; 937215; 624; 207; 28; 137214; 10
