iter; type; time slot; d_nodes; s_nodes; pid; nslot; nhop
0; r; 8708; 1088; 653; 0; 8322; 3
0; r; 12549; 1088; 457; 2; 11130; 6
0; r; 31114; 1088; 310; 16; 21997; 7
0; r; 33675; 1088; 990; 12; 27537; 12
0; r; 44560; 1088; 790; 17; 34287; 2
0; r; 47121; 1088; 1006; 14; 39598; 17
0; r; 55445; 1088; 40; 5; 52161; 14
0; r; 67610; 1088; 577; 32; 38627; 8
0; r; 69531; 1088; 1071; 3; 67974; 16
0; r; 71452; 1088; 556; 36; 39607; 7
0; r; 73373; 1088; 8; 31; 44405; 12
0; r; 75934; 1088; 809; 1; 74535; 8
0; r; 79776; 1088; 411; 15; 71567; 8
0; r; 82977; 1088; 1052; 28; 57552; 1
0; r; 86178; 1088; 636; 23; 70101; 9
0; r; 93222; 1088; 184; 9; 89047; 12
0; r; 98344; 1088; 916; 21; 85002; 2
0; r; 101545; 1088; 878; 35; 71004; 5
0; r; 105388; 1088; 949; 39; 73015; 2
0; r; 109870; 1088; 847; 18; 98819; 9
0; r; 111791; 1088; 703; 25; 91187; 7
0; r; 114353; 1088; 540; 30; 87177; 8
0; r; 121397; 1088; 911; 13; 114740; 6
0; r; 127801; 1088; 571; 37; 95653; 7
0; r; 131643; 1088; 927; 33; 102365; 9
0; r; 145090; 1088; 79; 26; 123396; 11
0; r; 146370; 1088; 32; 38; 114027; 9
0; r; 149573; 1088; 535; 22; 134878; 11
0; r; 152776; 1088; 241; 8; 148823; 16
0; r; 153417; 1088; 23; 20; 140940; 10
0; r; 157261; 1088; 37; 6; 153747; 13
0; r; 159824; 1088; 274; 27; 136724; 10
0; r; 162387; 1088; 214; 40; 129714; 10
0; r; 168795; 1088; 120; 34; 138790; 15
0; r; 170077; 1088; 334; 4; 168349; 18
0; r; 637179; 1088; 765; 41; 78202; 19
0; r; 643588; 1088; 717; 24; 623594; 15
0; r; 729625; 1088; 431; 10; 568558; 34
0; r; 802946; 1088; 488; 42; 2573; 5
0; r; 813832; 1088; 1071; 45; 12275; 6
0; r; 820874; 1088; 916; 67; 7532; 2
0; r; 825356; 1088; 674; 55; 19190; 8
0; r; 832398; 1088; 889; 64; 20392; 1
0; r; 848405; 1088; 846; 51; 44972; 6
0; r; 849045; 1088; 819; 43; 48252; 4
0; r; 859289; 1088; 357; 89; 32173; 6
0; r; 866972; 1088; 408; 84; 41034; 6
0; r; 868253; 1088; 614; 98; 35887; 4
0; r; 896428; 1088; 668; 57; 88822; 9
0; r; 899630; 1088; 253; 63; 90182; 15
0; r; 903472; 1088; 247; 58; 95736; 9
0; r; 912437; 1088; 733; 61; 103210; 12
0; r; 926526; 1088; 642; 80; 102817; 6
0; r; 929728; 1088; 613; 81; 104702; 7
0; r; 933570; 1088; 389; 65; 120911; 13
0; r; 935491; 1088; 874; 75; 114931; 4
0; r; 939974; 1088; 485; 47; 137525; 14
0; r; 943816; 1088; 292; 92; 113145; 8
0; r; 944456; 1088; 373; 44; 143348; 9
0; r; 946378; 1088; 118; 76; 124400; 9
0; r; 957906; 1088; 372; 54; 152973; 13
0; r; 963030; 1088; 773; 95; 131079; 9
0; r; 963671; 1088; 403; 88; 136685; 13
0; r; 966232; 1088; 601; 74; 146679; 15
0; r; 970716; 1088; 526; 93; 139238; 10
0; r; 978402; 1088; 214; 99; 145729; 10
0; r; 979683; 1088; 137; 59; 170719; 13
0; r; 984167; 1088; 66; 53; 179728; 19
0; r; 991212; 1088; 510; 69; 176531; 14
0; r; 993775; 1088; 635; 85; 167697; 7
0; r; 994416; 1088; 41; 77; 172391; 21
0; r; 1001463; 1088; 136; 66; 188616; 16
0; r; 1009794; 1088; 32; 97; 177451; 15
0; r; 1010435; 1088; 182; 86; 184274; 18
0; r; 1011717; 1088; 928; 60; 202704; 11
0; r; 1023256; 1088; 597; 73; 205339; 11
0; r; 1023897; 1088; 9; 56; 216309; 22
0; r; 1027103; 1088; 737; 96; 194867; 13
0; r; 1431203; 1088; 469; 83; 605613; 16
0; r; 1435046; 1088; 271; 72; 618081; 19
0; r; 1436327; 1088; 474; 71; 620545; 23
0; r; 1447215; 1088; 154; 91; 618005; 20
0; r; 1478605; 1088; 205; 94; 646908; 18
0; r; 1492060; 1088; 991; 79; 669418; 26
0; r; 1568313; 1088; 424; 62; 759014; 28
1; r; 2562; 1088; 657; 34; 2561; 3
1; r; 10885; 1088; 598; 32; 10884; 9
1; r; 12805; 1088; 676; 36; 12804; 5
1; r; 30092; 1088; 754; 40; 30091; 3
1; r; 39696; 1088; 119; 4; 39695; 11
1; r; 44178; 1088; 230; 10; 44177; 12
1; r; 46739; 1088; 404; 22; 46738; 9
1; r; 49940; 1088; 1014; 55; 49939; 4
1; r; 60184; 1088; 910; 49; 60183; 3
1; r; 64026; 1088; 395; 21; 64025; 5
1; r; 71069; 1088; 544; 30; 71068; 8
1; r; 75551; 1088; 797; 43; 75550; 11
1; r; 76832; 1088; 89; 3; 76831; 9
1; r; 88998; 1088; 267; 13; 88997; 13
1; r; 91560; 1088; 412; 23; 91559; 10
1; r; 92841; 1088; 503; 27; 92840; 12
1; r; 94122; 1088; 566; 31; 94121; 13
1; r; 97324; 1088; 966; 54; 97323; 10
1; r; 99885; 1088; 782; 42; 99884; 3
1; r; 122299; 1088; 522; 28; 122298; 5
1; r; 126141; 1088; 325; 17; 126140; 8
1; r; 133186; 1088; 160; 7; 133185; 6
1; r; 134467; 1088; 343; 19; 134466; 7
1; r; 138309; 1088; 811; 45; 138308; 9
1; r; 142792; 1088; 803; 44; 142791; 13
1; r; 144073; 1088; 925; 50; 144072; 10
1; r; 144713; 1088; 535; 29; 144712; 11
1; r; 145353; 1088; 636; 33; 145352; 11
1; r; 146634; 1088; 61; 1; 146633; 15
1; r; 151117; 1088; 1060; 59; 151116; 14
1; r; 157522; 1088; 467; 26; 157521; 17
1; r; 159443; 1088; 153; 5; 159442; 17
1; r; 162645; 1088; 231; 11; 162644; 14
1; r; 167129; 1088; 927; 52; 167128; 13
1; r; 170972; 1088; 944; 53; 170971; 9
1; r; 176736; 1088; 707; 38; 176735; 10
1; r; 177377; 1088; 662; 35; 177376; 13
1; r; 178658; 1088; 72; 2; 178657; 14
1; r; 183143; 1088; 178; 9; 183142; 15
1; r; 183784; 1088; 1023; 57; 183783; 14
1; r; 184425; 1088; 324; 16; 184424; 17
1; r; 185066; 1088; 304; 14; 185065; 15
1; r; 187628; 1088; 156; 6; 187627; 19
1; r; 190832; 1088; 322; 15; 190831; 16
1; r; 192114; 1088; 1048; 58; 192113; 7
1; r; 205570; 1088; 860; 47; 205569; 14
1; r; 220953; 1088; 849; 46; 220952; 8
1; r; 717775; 1088; 248; 12; 717774; 34
1; r; 726744; 1088; 166; 8; 726743; 34
1; r; 743409; 1088; 50; 0; 743408; 29
1; r; 757510; 1088; 689; 37; 757509; 28
1; r; 764561; 1088; 926; 51; 764560; 35
1; r; 810049; 1088; 359; 74; 10048; 5
1; r; 811970; 1088; 1047; 96; 11969; 2
1; r; 824135; 1088; 940; 91; 24134; 9
1; r; 826056; 1088; 902; 90; 26055; 10
1; r; 830537; 1088; 701; 88; 30536; 6
1; r; 836300; 1088; 697; 87; 36299; 10
1; r; 836940; 1088; 209; 69; 36939; 9
1; r; 840142; 1088; 259; 71; 40141; 9
1; r; 846545; 1088; 412; 77; 46544; 10
1; r; 850386; 1088; 1014; 94; 50385; 2
1; r; 858710; 1088; 1083; 98; 58709; 1
1; r; 861272; 1088; 657; 84; 61271; 4
1; r; 861912; 1088; 596; 82; 61911; 18
1; r; 863193; 1088; 464; 79; 63192; 9
1; r; 868315; 1088; 468; 80; 68314; 11
1; r; 871517; 1088; 1054; 97; 71516; 1
1; r; 873438; 1088; 500; 81; 73437; 9
1; r; 877920; 1088; 1027; 95; 77919; 13
1; r; 883683; 1088; 317; 73; 83682; 7
1; r; 888806; 1088; 27; 60; 88805; 9
1; r; 903534; 1088; 150; 67; 103533; 9
1; r; 910578; 1088; 94; 65; 110577; 10
1; r; 914421; 1088; 34; 61; 114420; 13
1; r; 915702; 1088; 675; 86; 115701; 8
1; r; 916342; 1088; 70; 63; 116341; 12
1; r; 916983; 1088; 371; 75; 116982; 13
1; r; 921466; 1088; 416; 78; 121465; 13
1; r; 922747; 1088; 997; 93; 122746; 7
1; r; 923388; 1088; 161; 68; 123387; 11
1; r; 930434; 1088; 407; 76; 130433; 8
1; r; 931715; 1088; 263; 72; 131714; 9
1; r; 935557; 1088; 121; 66; 135556; 19
1; r; 938120; 1088; 645; 83; 138119; 8
1; r; 943244; 1088; 709; 89; 143243; 15
1; r; 950935; 1088; 39; 62; 150934; 14
2; r; 3842; 1088; 989; 45; 3841; 1
2; r; 9604; 1088; 157; 8; 9603; 8
2; r; 17286; 1088; 1050; 47; 17285; 1
2; r; 24327; 1088; 951; 41; 24326; 1
2; r; 26888; 1088; 103; 3; 26887; 13
2; r; 30089; 1088; 595; 30; 30088; 8
2; r; 39694; 1088; 281; 14; 39693; 8
2; r; 43535; 1088; 591; 29; 43534; 8
2; r; 51219; 1088; 1064; 48; 51218; 11
2; r; 53139; 1088; 938; 40; 53138; 7
2; r; 59542; 1088; 1010; 46; 59541; 7
2; r; 60183; 1088; 727; 34; 60182; 15
2; r; 62104; 1088; 986; 44; 62103; 1
2; r; 64025; 1088; 122; 6; 64024; 11
2; r; 71709; 1088; 391; 17; 71708; 7
2; r; 73630; 1088; 843; 37; 73629; 3
2; r; 76191; 1088; 53; 1; 76190; 9
2; r; 92199; 1088; 581; 27; 92198; 11
2; r; 103724; 1088; 729; 35; 103723; 12
2; r; 111409; 1088; 964; 42; 111408; 12
2; r; 112690; 1088; 665; 33; 112689; 9
2; r; 114611; 1088; 203; 11; 114610; 12
2; r; 117173; 1088; 535; 23; 117172; 11
2; r; 119094; 1088; 488; 22; 119093; 4
2; r; 120375; 1088; 436; 21; 120374; 8
2; r; 125497; 1088; 146; 7; 125496; 11
2; r; 126778; 1088; 120; 5; 126777; 10
2; r; 130621; 1088; 178; 10; 130620; 9
2; r; 135104; 1088; 402; 19; 135103; 13
2; r; 139586; 1088; 110; 4; 139585; 10
2; r; 143429; 1088; 345; 16; 143428; 12
2; r; 147911; 1088; 229; 13; 147910; 10
2; r; 154956; 1088; 321; 15; 154955; 14
2; r; 159440; 1088; 50; 0; 159439; 11
2; r; 167767; 1088; 429; 20; 167766; 13
2; r; 171611; 1088; 632; 31; 171610; 11
2; r; 172251; 1088; 159; 9; 172250; 10
2; r; 633437; 1088; 558; 24; 633436; 21
2; r; 641125; 1088; 633; 32; 641124; 19
2; r; 656504; 1088; 574; 26; 656503; 20
2; r; 677013; 1088; 587; 28; 677012; 35
2; r; 800111; 1088; 989; 93; 110; 1
2; r; 818036; 1088; 159; 57; 18035; 9
2; r; 819957; 1088; 678; 83; 19956; 5
2; r; 829561; 1088; 981; 92; 29560; 5
2; r; 836604; 1088; 511; 75; 36603; 12
2; r; 839165; 1088; 799; 86; 39164; 9
2; r; 839805; 1088; 619; 80; 39804; 5
2; r; 841726; 1088; 458; 72; 41725; 6
2; r; 843007; 1088; 1018; 94; 43006; 1
2; r; 848769; 1088; 907; 89; 48768; 4
2; r; 860934; 1088; 135; 55; 60933; 15
2; r; 871821; 1088; 421; 67; 71820; 7
2; r; 874382; 1088; 908; 90; 74381; 4
2; r; 882066; 1088; 618; 79; 82065; 5
2; r; 883347; 1088; 144; 56; 83346; 13
2; r; 887189; 1088; 668; 82; 87188; 10
2; r; 887830; 1088; 174; 58; 87829; 13
2; r; 893593; 1088; 653; 81; 93592; 4
2; r; 895514; 1088; 900; 88; 95513; 7
2; r; 898076; 1088; 223; 60; 98075; 10
2; r; 902559; 1088; 192; 59; 102558; 16
2; r; 903199; 1088; 449; 70; 103198; 5
2; r; 905121; 1088; 55; 52; 105120; 15
2; r; 910243; 1088; 501; 73; 110242; 11
2; r; 914086; 1088; 548; 76; 114085; 10
2; r; 917928; 1088; 448; 69; 117927; 7
2; r; 924972; 1088; 737; 84; 124971; 8
2; r; 928174; 1088; 770; 85; 128173; 9
2; r; 930736; 1088; 1031; 95; 130735; 11
2; r; 932657; 1088; 399; 66; 132656; 10
2; r; 936499; 1088; 23; 50; 136498; 11
2; r; 945465; 1088; 254; 61; 145464; 7
2; r; 951871; 1088; 319; 63; 151870; 9
2; r; 965967; 1088; 432; 68; 165966; 19
2; r; 976861; 1088; 568; 77; 176860; 11
2; r; 1414136; 1088; 37; 51; 614135; 21
2; r; 1421824; 1088; 360; 65; 621823; 17
2; r; 1425027; 1088; 454; 71; 625026; 15
2; r; 1431433; 1088; 121; 54; 631432; 18
2; r; 1436559; 1088; 1060; 96; 636558; 34
2; r; 1437200; 1088; 1064; 97; 637199; 21
3; r; 8322; 1088; 388; 15; 8321; 6
3; r; 8963; 1088; 1052; 55; 8962; 1
3; r; 26886; 1088; 685; 30; 26885; 4
3; r; 463594; 1088; 605; 25; 463593; 6
3; r; 473206; 1088; 707; 31; 473205; 8
3; r; 475127; 1088; 378; 14; 475126; 11
3; r; 488580; 1088; 267; 11; 488579; 9
3; r; 494988; 1088; 455; 18; 494987; 9
3; r; 528304; 1088; 929; 44; 528303; 9
3; r; 535991; 1088; 601; 24; 535990; 12
3; r; 557130; 1088; 958; 46; 557129; 14
3; r; 558411; 1088; 841; 38; 558410; 15
3; r; 570580; 1088; 439; 17; 570579; 19
3; r; 576985; 1088; 657; 29; 576984; 8
3; r; 586593; 1088; 1006; 50; 586592; 9
3; r; 587874; 1088; 289; 12; 587873; 18
3; r; 598762; 1088; 257; 10; 598761; 20
3; r; 605167; 1088; 143; 7; 605166; 12
3; r; 616057; 1088; 126; 5; 616056; 18
3; r; 616698; 1088; 1046; 54; 616697; 21
3; r; 632711; 1088; 855; 41; 632710; 22
3; r; 633992; 1088; 38; 0; 633991; 21
3; r; 635273; 1088; 79; 3; 635272; 21
3; r; 635914; 1088; 898; 43; 635913; 25
3; r; 638476; 1088; 100; 4; 638475; 20
3; r; 639116; 1088; 847; 40; 639115; 15
3; r; 642321; 1088; 994; 49; 642320; 21
3; r; 657695; 1088; 1043; 53; 657694; 24
3; r; 672430; 1088; 817; 37; 672429; 14
3; r; 676915; 1088; 759; 35; 676914; 20
3; r; 688450; 1088; 318; 13; 688449; 19
3; r; 710238; 1088; 844; 39; 710237; 13
3; r; 817881; 1088; 366; 76; 17880; 8
3; r; 820442; 1088; 315; 73; 20441; 8
3; r; 1257645; 1088; 446; 80; 457644; 9
3; r; 1262142; 1088; 709; 100; 462141; 11
3; r; 1324993; 1088; 173; 62; 524992; 16
3; r; 1342291; 1088; 500; 82; 542290; 12
3; r; 1344853; 1088; 209; 65; 544852; 19
3; r; 1349978; 1088; 642; 93; 549977; 6
3; r; 1378163; 1088; 212; 66; 578162; 19
3; r; 1383288; 1088; 185; 63; 583287; 18
3; r; 1387771; 1088; 950; 110; 587770; 22
3; r; 1396097; 1088; 1035; 116; 596096; 25
3; r; 1399301; 1088; 842; 103; 599300; 9
3; r; 1408268; 1088; 708; 99; 608267; 17
3; r; 1412752; 1088; 254; 70; 612751; 22
3; r; 1428122; 1088; 1052; 117; 628121; 12
3; r; 1436448; 1088; 617; 88; 636447; 17
3; r; 1443493; 1088; 931; 109; 643492; 17
3; r; 1444133; 1088; 15; 57; 644132; 16
3; r; 1447976; 1088; 208; 64; 647975; 18
3; r; 1465906; 1088; 959; 111; 665905; 25
3; r; 1466546; 1088; 621; 89; 666545; 22
3; r; 1467187; 1088; 919; 108; 667186; 30
3; r; 1470390; 1088; 494; 81; 670389; 22
3; r; 1479999; 1088; 330; 74; 679998; 17
3; r; 1480640; 1088; 988; 114; 680639; 22
3; r; 1488965; 1088; 684; 98; 688964; 24
3; r; 1499214; 1088; 893; 107; 699213; 24
3; r; 1508826; 1088; 1076; 120; 708825; 19
3; r; 1524847; 1088; 1063; 119; 724846; 31
3; r; 1526770; 1088; 356; 75; 726769; 23
4; r; 3; 1088; 988; 44; 2; 1
4; r; 17928; 1088; 1086; 47; 17927; 3
4; r; 26250; 1088; 347; 17; 26249; 7
4; r; 30731; 1088; 441; 21; 30730; 8
4; r; 32652; 1088; 1019; 46; 32651; 3
4; r; 33933; 1088; 282; 15; 33932; 8
4; r; 35854; 1088; 232; 11; 35853; 12
4; r; 44177; 1088; 615; 27; 44176; 5
4; r; 47379; 1088; 193; 8; 47378; 7
4; r; 49300; 1088; 878; 39; 49299; 3
4; r; 51221; 1088; 814; 36; 51220; 5
4; r; 51861; 1088; 708; 31; 51860; 6
4; r; 57624; 1088; 910; 41; 57623; 3
4; r; 60825; 1088; 922; 42; 60824; 1
4; r; 70429; 1088; 601; 26; 70428; 13
4; r; 74911; 1088; 1006; 45; 74910; 5
4; r; 76832; 1088; 532; 23; 76831; 8
4; r; 80674; 1088; 975; 43; 80673; 4
4; r; 81955; 1088; 325; 16; 81954; 9
4; r; 87078; 1088; 258; 13; 87077; 10
4; r; 87719; 1088; 775; 35; 87718; 8
4; r; 97325; 1088; 835; 37; 97324; 8
4; r; 101807; 1088; 218; 10; 101806; 12
4; r; 103088; 1088; 178; 6; 103087; 9
4; r; 105009; 1088; 711; 32; 105008; 7
4; r; 112053; 1088; 761; 34; 112052; 12
4; r; 113334; 1088; 356; 18; 113333; 6
4; r; 122937; 1088; 674; 29; 122936; 12
4; r; 125499; 1088; 242; 12; 125498; 11
4; r; 128701; 1088; 60; 1; 128700; 8
4; r; 136386; 1088; 183; 7; 136385; 12
4; r; 142791; 1088; 272; 14; 142790; 17
4; r; 144072; 1088; 63; 2; 144071; 16
4; r; 150476; 1088; 455; 22; 150475; 8
4; r; 151757; 1088; 595; 25; 151756; 9
4; r; 153038; 1088; 867; 38; 153037; 15
4; r; 154319; 1088; 555; 24; 154318; 15
4; r; 155600; 1088; 167; 4; 155599; 18
4; r; 172896; 1088; 733; 33; 172895; 12
4; r; 174819; 1088; 402; 20; 174818; 11
4; r; 177381; 1088; 211; 9; 177380; 10
4; r; 633024; 1088; 664; 28; 633023; 39
4; r; 647120; 1088; 697; 30; 647119; 33
4; r; 649684; 1088; 382; 19; 649683; 29
4; r; 663140; 1088; 104; 3; 663139; 34
4; r; 809271; 1088; 547; 76; 9270; 5
4; r; 813753; 1088; 1006; 104; 13752; 8
4; r; 815034; 1088; 634; 81; 15033; 11
4; r; 820156; 1088; 619; 79; 20155; 4
4; r; 832960; 1088; 191; 59; 32959; 7
4; r; 834241; 1088; 280; 64; 34240; 7
4; r; 839363; 1088; 783; 94; 39362; 6
4; r; 843845; 1088; 536; 75; 43844; 10
4; r; 849608; 1088; 381; 71; 49607; 9
4; r; 861772; 1088; 987; 102; 61771; 2
4; r; 863053; 1088; 179; 58; 63052; 8
4; r; 868175; 1088; 147; 55; 68174; 13
4; r; 873938; 1088; 797; 95; 73937; 9
4; r; 875859; 1088; 781; 93; 75858; 4
4; r; 876499; 1088; 230; 60; 76498; 10
4; r; 878420; 1088; 758; 90; 78419; 3
4; r; 883542; 1088; 757; 89; 83541; 5
4; r; 884183; 1088; 135; 54; 84182; 13
4; r; 895068; 1088; 640; 82; 95067; 7
4; r; 900191; 1088; 630; 80; 100190; 16
4; r; 904673; 1088; 557; 77; 104672; 5
4; r; 907875; 1088; 676; 83; 107874; 7
4; r; 919403; 1088; 374; 70; 119402; 9
4; r; 920043; 1088; 287; 65; 120042; 11
4; r; 920684; 1088; 406; 73; 120683; 10
4; r; 921324; 1088; 54; 50; 121323; 10
4; r; 927088; 1088; 289; 66; 127087; 9
4; r; 931571; 1088; 732; 87; 131570; 11
4; r; 934773; 1088; 891; 97; 134772; 12
4; r; 936694; 1088; 831; 96; 136693; 21
4; r; 938616; 1088; 767; 91; 138615; 10
4; r; 944379; 1088; 989; 103; 144378; 9
4; r; 945660; 1088; 941; 99; 145659; 4
4; r; 946300; 1088; 893; 98; 146299; 16
4; r; 946941; 1088; 62; 51; 146940; 16
4; r; 952064; 1088; 261; 63; 152063; 8
4; r; 956547; 1088; 125; 53; 156546; 13
4; r; 958469; 1088; 338; 67; 158468; 14
4; r; 960390; 1088; 47; 49; 160389; 10
4; r; 975760; 1088; 158; 56; 175759; 12
4; r; 977041; 1088; 961; 100; 177040; 14
4; r; 978322; 1088; 698; 84; 178321; 13
4; r; 980243; 1088; 14; 48; 180242; 18
4; r; 981525; 1088; 562; 78; 181524; 12
4; r; 986650; 1088; 355; 69; 186649; 7
4; r; 989853; 1088; 253; 62; 189852; 14
4; r; 999464; 1088; 341; 68; 199463; 13
4; r; 1423271; 1088; 726; 86; 623270; 23
4; r; 1436081; 1088; 974; 101; 636080; 21
4; r; 1437362; 1088; 425; 74; 637361; 20
4; r; 1442486; 1088; 1078; 106; 642485; 21
4; r; 1486048; 1088; 107; 52; 686047; 25
5; r; 3842; 1088; 575; 33; 3841; 7
5; r; 9605; 1088; 520; 30; 9604; 4
5; r; 17287; 1088; 885; 52; 17286; 2
5; r; 17927; 1088; 836; 49; 17926; 10
5; r; 33292; 1088; 185; 7; 33291; 7
5; r; 35853; 1088; 669; 38; 35852; 7
5; r; 36493; 1088; 366; 21; 36492; 13
5; r; 39694; 1088; 929; 54; 39693; 11
5; r; 52501; 1088; 813; 44; 52500; 3
5; r; 53141; 1088; 1010; 61; 53140; 5
5; r; 59545; 1088; 1045; 63; 59544; 2
5; r; 64667; 1088; 523; 31; 64666; 5
5; r; 65948; 1088; 710; 40; 65947; 7
5; r; 67869; 1088; 919; 53; 67868; 1
5; r; 72351; 1088; 233; 10; 72350; 12
5; r; 78113; 1088; 115; 4; 78112; 11
5; r; 82596; 1088; 221; 8; 82595; 9
5; r; 87078; 1088; 348; 15; 87077; 10
5; r; 88359; 1088; 1025; 62; 88358; 10
5; r; 94763; 1088; 692; 39; 94762; 3
5; r; 101166; 1088; 1067; 64; 101165; 8
5; r; 102447; 1088; 967; 58; 102446; 5
5; r; 108212; 1088; 501; 29; 108211; 16
5; r; 115896; 1088; 349; 16; 115895; 7
5; r; 117177; 1088; 537; 32; 117176; 11
5; r; 121020; 1088; 588; 34; 121019; 8
5; r; 121660; 1088; 408; 26; 121659; 12
5; r; 122941; 1088; 934; 55; 122940; 14
5; r; 126784; 1088; 828; 47; 126783; 11
5; r; 130627; 1088; 972; 59; 130626; 9
5; r; 143435; 1088; 365; 20; 143434; 9
5; r; 145997; 1088; 628; 36; 145996; 13
5; r; 147278; 1088; 49; 2; 147277; 10
5; r; 152402; 1088; 443; 27; 152401; 8
5; r; 153042; 1088; 356; 18; 153041; 13
5; r; 154964; 1088; 309; 13; 154963; 15
5; r; 158166; 1088; 1000; 60; 158165; 9
5; r; 162008; 1088; 835; 48; 162007; 12
5; r; 167132; 1088; 72; 3; 167131; 11
5; r; 170335; 1088; 734; 42; 170334; 10
5; r; 179942; 1088; 173; 6; 179941; 10
5; r; 185705; 1088; 17; 1; 185704; 14
5; r; 186986; 1088; 935; 56; 186985; 10
5; r; 189548; 1088; 608; 35; 189547; 12
5; r; 192110; 1088; 840; 50; 192109; 9
5; r; 632605; 1088; 314; 14; 632604; 16
5; r; 640292; 1088; 281; 12; 640291; 15
5; r; 663991; 1088; 730; 41; 663990; 20
5; r; 698586; 1088; 816; 45; 698585; 29
5; r; 699867; 1088; 820; 46; 699866; 18
5; r; 808323; 1088; 718; 96; 8322; 3
5; r; 814725; 1088; 1082; 112; 14724; 1
5; r; 821767; 1088; 978; 108; 21766; 3
5; r; 839693; 1088; 42; 66; 39692; 15
5; r; 843534; 1088; 389; 77; 43533; 7
5; r; 846736; 1088; 631; 91; 46735; 8
5; r; 849297; 1088; 578; 85; 49296; 9
5; r; 853779; 1088; 988; 109; 53778; 1
5; r; 864663; 1088; 620; 89; 64662; 5
5; r; 865303; 1088; 844; 101; 65302; 4
5; r; 873627; 1088; 587; 86; 73626; 5
5; r; 876828; 1088; 473; 83; 76827; 8
5; r; 878109; 1088; 857; 102; 78108; 2
5; r; 881951; 1088; 1077; 111; 81950; 3
5; r; 883232; 1088; 945; 104; 83231; 4
5; r; 885153; 1088; 405; 78; 85152; 8
5; r; 887715; 1088; 790; 99; 87714; 4
5; r; 888996; 1088; 690; 94; 88995; 4
5; r; 891557; 1088; 26; 65; 91556; 10
5; r; 892198; 1088; 691; 95; 92197; 3
5; r; 894759; 1088; 456; 82; 94758; 7
5; r; 901164; 1088; 370; 76; 101163; 14
5; r; 907568; 1088; 642; 92; 107567; 7
5; r; 912691; 1088; 410; 79; 112690; 9
5; r; 914612; 1088; 779; 98; 114611; 6
5; r; 922295; 1088; 606; 88; 122294; 12
5; r; 922935; 1088; 104; 69; 122934; 15
5; r; 923575; 1088; 762; 97; 123574; 9
5; r; 930621; 1088; 100; 68; 130620; 15
5; r; 933183; 1088; 358; 75; 133182; 12
5; r; 938947; 1088; 629; 90; 138946; 9
5; r; 947275; 1088; 436; 81; 147274; 16
5; r; 949836; 1088; 554; 84; 149835; 15
5; r; 965211; 1088; 959; 106; 165210; 12
5; r; 969055; 1088; 333; 73; 169054; 16
5; r; 970335; 1088; 352; 74; 170334; 13
5; r; 1423408; 1088; 672; 93; 623407; 25
6; r; 7684; 1088; 459; 27; 7683; 10
6; r; 17927; 1088; 654; 37; 17926; 4
6; r; 19848; 1088; 708; 39; 19847; 5
6; r; 20488; 1088; 850; 48; 20487; 2
6; r; 25610; 1088; 1036; 61; 25609; 6
6; r; 30092; 1088; 895; 51; 30091; 17
6; r; 32013; 1088; 403; 25; 32012; 7
6; r; 44178; 1088; 1038; 62; 44177; 10
6; r; 44819; 1088; 988; 58; 44818; 1
6; r; 46740; 1088; 819; 47; 46739; 2
6; r; 65949; 1088; 919; 52; 65948; 2
6; r; 80035; 1088; 435; 26; 80034; 10
6; r; 87718; 1088; 328; 18; 87717; 11
6; r; 88999; 1088; 646; 36; 88998; 13
6; r; 101167; 1088; 141; 4; 101166; 14
6; r; 103089; 1088; 351; 19; 103088; 7
6; r; 105650; 1088; 123; 2; 105649; 8
6; r; 109493; 1088; 231; 13; 109492; 15
6; r; 112055; 1088; 632; 35; 112054; 8
6; r; 113336; 1088; 1077; 69; 113335; 3
6; r; 117819; 1088; 724; 40; 117818; 5
6; r; 123583; 1088; 222; 12; 123582; 11
6; r; 124864; 1088; 755; 43; 124863; 4
6; r; 126785; 1088; 700; 38; 126784; 13
6; r; 127425; 1088; 793; 45; 127424; 14
6; r; 133190; 1088; 754; 42; 133189; 8
6; r; 134471; 1088; 1049; 64; 134470; 4
6; r; 138313; 1088; 1075; 68; 138312; 8
6; r; 140875; 1088; 59; 0; 140874; 11
6; r; 143437; 1088; 1065; 66; 143436; 9
6; r; 148561; 1088; 162; 6; 148560; 9
6; r; 151123; 1088; 387; 24; 151122; 7
6; r; 152404; 1088; 932; 55; 152403; 8
6; r; 156887; 1088; 739; 41; 156886; 8
6; r; 160089; 1088; 203; 11; 160088; 12
6; r; 160730; 1088; 600; 34; 160729; 13
6; r; 165854; 1088; 1043; 63; 165853; 8
6; r; 167775; 1088; 560; 31; 167774; 9
6; r; 171618; 1088; 371; 22; 171617; 12
6; r; 176101; 1088; 163; 7; 176100; 9
6; r; 179303; 1088; 60; 1; 179302; 11
6; r; 183146; 1088; 147; 5; 183145; 12
6; r; 186988; 1088; 170; 8; 186987; 10
6; r; 588253; 1088; 374; 23; 588252; 14
6; r; 590175; 1088; 920; 53; 590174; 25
6; r; 590816; 1088; 1009; 60; 590815; 17
6; r; 600423; 1088; 476; 29; 600422; 17
6; r; 604906; 1088; 244; 15; 604905; 20
6; r; 609390; 1088; 930; 54; 609389; 15
6; r; 624761; 1088; 128; 3; 624760; 25
6; r; 651022; 1088; 872; 49; 651021; 18
6; r; 658066; 1088; 779; 44; 658065; 26
6; r; 659987; 1088; 183; 9; 659986; 17
6; r; 666391; 1088; 810; 46; 666390; 22
6; r; 679840; 1088; 939; 56; 679839; 28
6; r; 782980; 1088; 545; 30; 782979; 27
6; r; 807963; 1088; 639; 104; 7962; 6
6; r; 811805; 1088; 287; 87; 11804; 6
6; r; 818848; 1088; 585; 103; 18847; 5
6; r; 827171; 1088; 305; 88; 27170; 9
6; r; 830372; 1088; 480; 97; 30371; 9
6; r; 833573; 1088; 977; 125; 33572; 3
6; r; 834213; 1088; 819; 116; 34212; 2
6; r; 834854; 1088; 1046; 129; 34853; 2
6; r; 852782; 1088; 739; 110; 52781; 9
6; r; 855984; 1088; 148; 78; 55983; 10
6; r; 859826; 1088; 328; 89; 59825; 6
6; r; 864308; 1088; 580; 102; 64307; 8
6; r; 873273; 1088; 1055; 131; 73272; 4
6; r; 879676; 1088; 426; 91; 79675; 8
6; r; 880957; 1088; 1070; 132; 80956; 6
6; r; 883519; 1088; 440; 93; 83518; 8
6; r; 891843; 1088; 385; 90; 91842; 7
6; r; 892483; 1088; 153; 79; 92482; 7
6; r; 893764; 1088; 801; 114; 93763; 6
6; r; 907211; 1088; 741; 111; 107210; 8
6; r; 909132; 1088; 883; 119; 109131; 3
6; r; 912334; 1088; 915; 122; 112333; 4
6; r; 915536; 1088; 80; 75; 115535; 10
6; r; 918739; 1088; 201; 83; 118738; 14
6; r; 922582; 1088; 692; 106; 122581; 4
6; r; 934751; 1088; 45; 72; 134750; 9
6; r; 941794; 1088; 455; 95; 141793; 11
6; r; 943075; 1088; 909; 121; 143074; 7
6; r; 949479; 1088; 442; 94; 149478; 10
6; r; 954603; 1088; 283; 86; 154602; 8
6; r; 959727; 1088; 190; 82; 159726; 11
6; r; 969975; 1088; 175; 81; 169974; 10
6; r; 971896; 1088; 559; 100; 171895; 9
6; r; 976379; 1088; 806; 115; 176378; 10
6; r; 984067; 1088; 435; 92; 184066; 15
6; r; 986628; 1088; 3; 71; 186627; 12
6; r; 1438715; 1088; 478; 96; 638714; 20
6; r; 1445121; 1088; 721; 108; 645120; 24
6; r; 1448324; 1088; 50; 73; 648323; 15
6; r; 1458576; 1088; 2; 70; 658575; 27
7; r; 8323; 1088; 857; 55; 8322; 2
7; r; 8963; 1088; 724; 48; 8962; 5
7; r; 12164; 1088; 651; 43; 12163; 4
7; r; 25610; 1088; 492; 38; 25609; 4
7; r; 40975; 1088; 922; 56; 40974; 1
7; r; 46097; 1088; 808; 52; 46096; 5
7; r; 48658; 1088; 181; 13; 48657; 13
7; r; 49298; 1088; 731; 49; 49297; 7
7; r; 50579; 1088; 471; 36; 50578; 9
7; r; 52500; 1088; 123; 9; 52499; 8
7; r; 55702; 1088; 951; 59; 55701; 1
7; r; 62105; 1088; 226; 15; 62104; 9
7; r; 63386; 1088; 923; 57; 63385; 1
7; r; 65306; 1088; 467; 35; 65305; 9
7; r; 67868; 1088; 315; 21; 67867; 9
7; r; 68508; 1088; 924; 58; 68507; 10
7; r; 77473; 1088; 1018; 63; 77472; 2
7; r; 80035; 1088; 844; 54; 80034; 4
7; r; 83877; 1088; 196; 14; 83876; 7
7; r; 84518; 1088; 439; 33; 84517; 11
7; r; 511875; 1088; 429; 30; 511874; 13
7; r; 520840; 1088; 245; 16; 520839; 13
7; r; 536855; 1088; 704; 46; 536854; 12
7; r; 561842; 1088; 1034; 64; 561841; 21
7; r; 572094; 1088; 698; 44; 572093; 15
7; r; 584907; 1088; 774; 50; 584906; 18
7; r; 609887; 1088; 143; 10; 609886; 24
7; r; 611168; 1088; 716; 47; 611167; 24
7; r; 619495; 1088; 266; 17; 619494; 14
7; r; 633588; 1088; 491; 37; 633587; 23
7; r; 650242; 1088; 775; 51; 650241; 17
7; r; 661771; 1088; 393; 27; 661770; 31
7; r; 669458; 1088; 115; 8; 669457; 19
7; r; 692525; 1088; 391; 26; 692524; 35
7; r; 811084; 1088; 835; 99; 11083; 6
7; r; 820046; 1088; 560; 88; 20045; 4
7; r; 824527; 1088; 440; 83; 24526; 9
7; r; 842454; 1088; 350; 78; 42453; 7
7; r; 845015; 1088; 984; 105; 45014; 1
7; r; 845655; 1088; 357; 79; 45654; 9
7; r; 846936; 1088; 339; 77; 46935; 9
7; r; 849497; 1088; 951; 102; 49496; 1
7; r; 860382; 1088; 956; 103; 60381; 1
7; r; 869345; 1088; 641; 90; 69344; 6
7; r; 878309; 1088; 383; 81; 78308; 9
7; r; 885352; 1088; 195; 74; 85351; 10
7; r; 1305174; 1088; 531; 86; 505173; 13
7; r; 1325041; 1088; 1067; 107; 525040; 21
7; r; 1326323; 1088; 570; 89; 526322; 8
7; r; 1335937; 1088; 185; 73; 535936; 11
7; r; 1382835; 1088; 957; 104; 582834; 12
7; r; 1387962; 1088; 882; 100; 587961; 24
7; r; 1388604; 1088; 43; 67; 588603; 22
7; r; 1409747; 1088; 553; 87; 609746; 23
7; r; 1434118; 1088; 695; 94; 634117; 25
8; r; 5122; 1088; 785; 50; 5121; 2
8; r; 17286; 1088; 784; 49; 17285; 4
8; r; 22408; 1088; 224; 16; 22407; 7
8; r; 33293; 1088; 836; 58; 33292; 9
8; r; 35854; 1088; 540; 35; 35853; 7
8; r; 38415; 1088; 1030; 70; 38414; 7
8; r; 44178; 1088; 1079; 73; 44177; 2
8; r; 65308; 1088; 172; 13; 65307; 14
8; r; 70430; 1088; 886; 61; 70429; 3
8; r; 78113; 1088; 545; 37; 78112; 7
8; r; 89639; 1088; 831; 56; 89638; 14
8; r; 101165; 1088; 786; 51; 101164; 5
8; r; 101806; 1088; 742; 47; 101805; 7
8; r; 106289; 1088; 10; 1; 106288; 17
8; r; 107570; 1088; 809; 54; 107569; 9
8; r; 108211; 1088; 684; 43; 108210; 6
8; r; 116536; 1088; 312; 19; 116535; 11
8; r; 127423; 1088; 553; 38; 127422; 11
8; r; 139591; 1088; 347; 21; 139590; 6
8; r; 146635; 1088; 368; 24; 146634; 13
8; r; 147916; 1088; 1032; 71; 147915; 9
8; r; 150478; 1088; 118; 9; 150477; 11
8; r; 155602; 1088; 584; 39; 155601; 10
8; r; 157523; 1088; 438; 27; 157522; 10
8; r; 160085; 1088; 25; 2; 160084; 10
8; r; 162006; 1088; 134; 11; 162005; 16
8; r; 165849; 1088; 643; 42; 165848; 10
8; r; 167130; 1088; 704; 44; 167129; 8
8; r; 168411; 1088; 311; 18; 168410; 7
8; r; 169051; 1088; 541; 36; 169050; 9
8; r; 590902; 1088; 983; 66; 590901; 24
8; r; 600509; 1088; 729; 45; 600508; 21
8; r; 601790; 1088; 1010; 69; 601789; 17
8; r; 602431; 1088; 55; 5; 602430; 13
8; r; 607555; 1088; 865; 59; 607554; 28
8; r; 613318; 1088; 456; 29; 613317; 21
8; r; 622926; 1088; 531; 33; 622925; 17
8; r; 633813; 1088; 521; 32; 633812; 11
8; r; 635734; 1088; 470; 30; 635733; 19
8; r; 641498; 1088; 2; 0; 641497; 25
8; r; 647904; 1088; 76; 8; 647903; 27
8; r; 649185; 1088; 986; 67; 649184; 20
8; r; 653028; 1088; 800; 52; 653027; 19
8; r; 653669; 1088; 925; 64; 653668; 20
8; r; 661354; 1088; 631; 41; 661353; 18
8; r; 662635; 1088; 1062; 72; 662634; 26
8; r; 676726; 1088; 128; 10; 676725; 18
8; r; 678007; 1088; 539; 34; 678006; 18
8; r; 685052; 1088; 772; 48; 685051; 20
8; r; 686334; 1088; 228; 17; 686333; 16
8; r; 696581; 1088; 509; 31; 696580; 21
8; r; 699784; 1088; 924; 63; 699783; 28
8; r; 811261; 1088; 175; 80; 11260; 11
8; r; 817023; 1088; 771; 114; 17022; 8
8; r; 832388; 1088; 459; 89; 32387; 6
8; r; 837510; 1088; 716; 111; 37509; 3
8; r; 840071; 1088; 124; 76; 40070; 9
8; r; 845834; 1088; 486; 91; 45833; 5
8; r; 854798; 1088; 707; 110; 54797; 5
8; r; 856079; 1088; 634; 106; 56078; 8
8; r; 857359; 1088; 898; 119; 57358; 6
8; r; 866323; 1088; 524; 95; 66322; 3
8; r; 868244; 1088; 546; 98; 68243; 5
8; r; 870165; 1088; 491; 92; 70164; 5
8; r; 884252; 1088; 820; 117; 84251; 3
8; r; 886173; 1088; 598; 103; 86172; 11
8; r; 890656; 1088; 938; 120; 90655; 4
8; r; 892577; 1088; 233; 82; 92576; 11
8; r; 903462; 1088; 580; 101; 103461; 8
8; r; 908585; 1088; 501; 93; 108584; 11
8; r; 914988; 1088; 773; 115; 114987; 8
8; r; 917550; 1088; 698; 108; 117549; 9
8; r; 918831; 1088; 570; 100; 118830; 12
8; r; 922673; 1088; 700; 109; 122672; 9
8; r; 923954; 1088; 723; 112; 123953; 5
8; r; 925875; 1088; 966; 122; 125874; 15
8; r; 927155; 1088; 627; 105; 127154; 10
8; r; 938683; 1088; 532; 96; 138682; 15
8; r; 947009; 1088; 543; 97; 147008; 12
8; r; 947649; 1088; 125; 77; 147648; 12
8; r; 950851; 1088; 424; 88; 150850; 10
8; r; 955975; 1088; 75; 75; 155974; 11
8; r; 959177; 1088; 1007; 123; 159176; 9
8; r; 961740; 1088; 731; 113; 161739; 13
8; r; 962380; 1088; 258; 83; 162379; 9
8; r; 968145; 1088; 523; 94; 168144; 10
8; r; 970066; 1088; 304; 85; 170065; 13
8; r; 1385173; 1088; 355; 87; 585172; 22
8; r; 1398623; 1088; 560; 99; 598622; 24
8; r; 1410792; 1088; 1071; 125; 610791; 20
8; r; 1415275; 1088; 780; 116; 615274; 23
8; r; 1430010; 1088; 330; 86; 630009; 19
8; r; 1435776; 1088; 69; 74; 635775; 23
8; r; 1440260; 1088; 482; 90; 640259; 30
8; r; 1454354; 1088; 669; 107; 654353; 20
9; r; 1922; 1088; 884; 39; 1921; 2
9; r; 5123; 1088; 758; 30; 5122; 2
9; r; 18568; 1088; 238; 8; 18567; 7
9; r; 20489; 1088; 834; 35; 20488; 11
9; r; 23689; 1088; 810; 32; 23688; 7
9; r; 24970; 1088; 890; 40; 24969; 1
9; r; 28812; 1088; 592; 20; 28811; 5
9; r; 29452; 1088; 791; 31; 29451; 2
9; r; 31373; 1088; 672; 23; 31372; 8
9; r; 34574; 1088; 689; 25; 34573; 5
9; r; 38416; 1088; 1011; 46; 38415; 3
9; r; 41617; 1088; 475; 15; 41616; 9
9; r; 44178; 1088; 380; 12; 44177; 7
9; r; 58265; 1088; 84; 2; 58264; 10
9; r; 62107; 1088; 593; 21; 62106; 6
9; r; 68509; 1088; 813; 33; 68508; 8
9; r; 70431; 1088; 737; 26; 70430; 6
9; r; 72352; 1088; 742; 27; 72351; 5
9; r; 73633; 1088; 870; 37; 73632; 6
9; r; 75554; 1088; 744; 28; 75553; 4
9; r; 84519; 1088; 196; 5; 84518; 14
9; r; 86440; 1088; 582; 19; 86439; 6
9; r; 93483; 1088; 493; 16; 93482; 7
9; r; 96045; 1088; 288; 10; 96044; 7
9; r; 100528; 1088; 905; 42; 100527; 7
9; r; 112054; 1088; 684; 24; 112053; 5
9; r; 112694; 1088; 29; 1; 112693; 15
9; r; 115256; 1088; 520; 17; 115255; 8
9; r; 118458; 1088; 528; 18; 118457; 11
9; r; 120379; 1088; 455; 14; 120378; 8
9; r; 126783; 1088; 893; 41; 126782; 10
9; r; 128064; 1088; 264; 9; 128063; 10
9; r; 146636; 1088; 750; 29; 146635; 9
9; r; 147277; 1088; 833; 34; 147276; 11
9; r; 154322; 1088; 112; 3; 154321; 11
9; r; 159446; 1088; 944; 44; 159445; 6
9; r; 162009; 1088; 873; 38; 162008; 11
9; r; 163290; 1088; 997; 45; 163289; 16
9; r; 176743; 1088; 202; 6; 176742; 16
9; r; 696945; 1088; 600; 22; 696944; 27
9; r; 711685; 1088; 208; 7; 711684; 32
9; r; 718095; 1088; 410; 13; 718094; 30
9; r; 738609; 1088; 1073; 48; 738608; 42
9; r; 743737; 1088; 159; 4; 743736; 41
9; r; 800137; 1088; 1050; 96; 136; 1
9; r; 807179; 1088; 915; 88; 7178; 3
9; r; 810380; 1088; 655; 75; 10379; 3
9; r; 825745; 1088; 1078; 97; 25744; 5
9; r; 827666; 1088; 1006; 94; 27665; 7
9; r; 828947; 1088; 206; 55; 28946; 11
9; r; 837270; 1088; 373; 62; 37269; 17
9; r; 837910; 1088; 790; 83; 37909; 4
9; r; 839191; 1088; 705; 77; 39190; 9
9; r; 843673; 1088; 953; 90; 43672; 2
9; r; 859679; 1088; 865; 87; 59678; 9
9; r; 864162; 1088; 177; 54; 64161; 12
9; r; 864802; 1088; 753; 80; 64801; 2
9; r; 866723; 1088; 306; 59; 66722; 12
9; r; 868004; 1088; 560; 69; 68003; 5
9; r; 870565; 1088; 545; 68; 70564; 8
9; r; 874407; 1088; 1022; 95; 74406; 1
9; r; 880170; 1088; 982; 93; 80169; 2
9; r; 884652; 1088; 139; 53; 84651; 10
9; r; 885293; 1088; 738; 79; 85292; 7
9; r; 889135; 1088; 78; 50; 89134; 9
9; r; 892337; 1088; 240; 58; 92336; 17
9; r; 894898; 1088; 587; 72; 94897; 7
9; r; 897459; 1088; 666; 76; 97458; 10
9; r; 898100; 1088; 606; 74; 98099; 6
9; r; 912187; 1088; 337; 61; 112186; 14
9; r; 913467; 1088; 456; 66; 113466; 13
9; r; 919871; 1088; 407; 63; 119870; 9
9; r; 920511; 1088; 438; 65; 120510; 13
9; r; 924354; 1088; 569; 71; 124353; 8
9; r; 926275; 1088; 323; 60; 126274; 6
9; r; 927556; 1088; 735; 78; 127555; 10
9; r; 928837; 1088; 762; 81; 128836; 14
9; r; 937162; 1088; 127; 52; 137161; 11
9; r; 942926; 1088; 538; 67; 142925; 10
9; r; 943567; 1088; 414; 64; 143566; 10
9; r; 945488; 1088; 562; 70; 145487; 14
9; r; 949331; 1088; 121; 51; 149330; 14
9; r; 951893; 1088; 969; 92; 151892; 6
9; r; 952534; 1088; 54; 49; 152533; 18
9; r; 958299; 1088; 231; 56; 158298; 13
9; r; 960861; 1088; 801; 85; 160860; 9
9; r; 1493808; 1088; 963; 91; 693807; 31
9; r; 1509845; 1088; 850; 86; 709844; 38
